26.5
26.5
26.5
26.5
26.5
26.5
26.5
27.3333333333
27.2666666667
27.1333333333
27.0666666667
26.9333333333
26.9333333333
26.9333333333
26.8
26.6666666667
26.6
26.4666666667
26.3333333333
26.2666666667
26.2
26.2
26.2666666667
26.3333333333
26.4
26.3333333333
26.4666666667
26.6
26.6666666667
26.8
26.9333333333
27.0666666667
27.2
27.4
27.5333333333
27.6
27.8
27.8666666667
27.9333333333
28.0
28.1333333333
28.1333333333
28.1333333333
28.2
28.2
28.2
28.2
28.2
28.1333333333
28.1333333333
28.1333333333
28.0
28.0
28.1333333333
28.1333333333
28.2
28.2666666667
28.2666666667
28.2666666667
28.3333333333
28.3333333333
28.3333333333
28.4
28.4666666667
28.6
28.7333333333
28.8
28.6666666667
28.4
28.4
28.4
28.4
28.4666666667
28.4666666667
28.4666666667
28.5333333333
28.6
28.6666666667
28.7333333333
28.7333333333
28.7333333333
28.7333333333
29.0
29.2666666667
29.4
29.4666666667
29.4666666667
29.2666666667
29.3333333333
29.4
29.4666666667
29.5333333333
29.4666666667
29.4
29.2
29.2
29.2
29.2
29.1333333333
29.0
28.8666666667
28.9333333333
29.1333333333
29.0666666667
29.0666666667
29.0666666667
29.0666666667
29.1333333333
29.2
29.4
29.4
29.4666666667
29.4
29.3333333333
29.4666666667
29.6666666667
29.6666666667
29.7333333333
29.8666666667
29.8666666667
29.7333333333
29.7333333333
29.8
29.8
29.7333333333
29.7333333333
29.6666666667
29.7333333333
29.7333333333
29.6666666667
29.4
29.2666666667
29.2
29.2
29.2
29.2
29.1333333333
29.0666666667
29.0666666667
29.0666666667
29.0666666667
29.1333333333
29.0666666667
29.2
29.2666666667
29.4
29.5333333333
29.4
29.2666666667
29.1333333333
29.2
29.2666666667
29.3333333333
29.4666666667
29.6
29.5333333333
29.6
29.4666666667
29.4666666667
29.6
29.7333333333
29.6666666667
29.8666666667
30.1333333333
30.4
30.4666666667
30.5333333333
30.4666666667
30.2
30.1333333333
30.0666666667
30.0
30.0666666667
29.9333333333
29.8
29.7333333333
29.8
29.6666666667
29.4
29.2666666667
29.1333333333
28.9333333333
28.6666666667
28.8
28.7333333333
28.7333333333
28.7333333333
29.0
29.2
29.2
29.0666666667
29.0666666667
29.2
29.3333333333
29.3333333333
29.4666666667
29.6
29.8666666667
29.9333333333
30.0666666667
30.0666666667
30.0666666667
29.8
29.6666666667
29.5333333333
29.6666666667
29.5333333333
29.5333333333
29.5333333333
29.2666666667
29.1333333333
29.0666666667
28.9333333333
28.8666666667
28.7333333333
28.7333333333
28.5333333333
28.4666666667
28.3333333333
28.2
28.0666666667
28.1333333333
28.1333333333
28.0666666667
28.2666666667
28.2666666667
28.2666666667
28.4
28.2666666667
28.2
28.2
28.2666666667
28.2666666667
28.2666666667
28.4
28.4666666667
28.5333333333
28.5333333333
28.4666666667
28.4666666667
28.4666666667
28.4
28.4
28.5333333333
28.6666666667
28.8
28.7333333333
28.8
29.0
29.1333333333
29.2
29.2
29.1333333333
29.2666666667
29.3333333333
29.4666666667
29.5333333333
29.5333333333
29.5333333333
29.5333333333
29.2666666667
29.4666666667
29.6
29.6
29.6
29.6
29.6
29.6666666667
29.6666666667
29.4666666667
29.3333333333
29.3333333333
29.3333333333
29.3333333333
29.3333333333
29.6
29.6
29.6
29.6
29.6
29.6
29.5333333333
29.4666666667
29.3333333333
29.4666666667
29.6
29.5333333333
29.2666666667
29.2666666667
29.2666666667
29.2666666667
29.2666666667
29.2
29.0666666667
29.0666666667
29.0666666667
29.1333333333
29.2
29.3333333333
29.4
29.4
29.4666666667
29.5333333333
29.4
29.2666666667
29.1333333333
29.0
28.9333333333
28.9333333333
28.9333333333
28.8
28.7333333333
28.6
28.4666666667
28.2
28.0666666667
28.0666666667
28.1333333333
28.2
28.2666666667
28.2666666667
28.3333333333
28.4
28.4666666667
28.4
28.4
28.3333333333
28.2
28.3333333333
28.6
28.4666666667
28.4666666667
28.4
28.4666666667
28.4
28.4666666667
28.5333333333
28.5333333333
28.5333333333
28.5333333333
28.6666666667
28.7333333333
28.8666666667
28.7333333333
28.6666666667
28.6666666667
28.6
28.7333333333
28.6
28.6
28.5333333333
28.4
28.2
28.0666666667
28.0
27.7333333333
27.5333333333
25.6
25.6
25.6
25.6
25.6
25.6
25.6
25.6
