28
28
29
28
28
30
30
28
28
28
28
29
28
28
28
28
28
29
24
25
28
26
28
28
28
28
28
28
28
28
28
29
30
26
26
27
28
28
28
28
24
26
27
28
26
27
28
25
28
27
28
28
29
29
28
28
29
28
30
30
29
28
29
29
28
29
29
29
29
30
29
30
30
30
30
29
30
30
30
30
30
30
30
30
29
30
30
30
30
30
30
30
30
30
30
29
29
30
30
30
28
30
30
26
30
30
28
32
28
30
28
29
29
31
30
28
30
26
30
30
29
29
28
30
28
30
28
29
30
29
29
32
32
29
31
28
30
28
30
30
30
28
30
27
30
29
30
30
28
29
29
28
30
29
30
29
30
29
30
28
30
29
31
31
31
32
32
30
31
31
31
31
32
31
32
30
28
30
29
30
28
30
28
30
28
28
30
30
30
26
29
28
28
28
28
28
29
28
26
29
30
30
30
30
30
29
28
26
29
27
29
29
26
28
30
28
27
28
29
26
29
28
27
28
26
28
30
29
29
29
28
29
29
29
30
30
30
28
30
29
29
29
30
28
28
28
27
26
26
26
27
28
26
28
29
29
30
26
28
28
29
30
30
30
30
30
30
26
27
29
30
28
28
30
27
29
29
28
28
29
30
28
29
28
28
30
27
27
30
29
29
29
28
28
28
29
28
29
29
28
28
28
28
29
28
28
28
28
28
28
29
29
28
27
28
26
28
26
28
28
27
28
29
28
29
28
27
28
28
28
29
28
29
28
27
26
27
26
28
26
28
26
28
29
28
28
29
28
28
30
30
28
26
26
27
28
26
28
28
28
28
28
26
27
26
