27
28
28
28
26
26
28
28
27
28
28
27
28
27
26
26
26
27
26
26
26
26
26
26
26
26
26
27
27
27
27
27
26
28
28
27
28
28
28
28
29
28
28
30
28
28
28
28
28
28
28
28
28
28
28
28
28
28
28
28
30
28
29
29
28
28
29
28
28
29
29
30
30
29
26
26
28
29
29
29
28
29
29
29
30
30
30
30
29
30
30
30
30
29
26
29
30
30
30
29
29
27
30
29
30
29
28
28
30
29
28
30
30
30
30
30
30
30
30
29
28
30
31
30
30
30
30
28
30
31
30
29
30
29
30
28
29
27
28
29
30
30
28
29
30
30
29
30
30
29
30
30
29
30
27
28
28
29
30
31
32
31
29
31
27
30
32
31
29
30
32
32
30
31
30
28
30
28
30
28
28
30
30
30
28
28
30
28
28
26
30
29
28
30
32
31
30
28
30
30
30
30
30
30
30
31
31
28
30
28
29
28
30
28
30
30
26
28
29
28
30
29
28
27
27
27
26
28
29
30
29
29
28
29
30
28
28
28
28
27
27
28
29
30
30
28
29
28
28
30
30
30
30
27
28
30
30
30
30
29
30
30
30
29
30
30
30
26
30
30
30
30
30
30
30
30
27
28
29
30
30
30
30
30
30
30
30
30
29
29
28
29
30
28
26
30
30
30
30
29
28
30
30
30
30
30
30
30
29
27
28
28
28
28
28
28
30
28
29
28
28
26
28
29
28
29
29
28
29
29
29
29
28
28
26
30
30
26
29
27
30
28
29
30
29
29
29
30
29
28
28
29
26
28
29
28
28
28
28
26
27
28
26
26
27
