0 15
1 0
2 2
3 0
4 4
5 10
6 0
7 0
8 0
9 1
10 5
11 18
12 3
13 11
14 30
15 7
16 18
17 2
18 1
19 44
20 0
21 6
22 3
23 30
24 0
25 10
26 1
27 0
28 1
29 3
30 0
31 1
32 0
33 11
34 1
35 16
36 1
37 2
38 2
39 4
40 7
41 0
42 1
43 2
44 23
45 0
46 1
47 0
48 1
49 19
50 9
51 1
52 15
53 17
54 17
55 1
56 2
57 12
58 17
59 1
60 4
61 19
62 15
63 1
64 2
65 43
66 5
67 13
68 8
69 0
70 2
71 3
72 0
73 0
74 17
75 32
76 1
77 18
78 26
79 33
80 2
81 0
82 10
83 7
84 2
85 0
86 14
87 43
88 36
89 1
90 1
91 1
92 3
93 14
94 3
95 0
96 2
97 19
98 4
99 23
100 0
101 2
102 15
103 18
104 2
105 5
106 21
107 6
108 18
109 19
110 1
111 7
112 9
113 4
114 12
115 5
116 20
117 4
118 2
119 11
120 0
121 8
122 32
123 9
124 3
125 0
126 2
127 4
128 4
129 9
130 6
131 11
132 3
133 0
134 1
135 30
136 12
137 68
138 4
139 2
140 24
141 24
142 4
143 5
144 0
145 1
146 22
147 4
148 24
149 16
150 4
151 0
152 0
153 8
154 5
155 11
156 4
157 6
158 73
159 10
160 5
161 5
162 0
163 12
164 10
165 15
166 24
167 13
168 6
169 3
170 29
171 18
172 7
173 4
174 26
175 49
176 29
177 5
178 12
179 0
180 31
181 4
182 65
183 36
184 15
185 11
186 56
187 51
188 29
189 2
190 3
191 0
192 0
193 0
194 0
195 0
196 29
197 16
198 1
199 23
200 15
201 16
202 4
203 26
204 18
205 40
206 65
207 12
208 10
209 0
210 45
211 1
212 5
213 15
214 0
215 34
216 2
217 9
218 11
219 50
220 14
221 37
222 39
223 39
224 57
225 30
226 30
227 4
228 0
229 5
230 0
231 0
232 0
233 3
234 0
235 6
236 0
237 1
238 16
239 72
240 2
241 61
242 39
243 7
244 42
245 10
246 17
247 0
248 11
249 11
250 7
251 1
252 4
253 0
254 1
255 8
256 100
257 35
258 4
259 1
260 0
261 0
262 1
263 17
264 1
265 7
266 1
267 6
268 2
269 0
270 11
271 23
272 6
273 0
274 3
275 3
276 3
277 2
278 7
279 16
280 1
281 0
282 8
283 64
284 1
285 1
286 7
287 4
288 5
289 2
290 55
291 14
292 76
293 21
294 1
295 14
296 21
297 6
298 11
299 6
300 15
301 11
302 15
303 13
304 70
305 23
306 16
307 38
308 0
309 17
310 10
311 21
312 24
313 3
314 5
315 25
316 19
317 27
318 61
319 1
320 8
321 11
322 2
323 4
324 0
325 1
326 5
327 1
328 1
329 0
330 2
331 15
332 3
333 31
334 40
335 33
336 3
337 11
338 46
339 28
340 0
341 0
342 1
343 0
344 3
345 0
346 9
347 1
348 23
349 7
350 10
351 51
352 9
353 2
354 0
355 1
356 0
357 14
358 0
359 18
360 18
361 43
362 63
363 2
364 0
365 0
366 5
367 9
368 18
369 22
370 10
371 5
372 5
373 7
374 3
375 4
376 14
377 0
378 3
379 11
380 14
381 0
382 11
383 0
384 12
385 19
386 0
387 0
388 19
389 24
390 35
391 25
392 46
393 0
394 22
395 12
396 42
397 14
398 0
399 31
400 1
401 12
402 9
403 7
404 21
405 15
406 38
407 28
408 8
409 0
410 2
411 5
412 13
413 58
414 33
415 2
416 6
417 14
418 2
419 10
420 4
421 1
422 20
423 23
424 29
425 13
426 12
427 2
428 19
429 0
430 44
431 2
432 4
433 9
434 0
435 2
436 38
437 49
438 70
439 26
440 44
441 34
442 12
443 54
444 10
445 10
446 6
447 1
448 24
449 13
450 18
451 13
452 20
453 33
454 43
455 5
456 25
457 52
458 32
459 0
460 1
461 34
462 26
463 16
464 18
465 13
466 2
467 27
468 21
469 42
470 51
471 52
472 32
473 17
474 34
475 11
476 2
477 5
478 2
479 7
480 4
481 5
482 11
483 2
484 26
485 9
486 14
487 24
488 9
489 41
490 11
491 5
492 41
493 72
494 7
495 14
496 8
497 4
498 41
499 12
500 12
501 12
502 9
503 5
504 1
505 12
506 19
507 3
508 1
509 62
510 5
511 5
512 28
513 46
514 19
515 33
516 14
517 11
518 0
519 14
520 52
521 43
522 0
523 7
524 7
525 1
526 0
527 3
528 15
529 4
530 2
531 5
532 32
533 33
534 4
535 28
536 31
537 5
538 3
539 23
540 2
541 6
542 3
543 26
544 29
545 1
546 16
547 0
548 21
549 0
550 9
551 2
552 31
553 33
554 45
555 42
556 9
557 3
558 11
559 23
560 8
561 17
562 8
563 1
564 0
565 0
566 0
567 7
568 2
569 1
570 4
571 23
572 12
573 9
574 2
575 25
576 8
577 9
578 9
579 8
580 3
581 0
582 2
583 10
584 19
585 18
586 14
587 5
588 28
589 55
590 2
591 1
592 11
593 2
594 1
595 6
596 4
597 2
598 38
599 45
600 33
601 65
602 11
603 8
604 7
605 5
606 16
607 14
608 25
609 7
610 19
611 9
612 33
613 20
614 57
615 34
616 26
617 0
618 3
619 1
620 6
621 0
622 10
623 6
624 5
625 43
626 17
627 44
628 26
629 28
630 37
631 6
632 10
633 9
634 11
635 7
636 18
637 0
638 9
639 22
640 1
641 16
642 17
643 43
644 6
645 35
646 21
647 3
648 1
649 0
650 0
651 14
652 15
653 8
654 6
655 11
656 7
657 2
658 34
659 25
660 2
661 15
662 1
663 22
664 3
665 1
666 21
667 16
668 1
669 6
670 12
671 34
672 3
673 1
674 5
675 1
676 24
677 32
678 23
679 14
680 36
681 33
682 1
683 9
684 4
685 16
686 4
687 0
688 0
689 12
690 39
691 23
692 17
693 0
694 3
695 4
696 6
697 5
698 2
699 14
700 9
701 7
702 19
703 1
704 4
705 32
706 41
707 16
708 0
709 16
710 2
711 0
712 3
713 3
714 0
715 3
716 14
717 59
718 22
719 21
720 59
721 13
722 8
723 0
724 10
725 4
726 15
727 9
728 8
729 21
730 11
731 27
732 4
733 11
734 15
735 7
736 18
737 15
738 37
739 39
740 12
741 7
742 1
743 8
744 23
745 2
746 0
747 0
748 22
749 9
750 66
751 2
752 26
753 6
754 17
755 1
756 13
757 5
758 8
759 38
760 17
761 5
762 10
763 5
764 45
765 12
766 12
767 10
768 0
769 6
770 43
771 6
772 2
773 0
774 8
775 18
776 10
777 10
778 8
779 0
780 0
781 2
782 11
783 5
784 12
785 7
786 26
787 15
788 2
789 34
790 4
791 6
792 8
793 17
794 19
795 0
796 22
797 22
798 13
799 5
800 4
801 0
802 6
803 0
804 0
805 1
806 37
807 16
808 9
809 23
810 15
811 4
812 9
813 12
814 4
815 1
816 0
817 0
818 9
819 30
820 29
821 31
822 15
823 19
824 4
825 13
826 5
827 29
828 17
829 9
830 6
831 9
832 14
833 18
834 23
835 8
836 14
837 6
838 4
839 2
840 0
841 2
842 1
843 0
844 6
845 19
846 14
847 23
848 14
849 4
850 25
851 0
852 18
853 3
854 1
855 10
856 5
857 24
858 22
859 3
860 4
861 12
862 22
863 7
864 8
865 13
866 4
867 9
868 3
869 3
870 4
871 1
872 0
873 2
874 0
875 0
876 2
877 40
878 15
879 14
880 53
881 30
882 4
883 4
884 17
885 0
886 5
887 2
888 14
889 54
890 4
891 5
892 12
893 7
894 4
895 9
896 6
897 16
898 3
899 2
900 0
901 1
902 3
903 61
904 25
905 7
906 29
907 41
908 29
909 0
910 2
911 22
912 0
913 2
914 7
915 21
916 1
917 7
918 22
919 5
920 22
921 31
922 9
923 1
924 6
925 1
926 3
927 13
928 0
929 0
930 19
931 48
932 16
933 49
934 23
935 32
936 5
937 3
938 22
939 8
940 32
941 11
942 0
943 1
944 29
945 32
946 12
947 2
948 0
949 21
950 15
951 1
952 13
953 27
954 13
955 53
956 58
957 11
958 5
959 18
960 10
961 2
962 5
963 17
964 22
965 4
966 17
967 11
968 14
969 38
970 14
971 0
972 11
973 28
974 8
975 12
976 3
977 2
978 57
979 10
980 54
981 63
982 9
983 3
984 33
985 36
986 7
987 2
988 0
989 0
990 1
991 3
992 4
993 45
994 18
995 6
996 12
997 3
998 7
999 10
1000 5
1001 13
1002 24
1003 0
1004 0
1005 0
1006 0
1007 25
1008 42
1009 0
1010 6
1011 3
1012 1
1013 0
1014 0
1015 0
1016 11
1017 32
1018 3
1019 28
1020 25
1021 41
1022 26
1023 10
1024 15
1025 5
1026 19
1027 46
1028 11
1029 3
1030 4
1031 25
1032 0
1033 1
1034 8
1035 14
1036 7
1037 6
1038 43
1039 25
1040 33
1041 21
1042 1
1043 13
1044 6
1045 7
1046 12
1047 17
1048 19
1049 1
1050 4
1051 0
1052 0
1053 0
1054 2
1055 4
1056 9
1057 11
1058 21
1059 37
1060 42
1061 9
1062 0
1063 1
1064 0
1065 2
1066 1
1067 11
1068 3
1069 7
1070 9
1071 4
1072 34
1073 14
1074 25
1075 2
1076 2
1077 0
1078 13
1079 1
1080 27
1081 15
1082 8
1083 13
1084 9
1085 4
1086 0
1087 2
1088 0
1089 0
1090 26
1091 39
1092 29
1093 44
1094 20
1095 2
1096 8
1097 2
1098 11
1099 46
1100 0
1101 3
1102 3
1103 6
1104 2
1105 4
1106 49
1107 52
1108 5
1109 0
1110 95
1111 21
1112 1
1113 16
1114 30
1115 3
1116 0
1117 5
1118 2
1119 34
1120 28
1121 26
1122 4
1123 1
1124 6
1125 1
1126 6
1127 0
1128 8
1129 16
1130 0
1131 0
1132 0
1133 13
1134 8
1135 3
1136 0
1137 0
1138 0
1139 23
1140 97
1141 57
1142 20
1143 0
1144 3
1145 0
1146 4
1147 0
1148 1
1149 37
1150 54
1151 5
1152 5
1153 8
1154 14
1155 52
1156 33
1157 23
1158 5
1159 2
1160 6
1161 1
1162 10
1163 0
1164 0
1165 0
1166 12
1167 13
1168 32
1169 4
1170 32
1171 1
1172 0
1173 4
1174 1
1175 2
1176 22
1177 49
1178 7
1179 37
1180 2
1181 22
1182 17
1183 37
1184 17
1185 25
1186 15
1187 9
1188 1
1189 0
1190 0
1191 16
1192 15
1193 0
1194 4
1195 1
1196 4
1197 0
1198 12
1199 14
1200 6
1201 0
1202 0
1203 37
1204 3
1205 1
1206 6
1207 1
1208 12
1209 4
1210 25
1211 26
1212 54
1213 3
1214 15
1215 32
1216 13
1217 54
1218 23
1219 5
1220 16
1221 10
1222 6
1223 15
1224 13
1225 3
1226 8
1227 2
1228 13
1229 25
1230 9
1231 1
1232 8
1233 14
1234 13
1235 53
1236 9
1237 10
1238 19
1239 0
1240 7
1241 0
1242 1
1243 19
1244 0
1245 9
1246 4
1247 14
1248 41
1249 67
1250 4
1251 31
1252 45
1253 56
1254 90
1255 14
1256 10
1257 4
1258 28
1259 3
1260 11
1261 2
1262 10
1263 14
1264 31
1265 22
1266 13
1267 4
1268 2
1269 1
1270 2
1271 9
1272 13
1273 10
1274 75
1275 34
1276 2
1277 6
1278 8
1279 10
1280 0
1281 1
1282 0
1283 0
1284 0
1285 0
1286 22
1287 43
1288 9
1289 35
1290 34
1291 29
1292 16
1293 15
1294 237
1295 81
1296 7
1297 1
1298 9
1299 25
1300 3
1301 0
1302 9
1303 11
1304 44
1305 8
1306 5
1307 31
1308 20
1309 16
1310 2
1311 15
1312 0
1313 0
1314 0
1315 40
1316 29
1317 34
1318 47
1319 44
1320 40
1321 79
1322 44
1323 6
1324 6
1325 11
1326 2
1327 5
1328 0
1329 8
1330 3
1331 12
1332 47
1333 13
1334 3
1335 12
1336 8
1337 29
1338 25
1339 76
1340 108
1341 16
1342 6
1343 27
1344 34
1345 8
1346 5
1347 4
1348 1
1349 8
1350 46
1351 4
1352 1
1353 38
1354 3
1355 20
1356 18
1357 4
1358 6
1359 22
1360 1
1361 0
1362 0
1363 17
1364 60
1365 66
1366 15
1367 20
1368 19
1369 46
1370 34
1371 31
1372 0
1373 6
1374 1
1375 0
1376 2
1377 3
1378 10
1379 44
1380 47
1381 8
1382 6
1383 7
1384 21
1385 12
1386 28
1387 83
1388 22
1389 4
1390 30
1391 24
1392 6
1393 5
1394 4
1395 12
1396 14
1397 10
1398 0
1399 5
1400 33
1401 20
1402 16
1403 19
1404 18
1405 6
1406 8
1407 25
1408 20
1409 29
1410 28
1411 9
1412 9
1413 0
1414 4
1415 3
1416 20
1417 28
1418 19
1419 40
1420 22
1421 58
1422 15
1423 1
1424 4
1425 1
1426 5
1427 24
1428 65
1429 83
1430 49
1431 71
1432 53
1433 19
1434 23
1435 31
1436 24
1437 48
1438 0
1439 0
1440 11
1441 13
1442 77
1443 12
1444 17
1445 28
1446 46
1447 9
1448 16
1449 8
1450 7
1451 45
1452 9
1453 29
1454 17
1455 2
1456 13
1457 51
1458 1
1459 53
1460 14
1461 7
1462 4
1463 11
1464 0
1465 8
1466 13
1467 13
1468 4
1469 3
1470 2
1471 0
1472 2
1473 3
1474 1
1475 16
1476 80
1477 143
1478 55
1479 39
1480 54
1481 41
1482 9
1483 29
1484 26
1485 0
1486 8
1487 3
1488 20
1489 20
1490 90
1491 19
1492 10
1493 21
1494 27
1495 5
1496 44
1497 49
1498 6
1499 19
1500 28
1501 9
1502 11
1503 4
1504 19
1505 40
1506 6
1507 14
1508 40
1509 5
1510 13
1511 1
1512 2
1513 6
1514 48
1515 15
1516 9
1517 1
1518 0
1519 0
1520 1
1521 1
1522 1
1523 3
1524 22
1525 70
1526 55
1527 146
1528 116
1529 80
1530 28
1531 1
1532 11
1533 41
1534 3
1535 25
1536 18
1537 17
1538 27
1539 19
1540 1
1541 22
1542 6
1543 15
1544 91
1545 52
1546 59
1547 26
1548 8
1549 17
1550 37
1551 8
1552 9
1553 21
1554 8
1555 10
1556 46
1557 92
1558 6
1559 11
1560 17
1561 59
1562 31
1563 35
1564 0
1565 1
1566 13
1567 12
1568 40
1569 0
1570 2
1571 9
1572 106
1573 232
1574 79
1575 6
1576 76
1577 32
1578 24
1579 55
1580 57
1581 24
1582 26
1583 27
1584 17
1585 4
1586 1
1587 13
1588 36
1589 4
1590 73
1591 32
1592 18
1593 22
1594 17
1595 54
1596 45
1597 5
1598 3
1599 5
1600 61
1601 21
1602 53
1603 6
1604 4
1605 0
1606 3
1607 9
1608 0
1609 0
1610 1
1611 0
1612 16
1613 21
1614 13
1615 1
1616 27
1617 96
1618 76
1619 136
1620 61
1621 101
1622 84
1623 32
1624 22
1625 3
1626 65
1627 34
1628 16
1629 38
1630 20
1631 16
1632 24
1633 16
1634 25
1635 9
1636 10
1637 16
1638 17
1639 21
1640 34
1641 7
1642 1
1643 2
1644 2
1645 60
1646 112
1647 21
1648 35
1649 18
1650 9
1651 38
1652 92
1653 4
1654 11
1655 41
1656 45
1657 10
1658 17
1659 28
1660 15
1661 15
1662 20
1663 6
1664 22
1665 32
1666 26
1667 54
1668 42
1669 1
1670 9
1671 12
1672 0
1673 2
1674 0
1675 1
1676 1
1677 109
1678 73
1679 51
1680 64
1681 24
1682 42
1683 28
1684 19
1685 44
1686 26
1687 11
1688 17
1689 22
1690 10
1691 24
1692 6
1693 14
1694 24
1695 1
1696 11
1697 1
1698 6
1699 6
1700 3
1701 56
1702 5
1703 18
1704 0
1705 0
1706 3
1707 16
1708 0
1709 21
1710 104
1711 27
1712 17
1713 15
1714 14
1715 45
1716 30
1717 25
1718 6
1719 16
1720 1
1721 17
1722 3
1723 3
1724 6
1725 3
1726 15
1727 9
1728 38
1729 29
1730 1
1731 4
1732 2
1733 15
1734 4
1735 1
1736 10
1737 23
1738 36
1739 34
1740 20
1741 6
1742 33
1743 3
1744 14
1745 26
1746 12
1747 0
1748 3
1749 4
1750 11
1751 23
1752 35
1753 2
1754 2
1755 12
1756 6
1757 8
1758 11
1759 0
1760 1
1761 42
1762 11
1763 15
1764 18
1765 17
1766 9
1767 41
1768 20
1769 0
1770 4
1771 9
1772 18
1773 35
1774 16
1775 15
1776 14
1777 19
1778 30
1779 1
1780 6
1781 0
1782 21
1783 2
1784 4
1785 10
1786 1
1787 25
1788 12
1789 5
1790 19
1791 0
1792 25
1793 12
1794 2
1795 0
1796 4
1797 45
1798 42
1799 78
1800 64
1801 20
1802 24
1803 6
1804 15
1805 65
1806 53
1807 15
1808 17
1809 1
1810 19
1811 11
1812 5
1813 8
1814 6
1815 7
1816 4
1817 0
1818 9
1819 1
1820 17
1821 12
1822 8
1823 14
1824 46
1825 15
1826 3
1827 14
1828 19
1829 33
1830 2
1831 29
1832 7
1833 28
1834 5
1835 33
1836 15
1837 3
1838 16
1839 6
1840 10
1841 9
1842 3
1843 15
1844 45
1845 34
1846 9
1847 9
1848 28
1849 48
1850 5
1851 2
1852 7
1853 19
1854 8
1855 23
1856 15
1857 4
1858 33
1859 41
1860 9
1861 29
1862 31
1863 1
1864 10
1865 3
1866 15
1867 117
1868 27
1869 15
1870 3
1871 15
1872 54
1873 26
1874 8
1875 2
1876 5
1877 9
1878 18
1879 12
1880 1
1881 23
1882 41
1883 62
1884 34
1885 10
1886 4
1887 5
1888 1
1889 26
1890 30
1891 10
1892 18
1893 17
1894 71
1895 73
1896 37
1897 10
1898 9
1899 6
1900 34
1901 22
1902 4
1903 51
1904 15
1905 27
1906 16
1907 27
1908 9
1909 17
1910 13
1911 18
1912 41
1913 21
1914 5
1915 1
1916 2
1917 25
1918 9
1919 27
1920 10
1921 21
1922 4
1923 19
1924 21
1925 24
1926 5
1927 4
1928 4
1929 5
1930 9
1931 20
1932 7
1933 2
1934 8
1935 21
1936 28
1937 4
1938 2
1939 5
1940 25
1941 21
1942 56
1943 41
1944 8
1945 8
1946 9
1947 2
1948 10
1949 7
1950 8
1951 29
1952 16
1953 29
1954 15
1955 41
1956 6
1957 14
1958 22
1959 15
1960 9
1961 2
1962 0
1963 4
1964 54
1965 52
1966 6
1967 26
1968 47
1969 21
1970 11
1971 20
1972 43
1973 4
1974 11
1975 26
1976 9
1977 0
1978 2
1979 2
1980 24
1981 46
1982 17
1983 4
1984 8
1985 44
1986 23
1987 1
1988 2
1989 28
1990 14
1991 17
1992 18
1993 8
1994 18
1995 45
1996 59
1997 23
1998 9
1999 27
2000 23
2001 0
2002 4
2003 15
2004 38
2005 20
2006 10
2007 13
2008 12
2009 14
2010 16
2011 20
2012 7
2013 5
2014 27
2015 23
2016 39
2017 48
2018 2
2019 40
2020 13
2021 10
2022 7
2023 39
2024 61
2025 1
2026 12
2027 10
2028 13
2029 4
2030 29
2031 36
2032 19
2033 6
2034 21
2035 33
2036 51
2037 16
2038 14
2039 12
2040 6
2041 5
2042 6
2043 32
2044 7
2045 15
2046 13
2047 11
2048 33
2049 46
2050 27
2051 29
2052 2
2053 5
2054 18
2055 57
2056 9
2057 13
2058 14
2059 15
2060 13
2061 28
2062 18
2063 16
2064 3
2065 3
2066 30
2067 21
2068 0
2069 31
2070 9
2071 16
2072 41
2073 34
2074 16
2075 22
2076 35
2077 8
2078 0
2079 3
2080 26
2081 42
2082 26
2083 24
2084 14
2085 8
2086 26
2087 21
2088 27
2089 23
2090 16
2091 10
2092 12
2093 15
2094 19
2095 64
2096 18
2097 67
2098 35
2099 18
2100 11
2101 5
2102 0
2103 42
2104 44
2105 15
2106 0
2107 0
2108 9
2109 2
2110 34
2111 25
2112 41
2113 20
2114 15
2115 23
2116 14
2117 12
2118 48
2119 44
2120 6
2121 8
2122 1
2123 2
2124 42
2125 4
2126 22
2127 24
2128 34
2129 11
2130 15
2131 43
2132 44
2133 3
2134 0
2135 5
2136 1
2137 23
2138 49
2139 11
2140 4
2141 0
2142 0
2143 1
2144 30
2145 36
2146 11
2147 5
2148 49
2149 22
2150 46
2151 7
2152 30
2153 43
2154 33
2155 11
2156 1
2157 4
2158 2
2159 16
2160 45
2161 42
2162 0
2163 1
2164 7
2165 34
2166 20
2167 16
2168 8
2169 18
2170 6
2171 3
2172 29
2173 20
2174 0
2175 10
2176 1
2177 19
2178 3
2179 10
2180 5
2181 13
2182 7
2183 17
2184 5
2185 0
2186 0
2187 20
2188 8
2189 10
2190 30
2191 21
2192 8
2193 30
2194 5
2195 1
2196 0
2197 4
2198 2
2199 16
2200 8
2201 16
2202 21
2203 32
2204 9
2205 39
2206 32
2207 7
2208 1
2209 15
2210 12
2211 24
2212 53
2213 41
2214 8
2215 9
2216 1
2217 3
2218 1
2219 4
2220 16
2221 0
2222 0
2223 9
2224 25
2225 5
2226 2
2227 33
2228 23
2229 21
2230 29
2231 3
2232 9
2233 16
2234 0
2235 4
2236 1
2237 10
2238 3
2239 0
2240 0
2241 2
2242 0
2243 40
2244 17
2245 3
2246 8
2247 29
2248 52
2249 5
2250 38
2251 18
2252 4
2253 13
2254 41
2255 21
2256 26
2257 5
2258 2
2259 5
2260 28
2261 5
2262 2
2263 1
2264 1
2265 10
2266 53
2267 33
2268 33
2269 52
2270 44
2271 27
2272 0
2273 5
2274 54
2275 44
2276 20
2277 43
2278 8
2279 5
2280 1
2281 32
2282 46
2283 4
2284 0
2285 2
2286 25
2287 8
2288 9
2289 9
2290 38
2291 53
2292 3
2293 0
2294 38
2295 36
2296 9
2297 18
2298 13
2299 0
2300 16
2301 30
2302 16
2303 0
2304 8
2305 2
2306 4
2307 13
2308 43
2309 13
2310 14
2311 11
2312 8
2313 11
2314 18
2315 12
2316 51
2317 20
2318 0
2319 7
2320 38
2321 22
2322 16
2323 0
2324 0
2325 3
2326 43
2327 65
2328 12
2329 3
2330 3
2331 1
2332 7
2333 10
2334 68
2335 80
2336 12
2337 2
2338 8
2339 18
2340 21
2341 6
2342 0
2343 0
2344 12
2345 29
2346 14
2347 25
2348 4
2349 15
2350 19
2351 33
2352 30
2353 41
2354 27
2355 5
2356 20
2357 6
2358 2
2359 0
2360 0
2361 1
2362 0
2363 41
2364 35
2365 3
2366 32
2367 22
2368 7
2369 16
2370 25
2371 19
2372 15
2373 8
2374 1
2375 22
2376 26
2377 0
2378 0
2379 3
2380 6
2381 0
2382 35
2383 19
2384 14
2385 48
2386 14
2387 37
2388 60
2389 34
2390 23
2391 44
2392 6
2393 5
2394 41
2395 13
2396 4
2397 0
2398 33
2399 1
2400 4
2401 21
2402 86
2403 6
2404 13
2405 27
2406 43
2407 25
2408 12
2409 23
2410 15
2411 28
2412 22
2413 5
2414 0
2415 9
2416 2
2417 6
2418 1
2419 23
2420 39
2421 34
2422 77
2423 10
2424 19
2425 24
2426 31
2427 39
2428 46
2429 8
2430 0
2431 11
2432 32
2433 0
2434 3
2435 12
2436 10
2437 6
2438 50
2439 5
2440 15
2441 40
2442 43
2443 15
2444 16
2445 20
2446 3
2447 0
2448 0
2449 19
2450 1
2451 7
2452 2
2453 2
2454 14
2455 13
2456 19
2457 18
2458 2
2459 14
2460 3
2461 1
2462 0
2463 2
2464 15
2465 83
2466 12
2467 0
2468 5
2469 5
2470 10
2471 10
2472 7
2473 0
2474 0
2475 0
2476 0
2477 4
2478 16
2479 1
2480 5
2481 7
2482 3
2483 10
2484 11
2485 18
2486 7
2487 24
2488 4
2489 6
2490 0
2491 0
2492 0
2493 0
2494 6
2495 18
2496 6
2497 15
2498 1
2499 12
2500 7
2501 5
2502 7
2503 35
2504 1
2505 0
2506 2
2507 0
2508 1
2509 6
2510 3
2511 7
2512 5
2513 8
2514 0
2515 0
2516 4
2517 0
2518 0
2519 1
2520 4
2521 3
2522 3
2523 13
2524 0
2525 0
2526 18
2527 8
2528 0
2529 2
2530 6
2531 4
2532 1
2533 0
2534 30
2535 36
2536 7
2537 10
2538 13
2539 2
2540 0
2541 1
2542 43
2543 13
2544 15
2545 37
2546 3
2547 1
2548 11
2549 4
2550 2
2551 0
2552 15
2553 24
2554 4
2555 0
2556 0
2557 1
2558 5
2559 6
2560 16
2561 17
2562 2
2563 12
2564 3
2565 4
2566 7
2567 4
2568 1
2569 1
2570 2
2571 1
2572 0
2573 7
2574 0
2575 18
2576 1
2577 0
2578 0
2579 0
2580 0
2581 0
2582 0
2583 0
2584 0
2585 0
2586 0
2587 0
2588 0
2589 0
2590 0
2591 0
2592 0
2593 0
2594 0
2595 0
2596 0
2597 0
2598 0
