0 547
1 1640
2 625
3 1130
4 1255
5 990
6 754
7 598
8 1905
9 1457
10 629
11 556
12 647
13 590
14 582
15 995
16 560
17 1163
18 586
19 583
20 581
21 588
22 1148
23 570
24 1509
25 1210
26 555
27 558
28 1390
29 755
30 572
31 525
32 1892
33 625
34 1250
35 576
36 1221
37 985
38 568
39 568
40 570
41 562
42 581
43 594
44 654
45 1258
46 563
47 1248
48 1033
49 591
50 581
51 1021
52 577
53 561
54 575
55 566
56 544
57 579
58 592
59 573
60 1014
61 582
62 575
63 1353
64 581
65 593
66 1190
67 583
68 551
69 1413
70 571
71 549
72 1595
73 1727
74 579
75 569
76 577
77 565
78 1160
79 572
80 575
81 1419
82 979
83 562
84 1206
85 1037
86 599
87 572
88 557
89 729
90 552
91 1032
92 558
93 994
94 539
95 553
96 540
97 570
98 1880
99 562
100 582
101 1687
102 700
103 567
104 580
105 1298
106 1427
107 711
108 826
109 569
110 554
111 1316
112 599
113 537
114 618
115 555
116 968
117 574
118 1173
119 685
120 544
121 1356
122 580
123 552
124 582
125 574
126 677
127 672
128 553
129 525
130 555
131 562
132 750
133 1320
134 1575
135 1171
136 568
137 574
138 580
139 1029
140 654
141 564
142 743
143 525
144 559
145 1276
146 569
147 671
148 984
149 582
150 1035
151 0
152 1210
153 553
154 550
155 565
156 559
157 677
158 565
159 572
160 743
161 668
162 1179
163 1135
164 980
165 575
166 570
167 570
168 1022
169 1033
170 1278
171 570
172 574
173 538
174 606
175 588
176 543
177 531
178 1761
179 754
180 568
181 1329
182 596
183 1164
184 553
185 576
186 1031
187 1020
188 995
189 570
190 990
191 1057
192 992
193 553
194 1589
195 1021
196 1401
197 573
198 1116
199 588
200 547
201 1575
202 585
203 581
204 570
205 1048
206 1188
207 1009
208 995
209 582
210 1024
211 1324
212 1324
213 1214
214 639
215 591
216 574
217 1125
218 569
219 1032
220 661
221 1031
222 667
223 590
224 682
225 577
226 980
227 679
228 568
229 557
230 992
231 1262
232 1275
233 531
234 0
235 986
236 1109
237 728
238 1333
239 583
240 1212
241 647
242 542
243 583
244 1035
245 537
246 583
247 1206
248 1545
249 1891
250 1000
251 987
252 1015
253 0
254 569
255 562
256 576
257 635
258 1334
259 1115
260 635
261 561
262 989
263 1031
264 1383
265 1248
266 1250
267 1122
268 564
269 539
270 1012
271 762
272 533
273 0
274 1001
275 746
276 564
277 1127
278 594
279 747
280 1109
281 553
282 552
283 560
284 566
285 572
286 1151
287 1183
288 1007
289 817
290 576
291 547
292 558
293 537
294 646
295 558
296 1136
297 576
298 1007
299 1305
300 936
301 561
302 742
303 1203
304 1814
305 581
306 568
307 571
308 1160
309 556
310 1125
311 1042
312 785
313 1395
314 578
315 584
316 625
317 584
318 1444
319 739
320 561
321 547
322 1228
323 744
324 1146
325 1378
326 736
327 1400
328 1311
329 1402
330 1378
331 556
332 1177
333 558
334 1456
335 580
336 567
337 1205
338 567
339 563
340 999
341 589
342 1194
343 982
344 571
345 975
346 567
347 1022
348 992
349 1104
350 683
351 566
352 1014
353 583
354 577
355 730
356 1405
357 1121
358 1188
359 1343
360 1388
361 1175
362 687
363 566
364 552
365 572
366 1115
367 574
368 572
369 1123
370 1694
371 631
372 1082
373 693
374 555
375 596
376 1028
377 1318
378 747
379 571
380 961
381 752
382 570
383 1108
384 1020
385 683
386 1000
387 993
388 1281
389 1000
390 1360
391 945
392 548
393 996
394 1047
395 571
396 752
397 545
398 1156
399 566
400 1297
401 997
402 992
403 1004
404 591
405 1245
406 1103
407 1335
408 1215
409 1119
410 577
411 561
412 567
413 690
414 671
415 1137
416 1528
417 1244
418 701
419 1120
420 985
421 577
422 1132
423 1278
424 589
425 1026
426 919
427 522
428 1133
429 555
430 591
431 554
432 574
433 1306
434 1264
435 775
436 1343
437 577
438 552
439 1387
440 1129
441 1301
442 547
443 583
444 571
445 564
446 1181
447 555
448 587
449 1040
450 563
451 553
452 561
453 585
454 1036
455 575
456 582
457 565
458 558
459 581
460 568
461 566
462 572
463 533
464 550
465 567
466 1130
467 1422
468 579
469 571
470 583
471 1208
472 1014
473 1032
474 569
475 741
476 1172
477 568
478 571
479 584
480 568
481 1170
482 570
483 1045
484 1038
485 1177
486 1161
487 1026
488 573
489 1170
490 1283
491 671
492 575
493 577
494 574
495 659
496 558
497 558
498 581
499 1017
500 566
501 560
502 586
503 584
504 583
505 581
506 581
507 1054
508 567
509 564
510 1042
511 587
512 568
513 579
514 1206
515 1175
516 587
517 740
518 571
519 580
520 582
521 564
522 561
523 654
524 560
525 1087
526 604
527 568
528 579
529 561
530 749
531 574
532 992
533 540
534 551
535 975
536 1380
537 852
538 534
539 578
540 562
541 1190
542 570
543 573
544 748
545 629
546 567
547 577
548 988
549 597
550 576
551 576
552 828
553 598
554 1221
555 675
556 678
557 571
558 754
559 583
560 569
561 561
562 627
563 762
564 578
565 567
566 0
567 570
568 574
569 565
570 896
571 1183
572 1347
573 1345
574 1024
575 634
576 689
577 579
578 967
579 551
580 566
581 999
582 568
583 659
584 649
585 682
586 740
587 560
588 752
589 649
590 1152
591 575
592 564
593 575
594 1024
595 577
596 578
597 1009
598 1290
599 584
600 555
601 1067
602 570
603 1174
604 1007
605 586
606 571
607 618
608 569
609 592
610 800
611 547
612 671
613 596
614 581
615 568
616 548
617 559
618 547
619 578
620 587
621 567
622 594
623 573
624 579
625 594
626 566
627 1119
628 558
629 542
630 757
631 603
632 580
633 577
634 574
635 575
636 568
637 561
638 1175
639 664
640 665
641 690
642 573
643 591
644 547
645 587
646 555
647 1317
648 588
649 572
650 577
651 577
652 587
653 572
654 1418
655 1471
656 1241
657 1211
658 587
659 568
660 1896
661 1028
662 599
663 661
664 1121
665 765
666 677
667 1182
668 992
669 588
670 546
671 1647
672 705
673 575
674 693
675 623
676 562
677 680
678 671
679 735
680 756
681 594
682 559
683 583
684 584
685 585
686 610
687 581
688 574
689 1534
690 1357
691 555
692 1229
693 525
694 1165
695 583
696 1003
697 1016
698 685
699 567
700 760
701 1242
702 750
703 612
704 1770
705 1036
706 1029
707 626
708 572
709 736
710 571
711 738
712 1159
713 569
714 0
715 576
716 1345
717 557
718 1173
719 547
720 559
721 576
722 571
723 670
724 626
725 547
726 754
727 569
728 989
729 1200
730 1158
731 827
732 539
733 564
734 552
735 570
736 566
737 591
738 636
739 568
740 746
741 608
742 1200
743 579
744 576
745 573
746 565
747 553
748 678
749 734
750 936
751 1154
752 569
753 726
754 1326
755 1355
756 1081
757 1199
758 574
759 756
760 562
761 560
762 558
763 687
764 685
765 546
766 559
767 581
768 600
769 570
770 566
771 582
772 564
773 0
774 558
775 1015
776 1159
777 1203
778 596
779 559
780 570
781 1000
782 1045
783 1181
784 742
785 1092
786 559
787 545
788 1112
789 716
790 1175
791 744
792 570
793 557
794 1164
795 0
796 572
797 575
798 671
799 586
800 542
801 558
802 629
803 617
804 753
805 1225
806 1168
807 989
808 577
809 580
810 1204
811 1349
812 1927
813 554
814 1387
815 574
816 0
817 662
818 675
819 748
820 583
821 642
822 572
823 1185
824 1571
825 1435
826 1336
827 1175
828 564
829 578
830 585
831 576
832 583
833 573
834 1171
835 684
836 569
837 563
838 580
839 579
840 749
841 747
842 551
843 0
844 1118
845 525
846 1195
847 585
848 750
849 1848
850 591
851 1168
852 1141
853 580
854 545
855 1193
856 578
857 1215
858 1222
859 588
860 678
861 573
862 553
863 1609
864 567
865 737
866 570
867 571
868 1166
869 744
870 556
871 659
872 739
873 673
874 1002
875 1113
876 1162
877 574
878 761
879 1264
880 635
881 1868
882 1173
883 577
884 1142
885 1793
886 1187
887 543
888 1159
889 1192
890 581
891 757
892 1112
893 554
894 566
895 1121
896 736
897 570
898 547
899 571
900 0
901 1452
902 1028
903 1279
904 1029
905 533
906 1192
907 579
908 592
909 2510
910 554
911 1407
912 1181
913 1228
914 1148
915 1219
916 578
917 1173
918 589
919 1123
920 582
921 571
922 659
923 612
924 570
925 564
926 626
927 963
928 0
929 1013
930 569
931 656
932 750
933 1153
934 1025
935 1159
936 1039
937 546
938 1426
939 1145
940 897
941 544
942 1276
943 538
944 1113
945 1174
946 544
947 595
948 1164
949 758
950 567
951 558
952 1913
953 1583
954 1164
955 578
956 762
957 1534
958 1271
959 1014
960 573
961 1126
962 1127
963 1222
964 532
965 3801
966 1152
967 565
968 1165
969 676
970 550
971 562
972 1117
973 545
974 554
975 577
976 769
977 540
978 1120
979 1078
980 579
981 549
982 1443
983 1723
984 574
985 1242
986 761
987 1046
988 677
989 671
990 572
991 754
992 1161
993 1032
994 1169
995 584
996 535
997 583
998 564
999 1348
1000 1803
1001 571
1002 751
1003 752
1004 573
1005 549
1006 599
1007 1155
1008 640
1009 621
1010 541
1011 1564
1012 600
1013 0
1014 1539
1015 1789
1016 1471
1017 1120
1018 557
1019 543
1020 1008
1021 1251
1022 1223
1023 752
1024 1124
1025 1580
1026 1352
1027 1324
1028 560
1029 570
1030 750
1031 580
1032 574
1033 565
1034 1179
1035 1746
1036 595
1037 1663
1038 577
1039 565
1040 576
1041 753
1042 536
1043 750
1044 1902
1045 539
1046 589
1047 578
1048 1213
1049 1246
1050 560
1051 569
1052 570
1053 669
1054 1341
1055 557
1056 1110
1057 747
1058 556
1059 1166
1060 569
1061 1161
1062 587
1063 1192
1064 0
1065 995
1066 571
1067 927
1068 1918
1069 550
1070 570
1071 582
1072 577
1073 574
1074 593
1075 702
1076 1545
1077 1202
1078 555
1079 1204
1080 1333
1081 764
1082 1549
1083 692
1084 546
1085 553
1086 572
1087 753
1088 1661
1089 1418
1090 555
1091 1598
1092 566
1093 557
1094 532
1095 540
1096 539
1097 528
1098 1646
1099 990
1100 1186
1101 1014
1102 570
1103 568
1104 542
1105 573
1106 772
1107 559
1108 566
1109 933
1110 560
1111 681
1112 1657
1113 1664
1114 1467
1115 551
1116 634
1117 1578
1118 540
1119 578
1120 1226
1121 687
1122 579
1123 534
1124 1446
1125 671
1126 553
1127 550
1128 595
1129 1249
1130 593
1131 665
1132 570
1133 692
1134 584
1135 1107
1136 624
1137 1000
1138 539
1139 595
1140 1002
1141 558
1142 1243
1143 1366
1144 1331
1145 1151
1146 570
1147 747
1148 1076
1149 1366
1150 1122
1151 756
1152 574
1153 578
1154 574
1155 1567
1156 1073
1157 1033
1158 541
1159 1626
1160 582
1161 576
1162 581
1163 751
1164 1169
1165 1527
1166 1416
1167 586
1168 581
1169 1161
1170 754
1171 1845
1172 1114
1173 545
1174 533
1175 1382
1176 1278
1177 1864
1178 1049
1179 1342
1180 1238
1181 1192
1182 533
1183 1276
1184 540
1185 761
1186 1019
1187 600
1188 564
1189 573
1190 539
1191 686
1192 701
1193 752
1194 565
1195 570
1196 562
1197 550
1198 557
1199 592
1200 535
1201 1360
1202 1024
1203 593
1204 988
1205 1162
1206 1172
1207 1778
1208 1330
1209 1103
1210 671
1211 1177
1212 1183
1213 1355
1214 1493
1215 558
1216 993
1217 642
1218 563
1219 1305
1220 1118
1221 1144
1222 1239
1223 526
1224 622
1225 976
1226 683
1227 536
1228 668
1229 578
1230 583
1231 586
1232 559
1233 760
1234 562
1235 1351
1236 716
1237 710
1238 1176
1239 755
1240 570
1241 1183
1242 577
1243 1022
1244 1033
1245 551
1246 1163
1247 544
1248 590
1249 1322
1250 1862
1251 582
1252 1047
1253 1906
1254 1078
1255 1286
1256 577
1257 1290
1258 550
1259 1536
1260 578
1261 554
1262 564
1263 544
1264 578
1265 589
1266 566
1267 568
1268 578
1269 571
1270 625
1271 536
1272 752
1273 527
1274 1125
1275 609
1276 539
1277 533
1278 741
1279 748
1280 752
1281 1482
1282 1441
1283 1451
1284 1433
1285 671
1286 757
1287 964
1288 593
1289 1186
1290 1869
1291 564
1292 1113
1293 1123
1294 1594
1295 1033
1296 665
1297 575
1298 1692
1299 551
1300 532
1301 568
1302 584
1303 576
1304 592
1305 584
1306 540
1307 578
1308 575
1309 577
1310 567
1311 1150
1312 583
1313 747
1314 555
1315 1447
1316 534
1317 762
1318 607
1319 750
1320 556
1321 647
1322 687
1323 1151
1324 550
1325 1183
1326 1206
1327 1436
1328 1440
1329 1176
1330 1182
1331 551
1332 1195
1333 565
1334 1173
1335 594
1336 1180
1337 1028
1338 1209
1339 580
1340 574
1341 573
1342 1293
1343 688
1344 1009
1345 559
1346 559
1347 579
1348 630
1349 546
1350 631
1351 559
1352 533
1353 585
1354 580
1355 689
1356 568
1357 570
1358 560
1359 1179
1360 573
1361 1015
1362 575
1363 1176
1364 589
1365 579
1366 1343
1367 1178
1368 1390
1369 1186
1370 675
1371 731
1372 1421
1373 1172
1374 1219
1375 1725
1376 1023
1377 1163
1378 552
1379 556
1380 1180
1381 762
1382 680
1383 1183
1384 1019
1385 561
1386 1036
1387 1046
1388 1665
1389 1072
1390 552
1391 2027
1392 992
1393 573
1394 579
1395 1168
1396 566
1397 566
1398 548
1399 1177
1400 751
1401 582
1402 534
1403 1175
1404 586
1405 986
1406 1026
1407 750
1408 1144
1409 541
1410 566
1411 560
1412 707
1413 747
1414 563
1415 659
1416 1178
1417 544
1418 544
1419 1049
1420 1159
1421 1047
1422 1171
1423 1163
1424 1172
1425 1540
1426 543
1427 610
1428 1023
1429 1462
1430 587
1431 574
1432 1224
1433 571
1434 595
1435 670
1436 1346
1437 1036
1438 564
1439 563
1440 983
1441 546
1442 586
1443 577
1444 574
1445 579
1446 588
1447 570
1448 560
1449 747
1450 578
1451 578
1452 1302
1453 1023
1454 570
1455 1745
1456 555
1457 542
1458 539
1459 571
1460 664
1461 740
1462 541
1463 755
1464 669
1465 560
1466 982
1467 544
1468 552
1469 1152
1470 1164
1471 1170
1472 1249
1473 557
1474 583
1475 1170
1476 1117
1477 554
1478 1623
1479 1198
1480 669
1481 1212
1482 1558
1483 690
1484 1045
1485 1336
1486 1027
1487 1220
1488 1102
1489 550
1490 587
1491 578
1492 559
1493 565
1494 587
1495 563
1496 563
1497 576
1498 588
1499 1173
1500 575
1501 678
1502 752
1503 544
1504 568
1505 569
1506 547
1507 1279
1508 677
1509 540
1510 582
1511 578
1512 553
1513 549
1514 576
1515 1007
1516 1172
1517 529
1518 542
1519 509
1520 1147
1521 1177
1522 745
1523 576
1524 577
1525 1238
1526 1233
1527 1734
1528 1214
1529 1159
1530 1029
1531 1179
1532 1322
1533 1292
1534 1575
1535 1454
1536 536
1537 547
1538 546
1539 579
1540 578
1541 572
1542 563
1543 577
1544 591
1545 618
1546 752
1547 592
1548 559
1549 541
1550 767
1551 559
1552 737
1553 1034
1554 757
1555 551
1556 1329
1557 762
1558 555
1559 563
1560 583
1561 762
1562 531
1563 676
1564 753
1565 680
1566 1095
1567 679
1568 1456
1569 1167
1570 572
1571 550
1572 1164
1573 620
1574 582
1575 575
1576 573
1577 575
1578 627
1579 1167
1580 712
1581 716
1582 605
1583 1239
1584 1007
1585 562
1586 561
1587 577
1588 560
1589 540
1590 576
1591 572
1592 579
1593 583
1594 572
1595 547
1596 528
1597 742
1598 1160
1599 543
1600 1466
1601 1227
1602 714
1603 658
1604 574
1605 556
1606 698
1607 580
1608 534
1609 541
1610 751
1611 748
1612 1176
1613 1037
1614 541
1615 1176
1616 549
1617 1198
1618 1196
1619 606
1620 1197
1621 1179
1622 1572
1623 550
1624 597
1625 1052
1626 993
1627 709
1628 530
1629 1320
1630 584
1631 583
1632 582
1633 571
1634 578
1635 677
1636 577
1637 1002
1638 581
1639 1332
1640 571
1641 577
1642 556
1643 1151
1644 1165
1645 537
1646 560
1647 531
1648 545
1649 540
1650 1186
1651 1177
1652 557
1653 1174
1654 1175
1655 1154
1656 1036
1657 596
1658 550
1659 584
1660 575
1661 532
1662 581
1663 577
1664 685
1665 745
1666 554
1667 697
1668 1180
1669 541
1670 709
1671 736
1672 560
1673 566
1674 1168
1675 547
1676 689
1677 1588
1678 584
1679 570
1680 695
1681 1173
1682 1176
1683 1414
1684 560
1685 559
1686 796
1687 667
1688 839
1689 1139
1690 1782
1691 581
1692 570
1693 571
1694 537
1695 576
1696 581
1697 575
1698 591
1699 541
1700 547
1701 540
1702 591
1703 745
1704 1035
1705 1016
1706 1336
1707 694
1708 579
1709 1183
1710 1183
1711 580
1712 1167
1713 1729
1714 1663
1715 599
1716 544
1717 1170
1718 1924
1719 567
1720 536
1721 974
1722 1370
1723 572
1724 567
1725 580
1726 555
1727 577
1728 534
1729 670
1730 548
1731 752
1732 529
1733 573
1734 1164
1735 531
1736 747
1737 1776
1738 1187
1739 586
1740 535
1741 1019
1742 1177
1743 557
1744 735
1745 540
1746 684
1747 542
1748 674
1749 1107
1750 567
1751 745
1752 587
1753 547
1754 994
1755 1159
1756 558
1757 1120
1758 1027
1759 551
1760 1012
1761 1808
1762 571
1763 696
1764 1132
1765 547
1766 581
1767 1206
1768 1299
1769 994
1770 533
1771 1061
1772 551
1773 1057
1774 1116
1775 576
1776 1213
1777 552
1778 1189
1779 582
1780 539
1781 726
1782 564
1783 1327
1784 1173
1785 1700
1786 1049
1787 586
1788 1053
1789 1159
1790 541
1791 542
1792 584
1793 1149
1794 1030
1795 597
1796 1109
1797 1193
1798 586
1799 539
1800 598
1801 558
1802 545
1803 1162
1804 559
1805 740
1806 578
1807 552
1808 674
1809 1010
1810 1004
1811 571
1812 523
1813 574
1814 701
1815 1015
1816 684
1817 1040
1818 1162
1819 547
1820 584
1821 591
1822 548
1823 1204
1824 1169
1825 1152
1826 575
1827 1181
1828 1185
1829 540
1830 1018
1831 1316
1832 560
1833 1050
1834 549
1835 1258
1836 566
1837 580
1838 549
1839 549
1840 1540
1841 1168
1842 543
1843 577
1844 1266
1845 1020
1846 1174
1847 1034
1848 1113
1849 559
1850 535
1851 1234
1852 536
1853 1002
1854 531
1855 562
1856 587
1857 1170
1858 542
1859 576
1860 562
1861 585
1862 582
1863 541
1864 747
1865 705
1866 1051
1867 606
1868 551
1869 690
1870 531
1871 1023
1872 1179
1873 578
1874 561
1875 584
1876 586
1877 725
1878 554
1879 1149
1880 571
1881 599
1882 534
1883 539
1884 595
1885 547
1886 548
1887 543
1888 544
1889 1004
1890 553
1891 546
1892 567
1893 1020
1894 1036
1895 588
1896 541
1897 683
1898 539
1899 1020
1900 1274
1901 1044
1902 1020
1903 579
1904 564
1905 674
1906 689
1907 552
1908 563
1909 547
1910 550
1911 701
1912 538
1913 543
1914 546
1915 556
1916 1032
1917 568
1918 571
1919 578
1920 551
1921 567
1922 1027
1923 578
1924 539
1925 1179
1926 537
1927 538
1928 675
1929 1134
1930 1120
1931 542
1932 704
1933 541
1934 546
1935 551
1936 1583
1937 665
1938 547
1939 568
1940 585
1941 714
1942 569
1943 1160
1944 584
1945 564
1946 551
1947 549
1948 547
1949 545
1950 534
1951 1194
1952 573
1953 1008
1954 546
1955 1041
1956 1017
1957 539
1958 1023
1959 1023
1960 576
1961 1127
1962 552
1963 592
1964 569
1965 562
1966 1178
1967 679
1968 541
1969 550
1970 546
1971 551
1972 536
1973 571
1974 538
1975 544
1976 1117
1977 1015
1978 3230
1979 551
1980 1137
1981 581
1982 541
1983 548
1984 544
1985 535
1986 546
1987 1198
1988 1022
1989 546
1990 1108
1991 1321
1992 1156
1993 534
1994 536
1995 559
1996 569
1997 549
1998 553
1999 568
2000 568
2001 579
2002 540
2003 577
2004 577
2005 544
2006 1021
2007 1021
2008 554
2009 566
2010 545
2011 1178
2012 1006
2013 1174
2014 1019
2015 1165
2016 592
2017 684
2018 559
2019 565
2020 560
2021 572
2022 532
2023 555
2024 580
2025 568
2026 558
2027 540
2028 543
2029 540
2030 606
2031 547
2032 1169
2033 1179
2034 1017
2035 1140
2036 591
2037 576
2038 543
2039 1116
2040 659
2041 666
2042 749
2043 1183
2044 534
2045 569
2046 549
2047 550
2048 580
2049 591
2050 568
2051 543
2052 547
2053 544
2054 590
2055 603
2056 651
2057 1177
2058 1017
2059 1167
2060 1036
2061 1020
2062 1321
2063 552
2064 678
2065 1164
2066 1016
2067 546
2068 533
2069 570
2070 588
2071 538
2072 549
2073 550
2074 543
2075 548
2076 578
2077 531
2078 538
2079 539
2080 560
2081 576
2082 708
2083 549
2084 707
2085 703
2086 543
2087 1176
2088 1017
2089 535
2090 553
2091 532
2092 1162
2093 1019
2094 558
2095 542
2096 539
2097 533
2098 762
2099 519
2100 553
2101 538
2102 532
2103 563
2104 563
2105 544
2106 565
2107 561
2108 597
2109 538
2110 1159
2111 540
2112 1038
2113 587
2114 1089
2115 707
2116 1248
2117 570
2118 546
2119 544
2120 1342
2121 641
2122 1334
2123 1020
2124 575
2125 547
2126 561
2127 546
2128 1020
2129 586
2130 587
2131 759
2132 548
2133 994
2134 1013
2135 547
2136 1025
2137 1152
2138 550
2139 1040
2140 544
2141 552
2142 548
2143 537
2144 558
2145 588
2146 581
2147 532
2148 688
2149 600
2150 600
2151 689
2152 557
2153 686
2154 1028
2155 586
2156 586
2157 1038
2158 536
2159 558
2160 768
2161 694
2162 1864
2163 536
2164 551
2165 544
2166 572
2167 552
2168 550
2169 563
2170 549
2171 1255
2172 587
2173 1124
2174 1190
2175 590
2176 589
2177 1031
2178 542
2179 553
2180 539
2181 531
2182 541
2183 537
2184 546
2185 683
2186 581
2187 693
2188 565
2189 539
2190 534
2191 678
2192 1231
2193 549
2194 539
2195 550
2196 546
2197 537
2198 518
2199 1083
2200 602
2201 561
2202 542
2203 538
2204 568
2205 556
2206 552
2207 546
2208 1165
2209 1186
2210 588
2211 1258
2212 1086
2213 540
2214 543
2215 1114
2216 539
2217 594
2218 1312
2219 552
2220 549
2221 526
2222 1451
2223 585
2224 1177
2225 537
2226 532
2227 548
2228 1304
2229 544
2230 1270
2231 542
2232 1336
2233 617
2234 554
2235 1382
2236 1481
2237 1323
2238 598
2239 1155
2240 547
2241 559
2242 534
2243 549
2244 537
2245 1026
2246 682
2247 1262
2248 1043
2249 1150
2250 991
2251 1243
2252 742
2253 582
2254 1339
2255 1283
2256 1291
2257 2569
2258 541
2259 584
2260 551
2261 550
2262 539
2263 1305
2264 538
2265 749
2266 546
2267 549
2268 559
2269 726
2270 1228
2271 1028
2272 1084
2273 582
2274 567
2275 1184
2276 1375
2277 1196
2278 1063
2279 1229
2280 546
2281 546
2282 551
2283 529
2284 0
2285 584
2286 592
2287 546
2288 544
2289 539
2290 1118
2291 1137
2292 677
2293 1153
2294 554
2295 588
2296 547
2297 1322
2298 1087
2299 1582
2300 1019
2301 527
2302 1317
2303 1529
2304 1271
2305 545
2306 1112
2307 1246
2308 553
2309 544
2310 684
2311 1118
2312 1096
2313 1080
2314 535
2315 1127
2316 548
2317 1069
2318 1060
2319 1096
2320 1230
2321 542
2322 532
2323 0
2324 532
2325 546
2326 552
2327 551
2328 550
2329 1135
2330 677
2331 550
2332 567
2333 1262
2334 1221
2335 1130
2336 550
2337 546
2338 1083
2339 1079
2340 540
2341 563
2342 538
2343 1178
2344 533
2345 557
2346 550
2347 561
2348 559
2349 565
2350 545
2351 1466
2352 1307
2353 544
2354 1168
2355 528
2356 546
2357 594
2358 702
2359 559
2360 548
2361 548
2362 579
2363 575
2364 561
2365 552
2366 553
2367 1148
2368 543
2369 596
2370 1134
2371 1134
2372 1151
2373 1241
2374 1341
2375 1297
2376 1288
2377 674
2378 583
2379 1108
2380 570
2381 540
2382 1359
2383 545
2384 543
2385 561
2386 1370
2387 1187
2388 1883
2389 558
2390 546
2391 1344
2392 1342
2393 735
2394 1241
2395 694
2396 563
2397 533
2398 535
2399 543
2400 1041
2401 563
2402 546
2403 2564
2404 528
2405 549
2406 1881
2407 563
2408 703
2409 573
2410 541
2411 1181
2412 555
2413 1305
2414 640
2415 587
2416 548
2417 1022
2418 719
2419 546
2420 552
2421 551
2422 1708
2423 1085
2424 549
2425 1188
2426 565
2427 590
2428 1121
2429 550
2430 1288
2431 554
2432 1140
2433 1210
2434 542
2435 540
2436 540
2437 539
2438 550
2439 538
2440 686
2441 546
2442 540
2443 592
2444 1220
2445 561
2446 547
2447 1345
2448 535
2449 732
2450 552
2451 1218
2452 537
2453 1328
2454 1340
2455 1316
2456 559
2457 1128
2458 1355
2459 608
2460 1321
2461 990
2462 1787
2463 546
2464 544
2465 1141
2466 540
2467 1007
2468 590
2469 1027
2470 1217
2471 529
2472 1014
2473 543
2474 543
2475 1344
2476 0
2477 546
2478 567
2479 581
2480 566
2481 1282
2482 552
2483 556
2484 528
2485 539
2486 546
2487 1126
2488 1102
2489 1191
2490 1880
2491 568
2492 553
2493 586
2494 535
2495 554
2496 532
2497 567
2498 539
2499 550
2500 550
2501 562
2502 542
2503 1220
2504 525
2505 760
2506 1615
2507 670
2508 544
2509 526
2510 556
2511 566
2512 695
2513 544
2514 561
2515 568
2516 544
2517 575
2518 0
2519 1474
2520 561
2521 656
2522 1338
2523 627
2524 1448
2525 1013
2526 1022
2527 580
2528 1119
2529 1474
2530 551
2531 843
2532 1030
2533 1698
2534 1153
2535 1797
2536 1344
2537 720
2538 538
2539 540
2540 549
2541 688
2542 1119
2543 590
2544 574
2545 745
2546 1189
2547 533
2548 1026
2549 1219
2550 1215
2551 585
2552 1012
2553 541
2554 578
2555 551
2556 1207
2557 1234
2558 1048
2559 570
2560 536
2561 566
2562 590
2563 535
2564 1127
2565 528
2566 1025
2567 1243
2568 537
2569 551
2570 552
2571 576
2572 0
2573 1484
2574 580
2575 1022
2576 546
2577 548
2578 554
2579 538
2580 0
