0 28
1 0
2 2
3 0
4 8
5 16
6 0
7 1
8 0
9 0
10 0
11 19
12 2
13 18
14 40
15 14
16 25
17 5
18 2
19 59
20 0
21 9
22 3
23 46
24 0
25 14
26 1
27 0
28 0
29 7
30 0
31 2
32 0
33 12
34 1
35 27
36 1
37 9
38 3
39 5
40 5
41 2
42 3
43 1
44 34
45 0
46 2
47 1
48 1
49 28
50 15
51 5
52 25
53 24
54 21
55 1
56 4
57 0
58 22
59 3
60 6
61 32
62 23
63 2
64 5
65 64
66 6
67 23
68 12
69 0
70 4
71 0
72 0
73 1
74 26
75 36
76 2
77 19
78 45
79 40
80 4
81 1
82 17
83 9
84 2
85 0
86 17
87 61
88 61
89 1
90 1
91 1
92 2
93 23
94 5
95 0
96 6
97 31
98 7
99 32
100 0
101 3
102 18
103 22
104 5
105 11
106 32
107 7
108 27
109 28
110 1
111 10
112 14
113 3
114 15
115 11
116 32
117 4
118 3
119 14
120 1
121 11
122 55
123 17
124 6
125 0
126 2
127 6
128 5
129 15
130 4
131 12
132 5
133 0
134 0
135 46
136 21
137 111
138 8
139 8
140 43
141 33
142 4
143 5
144 0
145 1
146 26
147 6
148 40
149 25
150 12
151 0
152 0
153 11
154 7
155 14
156 6
157 7
158 96
159 12
160 6
161 7
162 1
163 18
164 15
165 20
166 31
167 17
168 9
169 7
170 0
171 28
172 12
173 7
174 33
175 74
176 52
177 5
178 13
179 0
180 49
181 4
182 107
183 52
184 22
185 20
186 83
187 72
188 40
189 4
190 9
191 0
192 0
193 2
194 1
195 0
196 46
197 23
198 3
199 36
200 24
201 24
202 8
203 49
204 27
205 55
206 96
207 21
208 12
209 0
210 57
211 1
212 8
213 24
214 0
215 51
216 2
217 12
218 16
219 76
220 20
221 63
222 54
223 49
224 90
225 0
226 44
227 7
228 1
229 9
230 1
231 0
232 0
233 5
234 0
235 6
236 0
237 0
238 22
239 103
240 2
241 97
242 61
243 10
244 60
245 14
246 26
247 1
248 15
249 11
250 10
251 4
252 5
253 0
254 2
255 9
256 151
257 54
258 7
259 0
260 0
261 0
262 3
263 28
264 4
265 10
266 0
267 10
268 4
269 0
270 15
271 32
272 10
273 0
274 6
275 4
276 6
277 3
278 7
279 28
280 3
281 0
282 12
283 96
284 2
285 3
286 8
287 6
288 9
289 7
290 83
291 18
292 120
293 41
294 0
295 25
296 30
297 13
298 14
299 7
300 19
301 18
302 26
303 24
304 94
305 29
306 21
307 51
308 0
309 26
310 23
311 26
312 38
313 5
314 5
315 27
316 36
317 39
318 82
319 2
320 0
321 18
322 7
323 9
324 0
325 1
326 9
327 4
328 1
329 0
330 3
331 23
332 4
333 45
334 50
335 48
336 0
337 19
338 73
339 46
340 0
341 2
342 3
343 1
344 4
345 2
346 18
347 3
348 43
349 14
350 21
351 74
352 17
353 3
354 0
355 1
356 2
357 18
358 0
359 24
360 22
361 69
362 93
363 2
364 0
365 0
366 7
367 11
368 30
369 37
370 14
371 9
372 8
373 12
374 5
375 8
376 17
377 0
378 3
379 23
380 18
381 0
382 19
383 0
384 19
385 27
386 0
387 0
388 28
389 39
390 52
391 37
392 65
393 1
394 41
395 16
396 60
397 22
398 0
399 39
400 2
401 19
402 7
403 9
404 34
405 24
406 52
407 44
408 12
409 0
410 6
411 9
412 23
413 84
414 0
415 3
416 11
417 16
418 5
419 15
420 0
421 2
422 39
423 34
424 39
425 22
426 18
427 5
428 25
429 2
430 71
431 3
432 6
433 13
434 3
435 5
436 55
437 72
438 106
439 38
440 66
441 55
442 19
443 85
444 14
445 11
446 10
447 3
448 42
449 14
450 37
451 16
452 32
453 50
454 56
455 9
456 36
457 73
458 46
459 0
460 1
461 54
462 36
463 23
464 27
465 18
466 0
467 40
468 28
469 51
470 71
471 71
472 0
473 27
474 53
475 21
476 4
477 6
478 2
479 11
480 5
481 12
482 13
483 2
484 39
485 16
486 22
487 0
488 13
489 56
490 15
491 12
492 61
493 109
494 9
495 25
496 14
497 8
498 62
499 22
500 21
501 15
502 13
503 8
504 2
505 22
506 31
507 6
508 2
509 92
510 0
511 16
512 45
513 73
514 31
515 42
516 20
517 17
518 0
519 20
520 76
521 66
522 2
523 13
524 19
525 1
526 1
527 8
528 22
529 5
530 4
531 7
532 53
533 49
534 6
535 0
536 41
537 4
538 8
539 35
540 6
541 14
542 4
543 0
544 41
545 3
546 24
547 0
548 35
549 1
550 16
551 5
552 47
553 0
554 68
555 55
556 10
557 7
558 19
559 29
560 8
561 28
562 9
563 2
564 1
565 0
566 0
567 9
568 3
569 1
570 6
571 29
572 16
573 10
574 5
575 37
576 10
577 15
578 20
579 12
580 4
581 1
582 3
583 16
584 30
585 30
586 17
587 9
588 42
589 81
590 2
591 2
592 16
593 2
594 3
595 10
596 7
597 4
598 44
599 72
600 56
601 88
602 26
603 18
604 9
605 7
606 18
607 20
608 41
609 14
610 26
611 16
612 48
613 35
614 71
615 53
616 46
617 2
618 4
619 2
620 7
621 0
622 16
623 6
624 9
625 51
626 28
627 74
628 51
629 0
630 58
631 11
632 13
633 8
634 19
635 10
636 28
637 2
638 14
639 30
640 4
641 29
642 19
643 63
644 14
645 57
646 28
647 4
648 6
649 0
650 0
651 23
652 26
653 11
654 11
655 15
656 8
657 5
658 52
659 39
660 4
661 29
662 3
663 35
664 6
665 3
666 29
667 25
668 1
669 16
670 27
671 54
672 5
673 3
674 7
675 2
676 41
677 0
678 38
679 18
680 50
681 0
682 2
683 12
684 6
685 21
686 5
687 0
688 0
689 12
690 55
691 31
692 26
693 0
694 6
695 6
696 5
697 8
698 4
699 17
700 11
701 14
702 20
703 2
704 8
705 39
706 62
707 27
708 2
709 34
710 2
711 0
712 3
713 4
714 0
715 3
716 17
717 80
718 39
719 32
720 83
721 16
722 10
723 0
724 13
725 9
726 20
727 13
728 0
729 34
730 17
731 41
732 4
733 17
734 25
735 9
736 32
737 22
738 51
739 57
740 21
741 14
742 0
743 11
744 35
745 1
746 1
747 0
748 37
749 11
750 95
751 2
752 37
753 9
754 30
755 1
756 18
757 10
758 13
759 42
760 25
761 8
762 21
763 10
764 67
765 22
766 21
767 15
768 1
769 11
770 57
771 9
772 2
773 0
774 15
775 23
776 17
777 14
778 19
779 2
780 0
781 4
782 12
783 9
784 26
785 10
786 37
787 27
788 6
789 56
790 9
791 6
792 16
793 32
794 26
795 0
796 31
797 43
798 17
799 9
800 6
801 0
802 8
803 0
804 1
805 2
806 65
807 21
808 13
809 43
810 29
811 6
812 20
813 19
814 5
815 2
816 0
817 0
818 10
819 44
820 54
821 52
822 19
823 26
824 3
825 24
826 8
827 42
828 25
829 15
830 7
831 18
832 25
833 25
834 38
835 15
836 20
837 12
838 7
839 3
840 0
841 4
842 2
843 0
844 15
845 17
846 22
847 38
848 23
849 5
850 31
851 0
852 30
853 5
854 2
855 18
856 7
857 36
858 32
859 6
860 6
861 17
862 33
863 12
864 13
865 0
866 5
867 19
868 7
869 4
870 6
871 3
872 0
873 4
874 0
875 0
876 5
877 59
878 19
879 18
880 69
881 47
882 7
883 3
884 27
885 2
886 5
887 6
888 17
889 87
890 8
891 7
892 20
893 11
894 8
895 12
896 9
897 22
898 4
899 3
900 0
901 0
902 6
903 106
904 43
905 11
906 35
907 64
908 48
909 3
910 5
911 35
912 0
913 1
914 10
915 38
916 2
917 16
918 41
919 10
920 43
921 41
922 14
923 3
924 7
925 1
926 6
927 20
928 0
929 1
930 29
931 71
932 25
933 74
934 30
935 51
936 7
937 7
938 37
939 10
940 47
941 0
942 0
943 3
944 43
945 47
946 14
947 0
948 0
949 30
950 18
951 1
952 17
953 46
954 18
955 67
956 75
957 16
958 8
959 24
960 18
961 0
962 8
963 23
964 28
965 7
966 21
967 15
968 21
969 49
970 20
971 0
972 18
973 37
974 15
975 0
976 5
977 3
978 102
979 12
980 84
981 87
982 16
983 7
984 58
985 48
986 12
987 5
988 0
989 0
990 1
991 6
992 12
993 66
994 37
995 8
996 17
997 5
998 9
999 20
1000 7
1001 23
1002 41
1003 0
1004 0
1005 0
1006 0
1007 35
1008 67
1009 0
1010 11
1011 0
1012 2
1013 0
1014 0
1015 1
1016 18
1017 50
1018 4
1019 43
1020 30
1021 53
1022 34
1023 15
1024 23
1025 8
1026 29
1027 71
1028 14
1029 4
1030 6
1031 37
1032 2
1033 2
1034 11
1035 17
1036 11
1037 7
1038 61
1039 37
1040 49
1041 31
1042 2
1043 18
1044 6
1045 13
1046 23
1047 21
1048 23
1049 3
1050 4
1051 0
1052 0
1053 2
1054 2
1055 10
1056 18
1057 18
1058 30
1059 51
1060 52
1061 14
1062 0
1063 3
1064 0
1065 5
1066 4
1067 13
1068 6
1069 10
1070 14
1071 9
1072 48
1073 18
1074 35
1075 2
1076 5
1077 0
1078 20
1079 3
1080 44
1081 21
1082 8
1083 21
1084 16
1085 6
1086 0
1087 5
1088 1
1089 0
1090 37
1091 0
1092 41
1093 61
1094 31
1095 5
1096 12
1097 4
1098 11
1099 72
1100 1
1101 3
1102 7
1103 10
1104 4
1105 6
1106 0
1107 61
1108 14
1109 0
1110 136
1111 34
1112 3
1113 26
1114 0
1115 6
1116 1
1117 5
1118 5
1119 56
1120 47
1121 39
1122 5
1123 2
1124 12
1125 1
1126 13
1127 0
1128 16
1129 24
1130 0
1131 0
1132 0
1133 18
1134 11
1135 6
1136 0
1137 0
1138 0
1139 36
1140 138
1141 83
1142 37
1143 1
1144 4
1145 0
1146 0
1147 0
1148 0
1149 58
1150 84
1151 7
1152 8
1153 10
1154 21
1155 65
1156 44
1157 35
1158 8
1159 5
1160 8
1161 0
1162 19
1163 0
1164 0
1165 0
1166 12
1167 18
1168 44
1169 8
1170 0
1171 0
1172 0
1173 6
1174 3
1175 3
1176 29
1177 63
1178 10
1179 47
1180 4
1181 31
1182 29
1183 46
1184 17
1185 44
1186 25
1187 18
1188 3
1189 0
1190 0
1191 23
1192 22
1193 1
1194 7
1195 1
1196 6
1197 0
1198 0
1199 14
1200 8
1201 1
1202 0
1203 56
1204 4
1205 1
1206 12
1207 3
1208 18
1209 10
1210 44
1211 39
1212 89
1213 6
1214 19
1215 44
1216 22
1217 80
1218 41
1219 5
1220 25
1221 15
1222 7
1223 21
1224 19
1225 6
1226 10
1227 4
1228 20
1229 32
1230 15
1231 0
1232 9
1233 18
1234 27
1235 79
1236 15
1237 17
1238 27
1239 0
1240 10
1241 0
1242 2
1243 31
1244 1
1245 14
1246 11
1247 30
1248 68
1249 92
1250 5
1251 40
1252 62
1253 86
1254 141
1255 18
1256 14
1257 7
1258 38
1259 3
1260 16
1261 7
1262 14
1263 18
1264 52
1265 35
1266 22
1267 4
1268 1
1269 1
1270 4
1271 13
1272 16
1273 18
1274 118
1275 54
1276 4
1277 9
1278 10
1279 16
1280 2
1281 1
1282 1
1283 0
1284 0
1285 0
1286 30
1287 60
1288 19
1289 41
1290 49
1291 44
1292 25
1293 32
1294 352
1295 129
1296 14
1297 1
1298 17
1299 44
1300 6
1301 0
1302 10
1303 25
1304 61
1305 0
1306 10
1307 38
1308 34
1309 22
1310 5
1311 20
1312 1
1313 0
1314 0
1315 53
1316 52
1317 0
1318 71
1319 61
1320 59
1321 126
1322 68
1323 8
1324 9
1325 17
1326 3
1327 8
1328 0
1329 16
1330 6
1331 21
1332 71
1333 18
1334 5
1335 16
1336 14
1337 42
1338 0
1339 124
1340 157
1341 0
1342 12
1343 32
1344 45
1345 8
1346 7
1347 7
1348 3
1349 16
1350 62
1351 4
1352 2
1353 61
1354 0
1355 31
1356 30
1357 7
1358 0
1359 0
1360 5
1361 0
1362 0
1363 0
1364 87
1365 100
1366 19
1367 31
1368 31
1369 65
1370 0
1371 42
1372 0
1373 3
1374 0
1375 0
1376 2
1377 6
1378 14
1379 64
1380 72
1381 10
1382 12
1383 14
1384 29
1385 18
1386 44
1387 134
1388 34
1389 0
1390 43
1391 35
1392 7
1393 10
1394 6
1395 21
1396 18
1397 17
1398 0
1399 7
1400 45
1401 31
1402 20
1403 33
1404 29
1405 10
1406 10
1407 31
1408 30
1409 39
1410 28
1411 13
1412 14
1413 0
1414 5
1415 3
1416 33
1417 42
1418 30
1419 72
1420 33
1421 88
1422 21
1423 1
1424 6
1425 1
1426 8
1427 31
1428 87
1429 117
1430 81
1431 99
1432 75
1433 32
1434 34
1435 47
1436 32
1437 75
1438 1
1439 0
1440 23
1441 20
1442 116
1443 19
1444 23
1445 45
1446 57
1447 13
1448 17
1449 12
1450 8
1451 73
1452 12
1453 42
1454 26
1455 3
1456 20
1457 68
1458 2
1459 76
1460 22
1461 14
1462 6
1463 9
1464 0
1465 11
1466 22
1467 0
1468 6
1469 4
1470 1
1471 0
1472 0
1473 5
1474 0
1475 19
1476 116
1477 203
1478 92
1479 58
1480 96
1481 70
1482 14
1483 51
1484 34
1485 0
1486 10
1487 3
1488 39
1489 29
1490 134
1491 31
1492 19
1493 27
1494 33
1495 0
1496 57
1497 86
1498 0
1499 23
1500 45
1501 15
1502 18
1503 6
1504 31
1505 59
1506 9
1507 24
1508 0
1509 10
1510 19
1511 3
1512 5
1513 9
1514 74
1515 27
1516 15
1517 3
1518 0
1519 0
1520 0
1521 2
1522 4
1523 3
1524 35
1525 108
1526 83
1527 232
1528 170
1529 123
1530 43
1531 2
1532 19
1533 67
1534 5
1535 0
1536 22
1537 25
1538 39
1539 26
1540 1
1541 31
1542 8
1543 25
1544 0
1545 72
1546 74
1547 36
1548 13
1549 33
1550 51
1551 15
1552 11
1553 27
1554 14
1555 17
1556 69
1557 136
1558 15
1559 12
1560 25
1561 87
1562 47
1563 48
1564 1
1565 3
1566 21
1567 24
1568 67
1569 1
1570 2
1571 13
1572 173
1573 330
1574 115
1575 13
1576 105
1577 54
1578 32
1579 74
1580 95
1581 33
1582 41
1583 35
1584 16
1585 5
1586 1
1587 21
1588 50
1589 7
1590 116
1591 38
1592 23
1593 31
1594 34
1595 101
1596 60
1597 9
1598 2
1599 9
1600 76
1601 28
1602 78
1603 11
1604 6
1605 0
1606 5
1607 11
1608 0
1609 0
1610 3
1611 0
1612 23
1613 28
1614 14
1615 2
1616 44
1617 141
1618 117
1619 206
1620 0
1621 148
1622 132
1623 41
1624 34
1625 6
1626 93
1627 57
1628 27
1629 52
1630 36
1631 24
1632 34
1633 28
1634 41
1635 13
1636 15
1637 23
1638 22
1639 29
1640 48
1641 11
1642 2
1643 2
1644 4
1645 98
1646 0
1647 26
1648 49
1649 33
1650 17
1651 62
1652 148
1653 5
1654 24
1655 57
1656 69
1657 17
1658 29
1659 42
1660 24
1661 27
1662 27
1663 5
1664 33
1665 46
1666 32
1667 75
1668 68
1669 0
1670 13
1671 18
1672 0
1673 2
1674 0
1675 2
1676 1
1677 172
1678 101
1679 86
1680 100
1681 39
1682 54
1683 53
1684 0
1685 62
1686 38
1687 17
1688 25
1689 36
1690 17
1691 33
1692 10
1693 21
1694 31
1695 3
1696 20
1697 5
1698 9
1699 10
1700 5
1701 75
1702 8
1703 28
1704 0
1705 1
1706 7
1707 17
1708 1
1709 25
1710 150
1711 42
1712 33
1713 23
1714 23
1715 59
1716 39
1717 32
1718 12
1719 21
1720 4
1721 25
1722 5
1723 4
1724 9
1725 8
1726 23
1727 14
1728 51
1729 49
1730 3
1731 6
1732 2
1733 19
1734 9
1735 1
1736 13
1737 35
1738 55
1739 51
1740 38
1741 14
1742 47
1743 3
1744 27
1745 34
1746 22
1747 1
1748 5
1749 6
1750 13
1751 40
1752 52
1753 5
1754 3
1755 16
1756 11
1757 16
1758 23
1759 1
1760 1
1761 54
1762 14
1763 21
1764 26
1765 26
1766 15
1767 61
1768 31
1769 0
1770 4
1771 14
1772 33
1773 56
1774 25
1775 21
1776 20
1777 26
1778 53
1779 0
1780 9
1781 0
1782 34
1783 0
1784 8
1785 18
1786 2
1787 36
1788 23
1789 9
1790 29
1791 1
1792 35
1793 17
1794 5
1795 0
1796 0
1797 59
1798 52
1799 113
1800 100
1801 23
1802 35
1803 8
1804 20
1805 90
1806 91
1807 16
1808 24
1809 1
1810 29
1811 17
1812 10
1813 12
1814 12
1815 10
1816 7
1817 2
1818 11
1819 3
1820 26
1821 21
1822 16
1823 19
1824 61
1825 23
1826 8
1827 23
1828 29
1829 51
1830 3
1831 41
1832 9
1833 43
1834 7
1835 61
1836 25
1837 7
1838 23
1839 7
1840 17
1841 10
1842 6
1843 22
1844 78
1845 51
1846 15
1847 20
1848 41
1849 69
1850 12
1851 7
1852 6
1853 32
1854 13
1855 37
1856 25
1857 7
1858 59
1859 67
1860 20
1861 45
1862 44
1863 2
1864 18
1865 4
1866 19
1867 172
1868 47
1869 20
1870 7
1871 22
1872 84
1873 40
1874 14
1875 6
1876 6
1877 19
1878 15
1879 15
1880 2
1881 46
1882 67
1883 78
1884 43
1885 18
1886 8
1887 9
1888 1
1889 34
1890 41
1891 13
1892 29
1893 28
1894 107
1895 115
1896 42
1897 13
1898 11
1899 10
1900 54
1901 37
1902 0
1903 69
1904 0
1905 40
1906 27
1907 40
1908 20
1909 23
1910 25
1911 30
1912 62
1913 32
1914 5
1915 3
1916 5
1917 37
1918 15
1919 40
1920 16
1921 31
1922 6
1923 36
1924 30
1925 35
1926 5
1927 7
1928 6
1929 10
1930 20
1931 26
1932 11
1933 3
1934 13
1935 36
1936 39
1937 6
1938 4
1939 0
1940 39
1941 32
1942 90
1943 70
1944 10
1945 9
1946 12
1947 4
1948 17
1949 14
1950 12
1951 38
1952 25
1953 40
1954 22
1955 62
1956 10
1957 23
1958 32
1959 16
1960 14
1961 3
1962 0
1963 6
1964 73
1965 75
1966 9
1967 38
1968 74
1969 32
1970 15
1971 32
1972 60
1973 9
1974 16
1975 30
1976 18
1977 0
1978 6
1979 3
1980 37
1981 66
1982 29
1983 6
1984 14
1985 54
1986 28
1987 2
1988 4
1989 45
1990 24
1991 28
1992 24
1993 14
1994 28
1995 54
1996 96
1997 34
1998 15
1999 41
2000 41
2001 0
2002 7
2003 23
2004 56
2005 29
2006 15
2007 19
2008 13
2009 24
2010 26
2011 29
2012 7
2013 7
2014 46
2015 32
2016 59
2017 70
2018 7
2019 50
2020 18
2021 12
2022 10
2023 52
2024 90
2025 2
2026 20
2027 16
2028 18
2029 10
2030 37
2031 43
2032 29
2033 10
2034 30
2035 48
2036 65
2037 28
2038 22
2039 19
2040 8
2041 5
2042 19
2043 40
2044 10
2045 0
2046 19
2047 21
2048 59
2049 67
2050 44
2051 47
2052 4
2053 6
2054 27
2055 95
2056 14
2057 19
2058 19
2059 19
2060 21
2061 40
2062 28
2063 25
2064 10
2065 0
2066 46
2067 31
2068 3
2069 49
2070 12
2071 21
2072 57
2073 50
2074 26
2075 37
2076 48
2077 13
2078 0
2079 6
2080 33
2081 63
2082 41
2083 32
2084 20
2085 15
2086 41
2087 21
2088 36
2089 35
2090 25
2091 19
2092 14
2093 0
2094 26
2095 91
2096 31
2097 108
2098 49
2099 28
2100 13
2101 6
2102 2
2103 71
2104 65
2105 34
2106 1
2107 1
2108 8
2109 9
2110 45
2111 34
2112 51
2113 26
2114 19
2115 34
2116 23
2117 20
2118 58
2119 64
2120 15
2121 12
2122 5
2123 3
2124 57
2125 6
2126 32
2127 33
2128 51
2129 17
2130 22
2131 61
2132 78
2133 10
2134 0
2135 7
2136 2
2137 41
2138 72
2139 17
2140 5
2141 1
2142 0
2143 0
2144 46
2145 52
2146 22
2147 14
2148 66
2149 33
2150 82
2151 10
2152 48
2153 57
2154 45
2155 15
2156 3
2157 5
2158 5
2159 20
2160 56
2161 64
2162 0
2163 2
2164 11
2165 45
2166 25
2167 19
2168 14
2169 32
2170 13
2171 6
2172 39
2173 24
2174 1
2175 16
2176 0
2177 29
2178 5
2179 11
2180 6
2181 18
2182 10
2183 18
2184 6
2185 0
2186 0
2187 37
2188 18
2189 11
2190 47
2191 35
2192 9
2193 47
2194 7
2195 2
2196 1
2197 6
2198 5
2199 24
2200 12
2201 26
2202 39
2203 48
2204 8
2205 41
2206 49
2207 15
2208 0
2209 20
2210 22
2211 32
2212 74
2213 65
2214 11
2215 13
2216 1
2217 6
2218 4
2219 0
2220 24
2221 1
2222 0
2223 13
2224 29
2225 7
2226 6
2227 47
2228 44
2229 35
2230 40
2231 3
2232 15
2233 20
2234 0
2235 6
2236 2
2237 13
2238 7
2239 0
2240 0
2241 3
2242 0
2243 59
2244 32
2245 7
2246 9
2247 50
2248 72
2249 7
2250 57
2251 27
2252 8
2253 19
2254 61
2255 27
2256 41
2257 10
2258 1
2259 6
2260 46
2261 7
2262 5
2263 0
2264 0
2265 17
2266 77
2267 57
2268 53
2269 77
2270 69
2271 36
2272 3
2273 11
2274 78
2275 63
2276 29
2277 66
2278 19
2279 4
2280 1
2281 45
2282 66
2283 6
2284 0
2285 6
2286 36
2287 9
2288 15
2289 15
2290 61
2291 76
2292 5
2293 2
2294 69
2295 51
2296 13
2297 26
2298 15
2299 2
2300 26
2301 42
2302 27
2303 2
2304 13
2305 3
2306 6
2307 0
2308 65
2309 23
2310 18
2311 22
2312 12
2313 13
2314 27
2315 16
2316 67
2317 22
2318 0
2319 6
2320 52
2321 31
2322 24
2323 0
2324 0
2325 9
2326 64
2327 103
2328 16
2329 4
2330 6
2331 3
2332 0
2333 11
2334 0
2335 131
2336 12
2337 3
2338 13
2339 27
2340 29
2341 9
2342 0
2343 0
2344 22
2345 51
2346 25
2347 37
2348 5
2349 22
2350 33
2351 0
2352 39
2353 64
2354 35
2355 9
2356 29
2357 10
2358 2
2359 0
2360 1
2361 1
2362 0
2363 61
2364 59
2365 7
2366 41
2367 34
2368 9
2369 19
2370 41
2371 28
2372 19
2373 16
2374 1
2375 31
2376 45
2377 0
2378 0
2379 5
2380 10
2381 2
2382 59
2383 0
2384 27
2385 78
2386 23
2387 49
2388 99
2389 56
2390 38
2391 66
2392 0
2393 8
2394 60
2395 23
2396 9
2397 1
2398 51
2399 1
2400 6
2401 34
2402 126
2403 10
2404 12
2405 47
2406 56
2407 42
2408 18
2409 30
2410 17
2411 45
2412 33
2413 7
2414 0
2415 17
2416 2
2417 9
2418 1
2419 36
2420 56
2421 51
2422 117
2423 14
2424 31
2425 35
2426 44
2427 59
2428 69
2429 13
2430 1
2431 15
2432 45
2433 0
2434 5
2435 19
2436 22
2437 14
2438 77
2439 8
2440 26
2441 54
2442 0
2443 29
2444 30
2445 33
2446 5
2447 0
2448 0
2449 25
2450 1
2451 7
2452 2
2453 3
2454 22
2455 22
2456 32
2457 25
2458 5
2459 18
2460 3
2461 1
2462 0
2463 2
2464 19
2465 109
2466 16
2467 0
2468 7
2469 8
2470 18
2471 0
2472 0
2473 4
2474 0
2475 0
2476 0
2477 5
2478 33
2479 0
2480 9
2481 13
2482 3
2483 13
2484 17
2485 28
2486 14
2487 42
2488 7
2489 11
2490 0
2491 0
2492 0
2493 0
2494 12
2495 22
2496 8
2497 18
2498 3
2499 16
2500 10
2501 5
2502 11
2503 54
2504 3
2505 0
2506 0
2507 0
2508 0
2509 10
2510 5
2511 9
2512 7
2513 16
2514 0
2515 0
2516 5
2517 0
2518 0
2519 0
2520 7
2521 4
2522 0
2523 13
2524 0
2525 0
2526 24
2527 15
2528 0
2529 4
2530 7
2531 4
2532 1
2533 0
2534 49
2535 56
2536 10
2537 14
2538 22
2539 2
2540 0
2541 2
2542 69
2543 14
2544 18
2545 52
2546 5
2547 2
2548 12
2549 6
2550 3
2551 3
2552 17
2553 32
2554 14
2555 0
2556 0
2557 4
2558 10
2559 11
2560 26
2561 23
2562 5
2563 18
2564 4
2565 5
2566 10
2567 3
2568 3
2569 0
2570 6
2571 3
2572 0
2573 10
2574 0
2575 25
2576 1
2577 1
2578 3
2579 0
2580 0
2581 0
2582 0
2583 0
2584 0
2585 0
2586 0
2587 0
2588 0
2589 0
2590 0
2591 0
2592 0
2593 0
2594 0
2595 0
2596 0
2597 0
2598 0
