0 1254
1 20
2 129
3 40
4 365
5 696
6 38
7 47
8 16
9 50
10 285
11 1045
12 145
13 650
14 1777
15 719
16 1290
17 249
18 141
19 2995
20 20
21 457
22 240
23 2034
24 11
25 706
26 73
27 75
28 59
29 217
30 57
31 115
32 27
33 689
34 120
35 1164
36 87
37 325
38 176
39 210
40 409
41 111
42 146
43 121
44 1522
45 20
46 132
47 72
48 148
49 1382
50 726
51 212
52 1219
53 1308
54 1156
55 114
56 236
57 799
58 1282
59 120
60 276
61 1430
62 1182
63 136
64 161
65 2964
66 312
67 1036
68 559
69 35
70 232
71 253
72 79
73 44
74 1143
75 1963
76 102
77 954
78 1967
79 2006
80 231
81 46
82 827
83 477
84 168
85 65
86 869
87 3014
88 2593
89 86
90 76
91 87
92 155
93 869
94 232
95 5
96 229
97 1399
98 331
99 1591
100 36
101 129
102 1071
103 1151
104 258
105 443
106 1606
107 456
108 1322
109 1265
110 103
111 521
112 745
113 261
114 900
115 444
116 1429
117 217
118 139
119 757
120 28
121 594
122 2631
123 765
124 254
125 67
126 175
127 242
128 360
129 676
130 270
131 709
132 183
133 10
134 128
135 2159
136 1116
137 5061
138 369
139 405
140 1860
141 1694
142 341
143 292
144 35
145 114
146 1363
147 306
148 1809
149 1158
150 477
151 0
152 20
153 531
154 416
155 689
156 280
157 459
158 4575
159 673
160 305
161 327
162 25
163 790
164 776
165 1095
166 1498
167 864
168 459
169 332
170 2108
171 1291
172 460
173 338
174 1833
175 3515
176 2292
177 290
178 652
179 33
180 2126
181 184
182 5179
183 2600
184 1137
185 889
186 4048
187 3594
188 1922
189 277
190 396
191 19
192 35
193 114
194 60
195 18
196 1898
197 1162
198 163
199 1584
200 1256
201 1073
202 418
203 2020
204 1241
205 2885
206 4321
207 1078
208 613
209 43
210 3087
211 95
212 418
213 976
214 9
215 2326
216 144
217 572
218 700
219 3449
220 822
221 2726
222 2676
223 2348
224 4130
225 2294
226 1920
227 317
228 34
229 403
230 99
231 38
232 8
233 207
234 1
235 345
236 4
237 31
238 1201
239 4870
240 196
241 4807
242 2738
243 451
244 3051
245 697
246 1172
247 57
248 767
249 544
250 376
251 135
252 290
253 8
254 131
255 474
256 7269
257 2311
258 454
259 60
260 11
261 9
262 156
263 1212
264 186
265 481
266 174
267 387
268 182
269 33
270 722
271 1636
272 511
273 3
274 201
275 196
276 226
277 117
278 355
279 1222
280 183
281 39
282 641
283 4479
284 125
285 145
286 498
287 408
288 478
289 250
290 3847
291 938
292 5344
293 1911
294 72
295 1083
296 1545
297 612
298 756
299 341
300 961
301 733
302 1088
303 894
304 4657
305 1490
306 1071
307 2308
308 18
309 1269
310 989
311 1366
312 1828
313 254
314 310
315 1714
316 1367
317 1852
318 3946
319 159
320 638
321 808
322 229
323 356
324 24
325 89
326 346
327 152
328 67
329 36
330 187
331 1046
332 298
333 2081
334 2603
335 2424
336 251
337 973
338 3509
339 1970
340 32
341 110
342 170
343 45
344 194
345 102
346 719
347 128
348 1899
349 614
350 925
351 3919
352 665
353 141
354 26
355 79
356 78
357 1029
358 25
359 1210
360 1221
361 3150
362 4296
363 148
364 9
365 23
366 346
367 643
368 1457
369 1632
370 611
371 387
372 409
373 612
374 323
375 381
376 866
377 53
378 214
379 1031
380 1101
381 25
382 972
383 69
384 850
385 1462
386 19
387 42
388 1268
389 1634
390 2530
391 1748
392 2866
393 74
394 1621
395 721
396 3003
397 1049
398 21
399 2011
400 140
401 944
402 486
403 563
404 1493
405 1160
406 2739
407 2116
408 585
409 54
410 249
411 516
412 944
413 3988
414 2500
415 156
416 435
417 886
418 150
419 625
420 302
421 169
422 1625
423 1580
424 2177
425 946
426 806
427 319
428 1356
429 103
430 3238
431 181
432 305
433 498
434 71
435 183
436 2612
437 3922
438 5185
439 1896
440 2897
441 2488
442 1157
443 4050
444 666
445 604
446 495
447 144
448 2034
449 650
450 1516
451 794
452 1410
453 2676
454 2835
455 433
456 1673
457 3453
458 2236
459 20
460 108
461 2546
462 2029
463 1245
464 1373
465 957
466 208
467 2063
468 1325
469 2749
470 3401
471 3568
472 2256
473 1249
474 2436
475 865
476 199
477 312
478 116
479 480
480 310
481 498
482 694
483 136
484 1868
485 642
486 1057
487 1525
488 641
489 2639
490 805
491 555
492 2988
493 5213
494 498
495 1179
496 667
497 338
498 3084
499 982
500 918
501 866
502 745
503 324
504 138
505 949
506 1619
507 220
508 162
509 4291
510 387
511 541
512 1937
513 3377
514 1320
515 2157
516 1067
517 824
518 55
519 797
520 3630
521 3011
522 132
523 572
524 732
525 97
526 70
527 340
528 1230
529 331
530 202
531 385
532 2530
533 2383
534 255
535 2010
536 2157
537 331
538 294
539 1697
540 270
541 558
542 254
543 1913
544 2095
545 108
546 1162
547 16
548 1548
549 88
550 740
551 229
552 2097
553 2139
554 3181
555 2933
556 587
557 326
558 821
559 1599
560 445
561 1134
562 489
563 46
564 56
565 35
566 0
567 368
568 213
569 74
570 358
571 1533
572 928
573 644
574 234
575 1598
576 438
577 771
578 853
579 545
580 201
581 77
582 124
583 830
584 1317
585 1136
586 932
587 333
588 1949
589 4129
590 121
591 87
592 927
593 123
594 134
595 417
596 354
597 197
598 2420
599 3271
600 2233
601 4829
602 928
603 760
604 556
605 337
606 1047
607 1085
608 2013
609 553
610 1527
611 808
612 2351
613 1498
614 3452
615 2302
616 2202
617 80
618 208
619 110
620 386
621 59
622 680
623 356
624 520
625 2797
626 1338
627 3656
628 2344
629 1828
630 2969
631 411
632 741
633 558
634 871
635 523
636 1399
637 78
638 648
639 1517
640 178
641 1303
642 1196
643 3299
644 641
645 2417
646 1334
647 190
648 193
649 21
650 9
651 895
652 1287
653 643
654 579
655 736
656 532
657 207
658 2538
659 1829
660 188
661 1183
662 142
663 1677
664 312
665 175
666 1416
667 1082
668 92
669 589
670 1025
671 2393
672 295
673 155
674 338
675 100
676 1731
677 2314
678 1633
679 1013
680 2651
681 2263
682 113
683 561
684 329
685 1015
686 262
687 44
688 61
689 615
690 2777
691 1691
692 1012
693 41
694 285
695 398
696 399
697 256
698 193
699 996
700 592
701 681
702 1083
703 90
704 281
705 2080
706 2982
707 1266
708 109
709 1389
710 106
711 19
712 241
713 209
714 8
715 198
716 1035
717 4147
718 1926
719 1560
720 3795
721 844
722 487
723 39
724 626
725 361
726 933
727 633
728 550
729 1494
730 901
731 1989
732 346
733 784
734 1125
735 431
736 1400
737 1069
738 2528
739 2689
740 1037
741 652
742 69
743 459
744 1920
745 76
746 28
747 16
748 1696
749 664
750 4362
751 160
752 1922
753 515
754 1538
755 114
756 742
757 331
758 666
759 2538
760 1204
761 393
762 1097
763 355
764 3158
765 964
766 937
767 840
768 38
769 488
770 3125
771 434
772 204
773 0
774 761
775 1278
776 698
777 754
778 711
779 92
780 28
781 235
782 734
783 370
784 1119
785 490
786 1718
787 1198
788 254
789 2522
790 320
791 330
792 628
793 1498
794 1282
795 0
796 1448
797 1830
798 861
799 485
800 247
801 13
802 483
803 43
804 116
805 81
806 2878
807 1187
808 730
809 2029
810 1086
811 311
812 887
813 979
814 251
815 108
816 3
817 7
818 446
819 2169
820 2437
821 2319
822 962
823 1365
824 281
825 966
826 451
827 1783
828 1144
829 640
830 504
831 793
832 1220
833 1476
834 1563
835 693
836 934
837 445
838 433
839 156
840 28
841 209
842 166
843 0
844 639
845 1086
846 1102
847 1804
848 1170
849 330
850 1593
851 58
852 1398
853 318
854 130
855 975
856 327
857 1796
858 1601
859 310
860 311
861 748
862 1497
863 400
864 650
865 987
866 248
867 847
868 224
869 208
870 383
871 155
872 45
873 158
874 8
875 26
876 213
877 2764
878 1007
879 783
880 3469
881 2338
882 377
883 274
884 1290
885 161
886 283
887 234
888 796
889 4175
890 348
891 354
892 915
893 431
894 373
895 747
896 461
897 870
898 287
899 154
900 1
901 45
902 368
903 4519
904 2143
905 453
906 1922
907 2676
908 2038
909 102
910 210
911 1428
912 46
913 101
914 575
915 1788
916 121
917 690
918 1707
919 499
920 1629
921 2134
922 728
923 172
924 385
925 120
926 323
927 830
928 1
929 79
930 1081
931 3380
932 1135
933 3482
934 1599
935 2424
936 417
937 268
938 1464
939 596
940 2187
941 884
942 8
943 153
944 1877
945 2362
946 832
947 54
948 28
949 1585
950 1118
951 105
952 911
953 1982
954 804
955 3406
956 3676
957 801
958 450
959 1160
960 698
961 114
962 395
963 1245
964 1373
965 317
966 1008
967 827
968 1000
969 2560
970 991
971 46
972 904
973 2005
974 636
975 1193
976 241
977 122
978 4497
979 687
980 3790
981 4172
982 757
983 388
984 2561
985 2125
986 628
987 174
988 5
989 50
990 118
991 366
992 506
993 2977
994 1654
995 435
996 829
997 262
998 439
999 933
1000 392
1001 1102
1002 1850
1003 37
1004 23
1005 39
1006 19
1007 1693
1008 3069
1009 13
1010 477
1011 242
1012 163
1013 6
1014 26
1015 54
1016 870
1017 2400
1018 243
1019 2016
1020 1657
1021 2745
1022 1862
1023 662
1024 1000
1025 391
1026 1335
1027 3505
1028 714
1029 230
1030 263
1031 1758
1032 69
1033 162
1034 534
1035 999
1036 515
1037 263
1038 2724
1039 1631
1040 2439
1041 1315
1042 76
1043 843
1044 320
1045 583
1046 1172
1047 942
1048 1175
1049 207
1050 226
1051 25
1052 55
1053 71
1054 141
1055 429
1056 614
1057 867
1058 1488
1059 2542
1060 2491
1061 548
1062 6
1063 150
1064 0
1065 199
1066 144
1067 718
1068 210
1069 607
1070 590
1071 312
1072 2276
1073 878
1074 1609
1075 174
1076 260
1077 25
1078 1037
1079 180
1080 1865
1081 1142
1082 408
1083 812
1084 712
1085 291
1086 35
1087 160
1088 44
1089 66
1090 1812
1091 2954
1092 2181
1093 3072
1094 1589
1095 225
1096 502
1097 196
1098 595
1099 3282
1100 131
1101 226
1102 288
1103 550
1104 172
1105 304
1106 3289
1107 3277
1108 671
1109 41
1110 6465
1111 1666
1112 207
1113 1216
1114 2132
1115 186
1116 46
1117 289
1118 323
1119 2340
1120 2136
1121 1862
1122 272
1123 118
1124 560
1125 96
1126 642
1127 29
1128 777
1129 1233
1130 70
1131 58
1132 18
1133 901
1134 528
1135 354
1136 8
1137 9
1138 38
1139 1593
1140 6820
1141 3879
1142 1471
1143 50
1144 218
1145 24
1146 441
1147 12
1148 101
1149 2441
1150 4018
1151 344
1152 391
1153 581
1154 1016
1155 3258
1156 2126
1157 1594
1158 460
1159 195
1160 419
1161 174
1162 849
1163 12
1164 91
1165 25
1166 677
1167 938
1168 2226
1169 339
1170 2256
1171 27
1172 41
1173 409
1174 96
1175 174
1176 1559
1177 3212
1178 422
1179 2691
1180 264
1181 1848
1182 1315
1183 2481
1184 924
1185 2050
1186 1164
1187 781
1188 165
1189 49
1190 59
1191 1091
1192 1071
1193 56
1194 264
1195 92
1196 256
1197 60
1198 915
1199 906
1200 465
1201 78
1202 53
1203 2632
1204 236
1205 92
1206 413
1207 110
1208 762
1209 449
1210 1909
1211 1661
1212 4003
1213 305
1214 1018
1215 2192
1216 985
1217 3973
1218 1904
1219 406
1220 1311
1221 670
1222 313
1223 937
1224 833
1225 238
1226 570
1227 172
1228 923
1229 1728
1230 637
1231 91
1232 543
1233 1008
1234 1193
1235 3466
1236 701
1237 837
1238 1346
1239 43
1240 462
1241 20
1242 148
1243 1413
1244 59
1245 642
1246 435
1247 1317
1248 2958
1249 4542
1250 283
1251 1831
1252 3128
1253 3982
1254 6367
1255 928
1256 754
1257 303
1258 1822
1259 228
1260 731
1261 270
1262 771
1263 859
1264 2184
1265 1632
1266 1066
1267 302
1268 102
1269 95
1270 160
1271 452
1272 884
1273 885
1274 5522
1275 2478
1276 226
1277 491
1278 527
1279 626
1280 83
1281 108
1282 70
1283 47
1284 41
1285 22
1286 1525
1287 2901
1288 892
1289 2362
1290 2247
1291 2138
1292 1060
1293 1205
1294 16454
1295 5683
1296 649
1297 181
1298 744
1299 1947
1300 326
1301 22
1302 508
1303 1066
1304 3140
1305 659
1306 396
1307 1841
1308 1358
1309 1290
1310 294
1311 1026
1312 30
1313 37
1314 61
1315 2826
1316 2485
1317 2520
1318 3213
1319 3042
1320 2931
1321 5449
1322 2997
1323 450
1324 355
1325 804
1326 189
1327 327
1328 18
1329 626
1330 287
1331 891
1332 3342
1333 938
1334 269
1335 758
1336 683
1337 2143
1338 1627
1339 5756
1340 7454
1341 1165
1342 506
1343 2019
1344 2371
1345 474
1346 405
1347 276
1348 206
1349 586
1350 2938
1351 241
1352 131
1353 2708
1354 336
1355 1455
1356 1331
1357 368
1358 486
1359 1572
1360 244
1361 26
1362 39
1363 1148
1364 3993
1365 4766
1366 985
1367 1354
1368 1305
1369 3057
1370 2271
1371 2230
1372 22
1373 333
1374 37
1375 37
1376 155
1377 243
1378 721
1379 3173
1380 3349
1381 459
1382 548
1383 652
1384 1505
1385 703
1386 2095
1387 5895
1388 1736
1389 283
1390 1978
1391 1646
1392 418
1393 418
1394 257
1395 969
1396 951
1397 708
1398 20
1399 285
1400 2128
1401 1418
1402 1189
1403 1506
1404 1215
1405 530
1406 544
1407 1652
1408 1648
1409 2001
1410 1543
1411 621
1412 598
1413 5
1414 349
1415 211
1416 1447
1417 1961
1418 1365
1419 3298
1420 1561
1421 3884
1422 1004
1423 94
1424 360
1425 85
1426 380
1427 1524
1428 4409
1429 5872
1430 3526
1431 4787
1432 3470
1433 1401
1434 1724
1435 2259
1436 1580
1437 3422
1438 69
1439 29
1440 982
1441 1013
1442 5606
1443 927
1444 935
1445 2140
1446 3040
1447 669
1448 911
1449 512
1450 423
1451 3679
1452 691
1453 2214
1454 1258
1455 205
1456 946
1457 3839
1458 120
1459 3632
1460 1161
1461 611
1462 342
1463 699
1464 34
1465 629
1466 1074
1467 971
1468 263
1469 251
1470 105
1471 25
1472 212
1473 206
1474 226
1475 1109
1476 5398
1477 9816
1478 3888
1479 3044
1480 4067
1481 3301
1482 671
1483 2453
1484 1739
1485 31
1486 576
1487 208
1488 1625
1489 1416
1490 6373
1491 1555
1492 832
1493 1666
1494 1834
1495 522
1496 2963
1497 3548
1498 487
1499 1266
1500 2211
1501 653
1502 999
1503 419
1504 1569
1505 2807
1506 426
1507 997
1508 2522
1509 528
1510 970
1511 151
1512 250
1513 550
1514 3679
1515 1236
1516 731
1517 108
1518 11
1519 3
1520 47
1521 141
1522 182
1523 159
1524 1493
1525 5437
1526 3899
1527 10983
1528 8163
1529 5531
1530 2025
1531 80
1532 876
1533 2995
1534 284
1535 1712
1536 1105
1537 1100
1538 1905
1539 1325
1540 124
1541 1635
1542 414
1543 1031
1544 6141
1545 3364
1546 4057
1547 1862
1548 558
1549 1382
1550 2737
1551 641
1552 635
1553 1181
1554 606
1555 675
1556 3413
1557 6114
1558 667
1559 715
1560 1198
1561 3824
1562 2434
1563 2252
1564 69
1565 193
1566 1024
1567 1045
1568 2895
1569 74
1570 133
1571 610
1572 8127
1573 15682
1574 5591
1575 545
1576 5220
1577 2348
1578 1665
1579 3559
1580 4411
1581 1581
1582 2071
1583 1613
1584 1126
1585 289
1586 68
1587 832
1588 2672
1589 344
1590 5318
1591 1848
1592 1294
1593 1292
1594 1414
1595 4362
1596 2936
1597 440
1598 163
1599 393
1600 3867
1601 1319
1602 3874
1603 517
1604 359
1605 54
1606 197
1607 590
1608 20
1609 51
1610 75
1611 19
1612 1194
1613 1410
1614 810
1615 156
1616 1802
1617 6830
1618 5295
1619 9607
1620 4364
1621 6989
1622 5808
1623 2295
1624 1589
1625 244
1626 4550
1627 2578
1628 1160
1629 2554
1630 1530
1631 1272
1632 1616
1633 1265
1634 2174
1635 731
1636 697
1637 1177
1638 1143
1639 1431
1640 2375
1641 559
1642 73
1643 161
1644 209
1645 4284
1646 7870
1647 1580
1648 2683
1649 1270
1650 874
1651 2722
1652 6804
1653 286
1654 1004
1655 2943
1656 3253
1657 926
1658 1361
1659 2011
1660 1031
1661 1360
1662 1286
1663 398
1664 1474
1665 2255
1666 1583
1667 3510
1668 3207
1669 50
1670 711
1671 797
1672 29
1673 201
1674 69
1675 108
1676 85
1677 7791
1678 5131
1679 4091
1680 4554
1681 1598
1682 2467
1683 2440
1684 1318
1685 3111
1686 1901
1687 785
1688 1139
1689 1730
1690 731
1691 1873
1692 456
1693 1184
1694 1766
1695 146
1696 837
1697 234
1698 422
1699 553
1700 247
1701 3764
1702 392
1703 1160
1704 18
1705 63
1706 310
1707 977
1708 58
1709 1380
1710 7028
1711 2227
1712 1348
1713 1098
1714 1077
1715 3133
1716 2171
1717 1628
1718 501
1719 955
1720 143
1721 1112
1722 318
1723 256
1724 468
1725 348
1726 1060
1727 769
1728 2563
1729 2201
1730 174
1731 317
1732 110
1733 942
1734 441
1735 113
1736 738
1737 1558
1738 2837
1739 2654
1740 1787
1741 609
1742 2212
1743 286
1744 1126
1745 1842
1746 862
1747 63
1748 218
1749 366
1750 664
1751 1707
1752 2455
1753 279
1754 135
1755 841
1756 494
1757 664
1758 957
1759 55
1760 52
1761 2546
1762 807
1763 1219
1764 1273
1765 1304
1766 783
1767 2773
1768 1431
1769 61
1770 304
1771 747
1772 1392
1773 2387
1774 1097
1775 920
1776 923
1777 1341
1778 2388
1779 61
1780 406
1781 21
1782 1439
1783 120
1784 508
1785 731
1786 122
1787 1809
1788 957
1789 434
1790 1293
1791 72
1792 1862
1793 753
1794 168
1795 4
1796 413
1797 3064
1798 2870
1799 5622
1800 4527
1801 1349
1802 1685
1803 465
1804 1002
1805 4471
1806 4249
1807 998
1808 1207
1809 42
1810 1486
1811 730
1812 524
1813 616
1814 438
1815 572
1816 348
1817 92
1818 674
1819 211
1820 1281
1821 860
1822 659
1823 844
1824 3221
1825 1084
1826 308
1827 1080
1828 1459
1829 2475
1830 181
1831 1923
1832 504
1833 1951
1834 391
1835 2586
1836 1013
1837 249
1838 961
1839 456
1840 759
1841 702
1842 330
1843 1073
1844 3224
1845 2312
1846 735
1847 869
1848 2014
1849 3432
1850 445
1851 245
1852 426
1853 1490
1854 567
1855 1739
1856 1046
1857 348
1858 2672
1859 3188
1860 916
1861 2220
1862 2207
1863 109
1864 861
1865 345
1866 1050
1867 8397
1868 1887
1869 1033
1870 296
1871 1114
1872 3892
1873 2083
1874 630
1875 264
1876 289
1877 935
1878 1043
1879 769
1880 89
1881 2015
1882 3116
1883 3840
1884 2106
1885 866
1886 345
1887 367
1888 72
1889 1733
1890 2005
1891 604
1892 1260
1893 1317
1894 5355
1895 5591
1896 2341
1897 613
1898 552
1899 472
1900 2496
1901 1629
1902 305
1903 3523
1904 1171
1905 1778
1906 1181
1907 1650
1908 872
1909 1004
1910 1064
1911 1429
1912 2882
1913 1382
1914 314
1915 122
1916 182
1917 1782
1918 792
1919 1877
1920 719
1921 1450
1922 365
1923 1575
1924 1448
1925 1590
1926 294
1927 330
1928 374
1929 432
1930 843
1931 1409
1932 527
1933 211
1934 707
1935 1682
1936 1903
1937 281
1938 274
1939 491
1940 1893
1941 1627
1942 4019
1943 3309
1944 513
1945 655
1946 672
1947 130
1948 814
1949 652
1950 596
1951 1962
1952 1214
1953 2101
1954 1022
1955 3038
1956 490
1957 1142
1958 1565
1959 876
1960 569
1961 218
1962 53
1963 316
1964 3415
1965 3701
1966 360
1967 1871
1968 3120
1969 1466
1970 689
1971 1451
1972 3073
1973 407
1974 819
1975 1823
1976 771
1977 14
1978 181
1979 126
1980 1690
1981 3141
1982 1415
1983 325
1984 636
1985 2828
1986 1260
1987 153
1988 227
1989 2115
1990 1042
1991 1331
1992 1152
1993 564
1994 1239
1995 2906
1996 4470
1997 1643
1998 767
1999 1860
2000 1930
2001 85
2002 336
2003 1030
2004 2849
2005 1415
2006 669
2007 1097
2008 804
2009 1197
2010 1353
2011 1680
2012 347
2013 317
2014 1888
2015 1502
2016 2801
2017 3619
2018 323
2019 2591
2020 872
2021 781
2022 580
2023 2694
2024 4154
2025 129
2026 970
2027 901
2028 954
2029 515
2030 1640
2031 2373
2032 1496
2033 516
2034 1514
2035 2272
2036 3371
2037 1204
2038 1028
2039 798
2040 557
2041 399
2042 625
2043 2253
2044 480
2045 987
2046 869
2047 935
2048 2826
2049 3316
2050 2197
2051 2172
2052 174
2053 267
2054 1412
2055 4543
2056 715
2057 886
2058 934
2059 1027
2060 943
2061 1951
2062 1402
2063 1137
2064 340
2065 225
2066 2235
2067 1537
2068 95
2069 2286
2070 636
2071 1205
2072 2748
2073 2287
2074 1133
2075 1740
2076 2449
2077 588
2078 43
2079 336
2080 1519
2081 3010
2082 2032
2083 1470
2084 976
2085 694
2086 1831
2087 1312
2088 1995
2089 1714
2090 1242
2091 777
2092 650
2093 822
2094 1328
2095 4514
2096 1319
2097 4972
2098 2333
2099 1351
2100 603
2101 314
2102 86
2103 3391
2104 3223
2105 1417
2106 59
2107 82
2108 477
2109 399
2110 2455
2111 1670
2112 2485
2113 1321
2114 941
2115 1588
2116 1032
2117 995
2118 3132
2119 3125
2120 555
2121 647
2122 225
2123 237
2124 2673
2125 324
2126 1602
2127 1692
2128 2457
2129 793
2130 1210
2131 2754
2132 3352
2133 419
2134 21
2135 359
2136 92
2137 1744
2138 3364
2139 850
2140 266
2141 44
2142 55
2143 68
2144 2246
2145 2369
2146 988
2147 478
2148 3377
2149 1565
2150 3721
2151 540
2152 2345
2153 2783
2154 2079
2155 664
2156 173
2157 240
2158 173
2159 1011
2160 2941
2161 3020
2162 16
2163 123
2164 563
2165 2233
2166 1250
2167 902
2168 551
2169 1479
2170 508
2171 209
2172 1891
2173 1177
2174 81
2175 761
2176 55
2177 1366
2178 291
2179 612
2180 275
2181 792
2182 584
2183 1019
2184 332
2185 1
2186 43
2187 1610
2188 811
2189 621
2190 1944
2191 1542
2192 617
2193 2204
2194 337
2195 103
2196 27
2197 324
2198 183
2199 1038
2200 626
2201 1189
2202 1533
2203 2198
2204 379
2205 2283
2206 2217
2207 591
2208 90
2209 973
2210 885
2211 1819
2212 3496
2213 2874
2214 507
2215 700
2216 128
2217 260
2218 148
2219 316
2220 1257
2221 49
2222 75
2223 659
2224 1549
2225 314
2226 235
2227 2278
2228 1875
2229 1664
2230 1998
2231 226
2232 748
2233 1085
2234 71
2235 324
2236 85
2237 809
2238 268
2239 47
2240 11
2241 190
2242 110
2243 2620
2244 1301
2245 281
2246 505
2247 1998
2248 3494
2249 481
2250 2683
2251 1294
2252 360
2253 947
2254 2932
2255 1388
2256 1927
2257 566
2258 98
2259 326
2260 2028
2261 357
2262 184
2263 51
2264 77
2265 695
2266 3626
2267 2694
2268 2503
2269 3251
2270 3202
2271 1893
2272 84
2273 402
2274 4082
2275 2917
2276 1365
2277 3059
2278 878
2279 224
2280 156
2281 2383
2282 3281
2283 362
2284 0
2285 278
2286 1794
2287 425
2288 633
2289 641
2290 2804
2291 3965
2292 379
2293 74
2294 2954
2295 2677
2296 664
2297 1332
2298 853
2299 116
2300 1289
2301 2081
2302 1000
2303 44
2304 582
2305 152
2306 423
2307 1069
2308 3053
2309 945
2310 920
2311 953
2312 686
2313 670
2314 1379
2315 721
2316 3593
2317 1167
2318 21
2319 479
2320 2598
2321 1503
2322 1335
2323 0
2324 23
2325 365
2326 2958
2327 4922
2328 913
2329 192
2330 275
2331 122
2332 617
2333 604
2334 4557
2335 5893
2336 661
2337 142
2338 707
2339 1609
2340 1368
2341 351
2342 26
2343 2
2344 1102
2345 2060
2346 1059
2347 1666
2348 220
2349 999
2350 1308
2351 2262
2352 1970
2353 3017
2354 1743
2355 424
2356 1360
2357 514
2358 196
2359 6
2360 71
2361 34
2362 67
2363 2929
2364 2550
2365 352
2366 2147
2367 1687
2368 463
2369 1153
2370 2046
2371 1322
2372 1141
2373 722
2374 101
2375 1364
2376 2212
2377 56
2378 37
2379 269
2380 432
2381 125
2382 2663
2383 1575
2384 956
2385 3563
2386 1005
2387 2542
2388 4369
2389 2504
2390 1675
2391 3157
2392 426
2393 364
2394 2706
2395 1033
2396 320
2397 80
2398 2492
2399 94
2400 258
2401 1541
2402 5986
2403 431
2404 815
2405 2090
2406 2628
2407 1955
2408 1086
2409 1470
2410 925
2411 2101
2412 1457
2413 301
2414 14
2415 650
2416 183
2417 379
2418 86
2419 1644
2420 2898
2421 2468
2422 5362
2423 762
2424 1403
2425 1631
2426 2321
2427 2756
2428 3457
2429 675
2430 41
2431 797
2432 1911
2433 14
2434 321
2435 886
2436 1086
2437 614
2438 3442
2439 359
2440 1297
2441 2845
2442 2762
2443 1182
2444 1349
2445 1434
2446 236
2447 22
2448 14
2449 1360
2450 120
2451 378
2452 190
2453 124
2454 1069
2455 1005
2456 1617
2457 1344
2458 245
2459 950
2460 206
2461 117
2462 13
2463 145
2464 880
2465 5353
2466 794
2467 29
2468 348
2469 435
2470 878
2471 620
2472 624
2473 136
2474 79
2475 57
2476 2
2477 329
2478 1341
2479 124
2480 440
2481 632
2482 198
2483 630
2484 958
2485 1359
2486 605
2487 1988
2488 341
2489 497
2490 78
2491 36
2492 9
2493 34
2494 602
2495 1231
2496 404
2497 772
2498 169
2499 934
2500 486
2501 417
2502 530
2503 2460
2504 117
2505 23
2506 176
2507 57
2508 56
2509 472
2510 252
2511 401
2512 332
2513 743
2514 1
2515 6
2516 183
2517 24
2518 5
2519 63
2520 346
2521 203
2522 291
2523 895
2524 47
2525 32
2526 1239
2527 634
2528 11
2529 261
2530 411
2531 198
2532 101
2533 66
2534 2071
2535 2629
2536 366
2537 754
2538 1054
2539 182
2540 17
2541 207
2542 2838
2543 780
2544 1024
2545 2467
2546 229
2547 95
2548 717
2549 323
2550 235
2551 108
2552 869
2553 1511
2554 577
2555 19
2556 20
2557 164
2558 467
2559 408
2560 1376
2561 1167
2562 290
2563 821
2564 255
2565 232
2566 516
2567 257
2568 257
2569 110
2570 276
2571 195
2572 0
2573 450
2574 29
2575 1132
2576 63
2577 84
2578 83
2579 56
2580 3
2581 10
2582 0
2583 0
2584 1
2585 2
2586 0
2587 0
2588 0
2589 0
2590 0
2591 0
2592 2
2593 0
2594 0
2595 0
2596 0
2597 0
2598 11
