0 11
1 0
2 1
3 0
4 2
5 5
6 0
7 0
8 0
9 0
10 1
11 7
12 1
13 3
14 13
15 5
16 11
17 3
18 0
19 24
20 0
21 5
22 2
23 19
24 0
25 6
26 0
27 0
28 0
29 0
30 0
31 1
32 0
33 6
34 0
35 10
36 0
37 1
38 3
39 2
40 2
41 0
42 0
43 0
44 12
45 0
46 1
47 1
48 0
49 12
50 6
51 2
52 0
53 9
54 8
55 0
56 2
57 6
58 14
59 0
60 1
61 13
62 10
63 1
64 0
65 28
66 3
67 11
68 5
69 0
70 2
71 2
72 0
73 0
74 12
75 0
76 1
77 9
78 19
79 18
80 1
81 0
82 8
83 3
84 1
85 0
86 7
87 28
88 26
89 0
90 0
91 0
92 0
93 8
94 3
95 0
96 1
97 12
98 2
99 13
100 0
101 1
102 0
103 6
104 1
105 2
106 13
107 3
108 11
109 13
110 0
111 4
112 5
113 2
114 8
115 4
116 14
117 2
118 0
119 5
120 0
121 3
122 20
123 8
124 1
125 0
126 1
127 1
128 4
129 3
130 1
131 4
132 0
133 0
134 0
135 0
136 9
137 45
138 4
139 4
140 22
141 12
142 2
143 1
144 0
145 0
146 12
147 0
148 15
149 10
150 2
151 0
152 0
153 6
154 1
155 5
156 1
157 4
158 38
159 5
160 2
161 4
162 0
163 5
164 8
165 9
166 14
167 7
168 3
169 2
170 17
171 11
172 3
173 0
174 21
175 27
176 20
177 2
178 0
179 0
180 20
181 1
182 46
183 23
184 0
185 8
186 35
187 33
188 12
189 2
190 4
191 0
192 0
193 1
194 0
195 0
196 14
197 10
198 1
199 14
200 0
201 6
202 5
203 17
204 0
205 23
206 39
207 10
208 5
209 0
210 25
211 0
212 3
213 9
214 0
215 22
216 1
217 5
218 7
219 29
220 8
221 21
222 19
223 19
224 35
225 23
226 16
227 3
228 0
229 3
230 0
231 0
232 0
233 2
234 0
235 2
236 0
237 0
238 8
239 41
240 0
241 40
242 24
243 4
244 31
245 8
246 12
247 0
248 9
249 3
250 4
251 1
252 3
253 0
254 0
255 5
256 56
257 21
258 2
259 0
260 0
261 0
262 1
263 0
264 1
265 4
266 0
267 2
268 2
269 0
270 7
271 12
272 4
273 0
274 1
275 2
276 1
277 1
278 4
279 6
280 0
281 0
282 7
283 37
284 0
285 0
286 3
287 3
288 5
289 0
290 36
291 7
292 48
293 17
294 0
295 10
296 12
297 5
298 5
299 2
300 8
301 5
302 8
303 8
304 37
305 14
306 10
307 19
308 0
309 12
310 8
311 10
312 19
313 2
314 2
315 13
316 12
317 16
318 37
319 1
320 4
321 6
322 1
323 2
324 0
325 0
326 2
327 1
328 1
329 0
330 1
331 10
332 3
333 20
334 22
335 21
336 2
337 10
338 37
339 15
340 0
341 0
342 2
343 0
344 1
345 0
346 0
347 0
348 21
349 6
350 12
351 34
352 5
353 1
354 0
355 0
356 0
357 9
358 0
359 11
360 12
361 26
362 40
363 2
364 0
365 0
366 3
367 4
368 14
369 12
370 5
371 3
372 4
373 5
374 3
375 2
376 5
377 0
378 1
379 9
380 9
381 0
382 8
383 0
384 10
385 10
386 0
387 0
388 13
389 15
390 23
391 0
392 25
393 0
394 12
395 5
396 25
397 11
398 0
399 17
400 0
401 8
402 3
403 3
404 11
405 13
406 23
407 0
408 6
409 0
410 1
411 4
412 6
413 34
414 25
415 1
416 3
417 7
418 0
419 5
420 2
421 0
422 16
423 16
424 17
425 7
426 4
427 1
428 11
429 0
430 30
431 1
432 1
433 4
434 0
435 1
436 20
437 36
438 45
439 14
440 27
441 22
442 8
443 31
444 6
445 4
446 0
447 0
448 14
449 5
450 11
451 9
452 12
453 21
454 22
455 2
456 15
457 30
458 19
459 0
460 0
461 25
462 18
463 0
464 8
465 7
466 1
467 18
468 11
469 26
470 25
471 31
472 16
473 10
474 22
475 8
476 2
477 2
478 0
479 3
480 2
481 6
482 4
483 0
484 17
485 5
486 9
487 15
488 6
489 23
490 7
491 4
492 22
493 47
494 5
495 9
496 6
497 3
498 24
499 0
500 7
501 5
502 4
503 4
504 1
505 6
506 14
507 0
508 0
509 35
510 3
511 4
512 17
513 28
514 11
515 17
516 10
517 8
518 0
519 6
520 34
521 21
522 0
523 5
524 6
525 0
526 0
527 3
528 9
529 3
530 2
531 3
532 24
533 20
534 2
535 13
536 17
537 3
538 2
539 14
540 1
541 4
542 1
543 15
544 18
545 0
546 8
547 0
548 14
549 0
550 6
551 0
552 17
553 24
554 31
555 21
556 4
557 3
558 9
559 15
560 4
561 13
562 3
563 0
564 0
565 0
566 0
567 3
568 0
569 1
570 3
571 13
572 6
573 4
574 1
575 17
576 3
577 0
578 8
579 4
580 1
581 0
582 0
583 8
584 12
585 11
586 7
587 3
588 16
589 35
590 0
591 0
592 6
593 1
594 0
595 2
596 2
597 2
598 19
599 28
600 21
601 38
602 9
603 10
604 6
605 2
606 9
607 9
608 17
609 3
610 12
611 8
612 21
613 13
614 28
615 19
616 20
617 0
618 1
619 0
620 3
621 0
622 7
623 3
624 0
625 29
626 9
627 31
628 0
629 13
630 24
631 2
632 5
633 5
634 7
635 3
636 11
637 0
638 4
639 10
640 1
641 14
642 12
643 33
644 6
645 21
646 14
647 0
648 1
649 0
650 0
651 7
652 8
653 5
654 4
655 4
656 3
657 2
658 21
659 18
660 1
661 11
662 0
663 17
664 2
665 0
666 9
667 11
668 0
669 6
670 10
671 19
672 2
673 1
674 3
675 0
676 15
677 20
678 13
679 7
680 22
681 17
682 1
683 0
684 2
685 6
686 0
687 0
688 0
689 6
690 24
691 16
692 6
693 0
694 3
695 4
696 4
697 1
698 2
699 7
700 5
701 4
702 9
703 0
704 2
705 22
706 28
707 9
708 0
709 12
710 0
711 0
712 1
713 0
714 0
715 1
716 9
717 34
718 18
719 15
720 31
721 8
722 3
723 0
724 4
725 3
726 9
727 3
728 5
729 11
730 6
731 16
732 4
733 7
734 6
735 4
736 14
737 8
738 26
739 24
740 9
741 4
742 0
743 2
744 15
745 0
746 0
747 0
748 15
749 6
750 36
751 1
752 0
753 5
754 12
755 2
756 5
757 1
758 6
759 22
760 10
761 5
762 0
763 3
764 31
765 6
766 8
767 7
768 0
769 5
770 25
771 6
772 0
773 0
774 8
775 11
776 5
777 6
778 6
779 0
780 0
781 2
782 8
783 2
784 8
785 3
786 16
787 12
788 4
789 22
790 2
791 2
792 5
793 14
794 12
795 0
796 12
797 15
798 7
799 5
800 3
801 0
802 3
803 0
804 0
805 0
806 29
807 11
808 4
809 0
810 9
811 2
812 6
813 10
814 2
815 1
816 0
817 0
818 4
819 16
820 21
821 21
822 9
823 10
824 1
825 7
826 4
827 20
828 12
829 6
830 4
831 9
832 9
833 13
834 11
835 4
836 7
837 4
838 0
839 0
840 0
841 2
842 1
843 0
844 4
845 8
846 0
847 16
848 10
849 2
850 15
851 1
852 11
853 2
854 0
855 8
856 2
857 12
858 15
859 2
860 2
861 6
862 16
863 2
864 5
865 10
866 1
867 8
868 0
869 2
870 5
871 1
872 0
873 1
874 0
875 0
876 2
877 20
878 8
879 6
880 29
881 20
882 3
883 1
884 10
885 1
886 2
887 3
888 6
889 43
890 3
891 3
892 10
893 5
894 3
895 7
896 3
897 6
898 1
899 1
900 0
901 0
902 3
903 36
904 14
905 3
906 14
907 23
908 17
909 0
910 1
911 15
912 0
913 0
914 4
915 14
916 0
917 5
918 14
919 3
920 18
921 20
922 4
923 0
924 3
925 0
926 2
927 9
928 0
929 0
930 8
931 32
932 8
933 0
934 15
935 19
936 4
937 2
938 12
939 0
940 19
941 7
942 0
943 0
944 13
945 19
946 8
947 1
948 0
949 14
950 6
951 0
952 7
953 19
954 7
955 24
956 33
957 6
958 2
959 7
960 4
961 0
962 3
963 12
964 11
965 3
966 13
967 5
968 8
969 27
970 9
971 0
972 7
973 15
974 6
975 9
976 1
977 1
978 39
979 6
980 31
981 38
982 8
983 1
984 24
985 21
986 6
987 2
988 0
989 0
990 0
991 3
992 4
993 0
994 13
995 3
996 8
997 2
998 4
999 7
1000 4
1001 8
1002 15
1003 0
1004 0
1005 0
1006 0
1007 15
1008 23
1009 0
1010 3
1011 2
1012 1
1013 0
1014 0
1015 0
1016 8
1017 23
1018 2
1019 16
1020 15
1021 24
1022 15
1023 8
1024 9
1025 2
1026 11
1027 35
1028 7
1029 0
1030 2
1031 15
1032 0
1033 1
1034 4
1035 9
1036 4
1037 4
1038 25
1039 13
1040 23
1041 12
1042 0
1043 6
1044 4
1045 5
1046 12
1047 8
1048 10
1049 3
1050 3
1051 0
1052 0
1053 0
1054 1
1055 2
1056 7
1057 7
1058 15
1059 19
1060 0
1061 6
1062 0
1063 1
1064 0
1065 0
1066 0
1067 6
1068 1
1069 3
1070 6
1071 3
1072 21
1073 7
1074 13
1075 1
1076 1
1077 0
1078 0
1079 1
1080 17
1081 9
1082 2
1083 8
1084 5
1085 3
1086 0
1087 2
1088 0
1089 0
1090 12
1091 29
1092 16
1093 28
1094 12
1095 0
1096 4
1097 0
1098 5
1099 28
1100 0
1101 3
1102 0
1103 0
1104 1
1105 0
1106 27
1107 28
1108 5
1109 0
1110 60
1111 13
1112 2
1113 10
1114 18
1115 0
1116 0
1117 3
1118 2
1119 19
1120 19
1121 21
1122 1
1123 1
1124 5
1125 0
1126 4
1127 0
1128 7
1129 10
1130 1
1131 0
1132 0
1133 8
1134 6
1135 3
1136 0
1137 0
1138 0
1139 12
1140 64
1141 41
1142 11
1143 0
1144 1
1145 0
1146 4
1147 0
1148 0
1149 21
1150 30
1151 3
1152 2
1153 4
1154 9
1155 23
1156 17
1157 13
1158 4
1159 0
1160 4
1161 0
1162 8
1163 0
1164 0
1165 0
1166 6
1167 7
1168 23
1169 3
1170 15
1171 0
1172 0
1173 2
1174 0
1175 1
1176 10
1177 29
1178 4
1179 24
1180 2
1181 0
1182 8
1183 20
1184 9
1185 16
1186 9
1187 7
1188 1
1189 0
1190 1
1191 9
1192 8
1193 0
1194 1
1195 0
1196 2
1197 0
1198 8
1199 5
1200 6
1201 0
1202 0
1203 22
1204 2
1205 0
1206 4
1207 0
1208 6
1209 3
1210 16
1211 14
1212 38
1213 0
1214 9
1215 17
1216 11
1217 35
1218 15
1219 4
1220 11
1221 8
1222 2
1223 6
1224 6
1225 2
1226 3
1227 0
1228 9
1229 17
1230 4
1231 0
1232 5
1233 8
1234 9
1235 0
1236 5
1237 7
1238 8
1239 0
1240 3
1241 0
1242 0
1243 13
1244 0
1245 4
1246 3
1247 11
1248 29
1249 34
1250 2
1251 18
1252 26
1253 29
1254 53
1255 0
1256 6
1257 2
1258 18
1259 2
1260 7
1261 3
1262 6
1263 7
1264 23
1265 13
1266 9
1267 4
1268 0
1269 0
1270 0
1271 3
1272 6
1273 6
1274 50
1275 24
1276 0
1277 4
1278 4
1279 7
1280 0
1281 0
1282 0
1283 0
1284 0
1285 0
1286 11
1287 25
1288 5
1289 18
1290 20
1291 23
1292 6
1293 10
1294 155
1295 52
1296 7
1297 0
1298 7
1299 13
1300 2
1301 0
1302 3
1303 9
1304 27
1305 6
1306 3
1307 16
1308 13
1309 13
1310 1
1311 10
1312 0
1313 0
1314 0
1315 22
1316 19
1317 23
1318 31
1319 30
1320 30
1321 49
1322 28
1323 3
1324 3
1325 6
1326 0
1327 3
1328 0
1329 6
1330 2
1331 7
1332 0
1333 9
1334 3
1335 5
1336 6
1337 19
1338 14
1339 49
1340 60
1341 12
1342 3
1343 19
1344 16
1345 3
1346 3
1347 2
1348 3
1349 4
1350 26
1351 2
1352 0
1353 24
1354 3
1355 11
1356 11
1357 4
1358 6
1359 0
1360 1
1361 0
1362 0
1363 8
1364 38
1365 39
1366 12
1367 17
1368 9
1369 25
1370 22
1371 20
1372 0
1373 2
1374 0
1375 0
1376 0
1377 2
1378 7
1379 28
1380 33
1381 3
1382 4
1383 4
1384 12
1385 4
1386 17
1387 51
1388 15
1389 2
1390 18
1391 14
1392 5
1393 5
1394 3
1395 10
1396 0
1397 5
1398 0
1399 0
1400 18
1401 13
1402 9
1403 14
1404 10
1405 6
1406 3
1407 16
1408 13
1409 18
1410 17
1411 6
1412 3
1413 0
1414 2
1415 1
1416 15
1417 19
1418 16
1419 27
1420 17
1421 33
1422 7
1423 0
1424 4
1425 1
1426 2
1427 11
1428 38
1429 46
1430 0
1431 40
1432 33
1433 11
1434 17
1435 17
1436 14
1437 30
1438 1
1439 0
1440 7
1441 6
1442 46
1443 8
1444 7
1445 19
1446 29
1447 5
1448 6
1449 4
1450 4
1451 31
1452 5
1453 18
1454 8
1455 0
1456 7
1457 32
1458 0
1459 33
1460 11
1461 5
1462 0
1463 8
1464 0
1465 7
1466 6
1467 8
1468 0
1469 3
1470 0
1471 0
1472 2
1473 2
1474 1
1475 12
1476 44
1477 87
1478 32
1479 29
1480 40
1481 28
1482 9
1483 21
1484 17
1485 0
1486 3
1487 2
1488 17
1489 11
1490 61
1491 14
1492 9
1493 13
1494 14
1495 4
1496 21
1497 33
1498 4
1499 11
1500 21
1501 7
1502 9
1503 4
1504 13
1505 24
1506 2
1507 8
1508 21
1509 4
1510 9
1511 3
1512 2
1513 4
1514 28
1515 11
1516 7
1517 1
1518 0
1519 0
1520 0
1521 0
1522 0
1523 1
1524 13
1525 46
1526 36
1527 100
1528 71
1529 53
1530 18
1531 0
1532 8
1533 27
1534 2
1535 16
1536 8
1537 9
1538 19
1539 10
1540 0
1541 11
1542 3
1543 8
1544 55
1545 32
1546 35
1547 16
1548 0
1549 11
1550 23
1551 4
1552 5
1553 10
1554 4
1555 6
1556 29
1557 48
1558 6
1559 7
1560 10
1561 34
1562 24
1563 20
1564 0
1565 0
1566 9
1567 9
1568 26
1569 0
1570 0
1571 4
1572 70
1573 0
1574 51
1575 5
1576 41
1577 0
1578 13
1579 34
1580 40
1581 11
1582 16
1583 14
1584 3
1585 4
1586 0
1587 6
1588 21
1589 1
1590 40
1591 15
1592 12
1593 11
1594 12
1595 35
1596 26
1597 2
1598 1
1599 4
1600 31
1601 15
1602 34
1603 6
1604 2
1605 0
1606 0
1607 4
1608 0
1609 0
1610 0
1611 0
1612 8
1613 13
1614 5
1615 1
1616 17
1617 62
1618 42
1619 82
1620 37
1621 57
1622 40
1623 22
1624 17
1625 3
1626 37
1627 23
1628 8
1629 21
1630 13
1631 11
1632 15
1633 12
1634 17
1635 9
1636 8
1637 7
1638 10
1639 11
1640 18
1641 4
1642 0
1643 0
1644 2
1645 43
1646 67
1647 11
1648 24
1649 11
1650 7
1651 22
1652 61
1653 2
1654 9
1655 29
1656 25
1657 7
1658 12
1659 17
1660 5
1661 11
1662 13
1663 2
1664 13
1665 17
1666 13
1667 31
1668 29
1669 0
1670 6
1671 6
1672 0
1673 1
1674 0
1675 0
1676 0
1677 67
1678 46
1679 38
1680 32
1681 14
1682 18
1683 17
1684 13
1685 28
1686 17
1687 6
1688 11
1689 13
1690 7
1691 15
1692 3
1693 10
1694 14
1695 1
1696 7
1697 2
1698 4
1699 4
1700 2
1701 34
1702 3
1703 11
1704 0
1705 0
1706 0
1707 12
1708 0
1709 14
1710 58
1711 15
1712 12
1713 9
1714 9
1715 27
1716 15
1717 10
1718 2
1719 9
1720 1
1721 10
1722 2
1723 1
1724 4
1725 2
1726 9
1727 6
1728 24
1729 22
1730 1
1731 0
1732 0
1733 9
1734 3
1735 0
1736 4
1737 14
1738 18
1739 18
1740 14
1741 3
1742 17
1743 2
1744 10
1745 11
1746 7
1747 0
1748 1
1749 2
1750 5
1751 16
1752 21
1753 1
1754 2
1755 6
1756 4
1757 3
1758 7
1759 0
1760 0
1761 27
1762 5
1763 11
1764 11
1765 9
1766 8
1767 23
1768 16
1769 0
1770 3
1771 6
1772 12
1773 17
1774 11
1775 7
1776 8
1777 11
1778 23
1779 0
1780 2
1781 0
1782 11
1783 0
1784 2
1785 5
1786 1
1787 16
1788 9
1789 3
1790 11
1791 1
1792 16
1793 8
1794 1
1795 0
1796 4
1797 25
1798 26
1799 53
1800 40
1801 9
1802 12
1803 4
1804 6
1805 39
1806 36
1807 9
1808 11
1809 0
1810 11
1811 7
1812 4
1813 4
1814 5
1815 4
1816 4
1817 0
1818 4
1819 1
1820 0
1821 6
1822 5
1823 5
1824 27
1825 7
1826 3
1827 8
1828 14
1829 20
1830 0
1831 14
1832 3
1833 17
1834 2
1835 24
1836 7
1837 2
1838 8
1839 6
1840 5
1841 5
1842 1
1843 9
1844 31
1845 19
1846 8
1847 10
1848 17
1849 0
1850 3
1851 0
1852 3
1853 12
1854 4
1855 14
1856 9
1857 4
1858 20
1859 31
1860 7
1861 0
1862 18
1863 0
1864 9
1865 3
1866 8
1867 69
1868 16
1869 10
1870 1
1871 9
1872 36
1873 16
1874 5
1875 1
1876 4
1877 7
1878 11
1879 8
1880 0
1881 14
1882 30
1883 30
1884 19
1885 10
1886 4
1887 4
1888 0
1889 14
1890 17
1891 5
1892 8
1893 11
1894 41
1895 46
1896 17
1897 5
1898 3
1899 4
1900 21
1901 16
1902 2
1903 27
1904 9
1905 16
1906 10
1907 12
1908 7
1909 11
1910 9
1911 14
1912 21
1913 13
1914 2
1915 1
1916 2
1917 14
1918 9
1919 15
1920 6
1921 14
1922 3
1923 13
1924 11
1925 12
1926 3
1927 2
1928 2
1929 0
1930 8
1931 14
1932 5
1933 2
1934 5
1935 14
1936 17
1937 3
1938 1
1939 5
1940 16
1941 13
1942 36
1943 25
1944 5
1945 5
1946 7
1947 0
1948 5
1949 0
1950 5
1951 15
1952 9
1953 14
1954 10
1955 21
1956 3
1957 9
1958 13
1959 6
1960 5
1961 2
1962 0
1963 3
1964 29
1965 30
1966 3
1967 16
1968 30
1969 11
1970 4
1971 9
1972 28
1973 3
1974 6
1975 16
1976 8
1977 0
1978 2
1979 1
1980 13
1981 28
1982 14
1983 2
1984 4
1985 22
1986 9
1987 1
1988 2
1989 19
1990 8
1991 12
1992 9
1993 4
1994 10
1995 27
1996 41
1997 16
1998 7
1999 15
2000 16
2001 0
2002 2
2003 9
2004 21
2005 10
2006 5
2007 8
2008 8
2009 10
2010 11
2011 15
2012 2
2013 1
2014 18
2015 12
2016 26
2017 28
2018 0
2019 24
2020 7
2021 6
2022 3
2023 25
2024 0
2025 1
2026 7
2027 8
2028 8
2029 4
2030 14
2031 25
2032 15
2033 3
2034 13
2035 20
2036 32
2037 10
2038 0
2039 8
2040 2
2041 0
2042 4
2043 17
2044 3
2045 9
2046 8
2047 11
2048 25
2049 26
2050 16
2051 15
2052 0
2053 2
2054 13
2055 38
2056 4
2057 10
2058 6
2059 8
2060 10
2061 15
2062 9
2063 0
2064 3
2065 2
2066 17
2067 12
2068 0
2069 21
2070 5
2071 7
2072 20
2073 20
2074 11
2075 11
2076 21
2077 6
2078 0
2079 1
2080 12
2081 28
2082 19
2083 14
2084 6
2085 4
2086 19
2087 10
2088 17
2089 11
2090 8
2091 8
2092 5
2093 6
2094 11
2095 36
2096 13
2097 37
2098 21
2099 11
2100 5
2101 3
2102 0
2103 30
2104 31
2105 11
2106 0
2107 0
2108 5
2109 2
2110 21
2111 12
2112 20
2113 14
2114 9
2115 16
2116 10
2117 9
2118 24
2119 28
2120 5
2121 8
2122 1
2123 3
2124 23
2125 1
2126 16
2127 14
2128 24
2129 5
2130 8
2131 24
2132 27
2133 2
2134 0
2135 3
2136 0
2137 13
2138 25
2139 7
2140 1
2141 0
2142 0
2143 0
2144 18
2145 20
2146 10
2147 0
2148 25
2149 13
2150 31
2151 6
2152 18
2153 23
2154 20
2155 7
2156 1
2157 2
2158 2
2159 8
2160 29
2161 24
2162 0
2163 1
2164 3
2165 16
2166 9
2167 7
2168 5
2169 13
2170 4
2171 1
2172 0
2173 11
2174 0
2175 6
2176 0
2177 12
2178 1
2179 4
2180 2
2181 7
2182 5
2183 7
2184 1
2185 0
2186 0
2187 15
2188 5
2189 3
2190 16
2191 12
2192 5
2193 19
2194 3
2195 1
2196 0
2197 2
2198 2
2199 0
2200 6
2201 8
2202 15
2203 17
2204 5
2205 16
2206 18
2207 4
2208 0
2209 6
2210 8
2211 0
2212 26
2213 30
2214 3
2215 8
2216 0
2217 2
2218 0
2219 0
2220 8
2221 0
2222 0
2223 5
2224 14
2225 3
2226 1
2227 16
2228 17
2229 15
2230 15
2231 2
2232 9
2233 8
2234 0
2235 2
2236 0
2237 6
2238 2
2239 0
2240 0
2241 1
2242 0
2243 20
2244 12
2245 0
2246 3
2247 19
2248 29
2249 6
2250 21
2251 11
2252 3
2253 7
2254 23
2255 11
2256 14
2257 7
2258 0
2259 1
2260 16
2261 2
2262 0
2263 0
2264 0
2265 7
2266 29
2267 26
2268 21
2269 31
2270 30
2271 18
2272 0
2273 3
2274 31
2275 19
2276 9
2277 29
2278 9
2279 2
2280 0
2281 19
2282 27
2283 4
2284 0
2285 2
2286 13
2287 0
2288 4
2289 6
2290 25
2291 35
2292 3
2293 0
2294 28
2295 19
2296 6
2297 0
2298 7
2299 0
2300 14
2301 15
2302 9
2303 0
2304 5
2305 1
2306 0
2307 10
2308 25
2309 10
2310 10
2311 8
2312 4
2313 5
2314 11
2315 5
2316 28
2317 11
2318 0
2319 3
2320 24
2321 12
2322 8
2323 0
2324 0
2325 3
2326 24
2327 40
2328 9
2329 3
2330 3
2331 0
2332 5
2333 7
2334 37
2335 54
2336 4
2337 0
2338 4
2339 13
2340 14
2341 3
2342 0
2343 0
2344 9
2345 22
2346 9
2347 17
2348 2
2349 11
2350 10
2351 19
2352 17
2353 24
2354 14
2355 3
2356 10
2357 4
2358 1
2359 0
2360 0
2361 0
2362 0
2363 26
2364 26
2365 2
2366 19
2367 14
2368 3
2369 10
2370 17
2371 0
2372 8
2373 5
2374 0
2375 10
2376 19
2377 0
2378 0
2379 2
2380 3
2381 0
2382 27
2383 10
2384 8
2385 31
2386 10
2387 22
2388 35
2389 18
2390 14
2391 26
2392 2
2393 3
2394 26
2395 7
2396 2
2397 0
2398 19
2399 0
2400 2
2401 13
2402 54
2403 4
2404 0
2405 18
2406 19
2407 16
2408 10
2409 11
2410 8
2411 20
2412 0
2413 4
2414 0
2415 5
2416 0
2417 4
2418 0
2419 15
2420 25
2421 22
2422 43
2423 10
2424 12
2425 17
2426 23
2427 22
2428 29
2429 7
2430 0
2431 6
2432 21
2433 0
2434 0
2435 9
2436 12
2437 5
2438 29
2439 2
2440 12
2441 23
2442 28
2443 10
2444 12
2445 12
2446 1
2447 0
2448 0
2449 10
2450 0
2451 0
2452 0
2453 0
2454 13
2455 12
2456 12
2457 12
2458 0
2459 6
2460 1
2461 1
2462 0
2463 0
2464 8
2465 48
2466 0
2467 0
2468 4
2469 4
2470 11
2471 5
2472 5
2473 1
2474 0
2475 0
2476 0
2477 2
2478 9
2479 0
2480 3
2481 6
2482 3
2483 5
2484 5
2485 11
2486 4
2487 16
2488 2
2489 3
2490 0
2491 0
2492 0
2493 0
2494 6
2495 12
2496 3
2497 8
2498 1
2499 5
2500 3
2501 5
2502 4
2503 21
2504 1
2505 0
2506 1
2507 0
2508 0
2509 4
2510 1
2511 5
2512 4
2513 5
2514 0
2515 0
2516 1
2517 0
2518 0
2519 0
2520 2
2521 1
2522 2
2523 9
2524 0
2525 0
2526 11
2527 4
2528 0
2529 1
2530 4
2531 1
2532 0
2533 0
2534 19
2535 20
2536 2
2537 4
2538 7
2539 1
2540 0
2541 2
2542 23
2543 6
2544 8
2545 23
2546 2
2547 0
2548 7
2549 2
2550 2
2551 0
2552 8
2553 14
2554 6
2555 0
2556 0
2557 1
2558 5
2559 4
2560 7
2561 11
2562 3
2563 9
2564 2
2565 2
2566 4
2567 2
2568 0
2569 0
2570 0
2571 2
2572 0
2573 4
2574 0
2575 5
2576 0
2577 0
2578 0
2579 0
2580 0
2581 0
2582 0
2583 0
2584 0
2585 0
2586 0
2587 0
2588 0
2589 0
2590 0
2591 0
2592 0
2593 0
2594 0
2595 0
2596 0
2597 0
2598 0
