0 594
1 13
2 62
3 23
4 186
5 362
6 20
7 26
8 13
9 26
10 157
11 501
12 89
13 354
14 954
15 365
16 651
17 110
18 79
19 1581
20 20
21 226
22 120
23 999
24 7
25 349
26 32
27 36
28 22
29 87
30 20
31 80
32 9
33 348
34 67
35 597
36 42
37 162
38 97
39 104
40 207
41 65
42 69
43 46
44 722
45 12
46 47
47 36
48 83
49 646
50 376
51 94
52 635
53 575
54 526
55 51
56 111
57 401
58 590
59 53
60 120
61 749
62 545
63 79
64 101
65 1501
66 150
67 536
68 266
69 17
70 118
71 128
72 46
73 24
74 595
75 1044
76 59
77 464
78 1049
79 1011
80 113
81 27
82 409
83 200
84 53
85 28
86 441
87 1468
88 1250
89 44
90 43
91 41
92 77
93 403
94 132
95 8
96 123
97 712
98 167
99 770
100 16
101 66
102 504
103 562
104 107
105 242
106 767
107 229
108 642
109 626
110 52
111 239
112 335
113 135
114 425
115 210
116 758
117 136
118 63
119 380
120 15
121 284
122 1229
123 350
124 123
125 37
126 96
127 131
128 157
129 322
130 152
131 336
132 86
133 2
134 37
135 1106
136 554
137 2592
138 189
139 163
140 988
141 876
142 127
143 146
144 22
145 47
146 629
147 156
148 901
149 516
150 237
151 0
152 12
153 243
154 184
155 328
156 144
157 253
158 2267
159 320
160 150
161 157
162 23
163 406
164 382
165 535
166 804
167 448
168 226
169 181
170 1054
171 605
172 231
173 185
174 916
175 1735
176 1101
177 130
178 336
179 20
180 1097
181 107
182 2647
183 1325
184 515
185 426
186 2034
187 1829
188 993
189 128
190 204
191 13
192 9
193 47
194 30
195 8
196 1002
197 607
198 83
199 838
200 621
201 585
202 205
203 1000
204 652
205 1427
206 2179
207 549
208 306
209 32
210 1535
211 44
212 203
213 486
214 7
215 1263
216 63
217 283
218 390
219 1843
220 391
221 1318
222 1340
223 1197
224 2013
225 1069
226 990
227 171
228 17
229 214
230 56
231 28
232 0
233 125
234 0
235 175
236 0
237 25
238 681
239 2454
240 93
241 2331
242 1363
243 224
244 1480
245 360
246 600
247 23
248 358
249 254
250 236
251 55
252 140
253 0
254 64
255 260
256 3513
257 1180
258 204
259 31
260 6
261 4
262 88
263 550
264 102
265 216
266 76
267 214
268 97
269 11
270 375
271 830
272 230
273 0
274 111
275 93
276 107
277 66
278 184
279 626
280 79
281 18
282 310
283 2268
284 53
285 70
286 227
287 197
288 221
289 128
290 1975
291 490
292 2685
293 982
294 44
295 522
296 724
297 276
298 395
299 179
300 470
301 371
302 611
303 463
304 2417
305 744
306 556
307 1205
308 9
309 616
310 481
311 637
312 915
313 156
314 134
315 829
316 768
317 908
318 2035
319 82
320 319
321 402
322 118
323 179
324 9
325 50
326 177
327 97
328 33
329 20
330 77
331 507
332 144
333 1077
334 1326
335 1199
336 123
337 477
338 1706
339 983
340 10
341 69
342 78
343 20
344 100
345 41
346 339
347 72
348 957
349 305
350 431
351 2051
352 333
353 77
354 15
355 34
356 31
357 472
358 15
359 584
360 617
361 1588
362 2165
363 72
364 1
365 6
366 176
367 327
368 674
369 860
370 293
371 205
372 180
373 333
374 163
375 211
376 455
377 25
378 108
379 514
380 556
381 22
382 476
383 35
384 414
385 699
386 10
387 26
388 590
389 811
390 1331
391 891
392 1454
393 35
394 779
395 357
396 1511
397 485
398 3
399 1028
400 65
401 500
402 267
403 250
404 748
405 567
406 1295
407 1022
408 295
409 38
410 123
411 271
412 436
413 1919
414 1261
415 68
416 236
417 468
418 84
419 344
420 157
421 88
422 843
423 784
424 1045
425 467
426 370
427 164
428 692
429 49
430 1499
431 95
432 135
433 273
434 38
435 101
436 1280
437 2034
438 2527
439 995
440 1419
441 1184
442 584
443 2064
444 352
445 309
446 227
447 58
448 940
449 370
450 752
451 383
452 704
453 1315
454 1421
455 228
456 840
457 1762
458 1098
459 8
460 57
461 1298
462 937
463 582
464 645
465 508
466 98
467 966
468 628
469 1328
470 1658
471 1798
472 1171
473 651
474 1210
475 476
476 84
477 140
478 77
479 235
480 156
481 270
482 380
483 82
484 981
485 355
486 523
487 800
488 338
489 1391
490 403
491 280
492 1415
493 2622
494 249
495 593
496 322
497 159
498 1510
499 511
500 509
501 484
502 357
503 161
504 73
505 506
506 825
507 97
508 97
509 2217
510 167
511 284
512 1067
513 1708
514 676
515 1025
516 563
517 414
518 39
519 359
520 1839
521 1511
522 58
523 255
524 335
525 36
526 28
527 136
528 599
529 164
530 98
531 178
532 1313
533 1149
534 126
535 1026
536 985
537 181
538 144
539 854
540 125
541 272
542 109
543 1032
544 1035
545 70
546 578
547 4
548 753
549 52
550 381
551 109
552 1133
553 1061
554 1575
555 1474
556 275
557 149
558 402
559 751
560 237
561 614
562 250
563 23
564 17
565 21
566 0
567 202
568 104
569 35
570 186
571 719
572 505
573 297
574 104
575 816
576 254
577 369
578 453
579 319
580 114
581 43
582 72
583 401
584 669
585 569
586 478
587 146
588 976
589 2048
590 64
591 34
592 411
593 55
594 76
595 186
596 179
597 99
598 1099
599 1568
600 1114
601 2375
602 479
603 397
604 286
605 144
606 537
607 511
608 1040
609 307
610 777
611 388
612 1136
613 757
614 1775
615 1196
616 1116
617 24
618 90
619 53
620 195
621 19
622 377
623 158
624 232
625 1363
626 673
627 1694
628 1093
629 870
630 1547
631 222
632 378
633 266
634 450
635 250
636 668
637 32
638 353
639 762
640 113
641 671
642 561
643 1574
644 344
645 1224
646 675
647 107
648 93
649 10
650 3
651 441
652 646
653 280
654 314
655 398
656 238
657 110
658 1294
659 895
660 93
661 627
662 75
663 808
664 158
665 83
666 740
667 561
668 47
669 336
670 519
671 1243
672 163
673 95
674 160
675 51
676 890
677 1167
678 850
679 526
680 1323
681 1064
682 45
683 282
684 192
685 524
686 145
687 19
688 27
689 325
690 1314
691 825
692 487
693 20
694 147
695 206
696 185
697 131
698 111
699 488
700 267
701 335
702 569
703 60
704 153
705 1033
706 1561
707 625
708 46
709 743
710 63
711 9
712 116
713 115
714 1
715 98
716 504
717 2112
718 953
719 799
720 1946
721 418
722 229
723 16
724 326
725 220
726 432
727 307
728 303
729 694
730 485
731 976
732 187
733 437
734 481
735 250
736 688
737 526
738 1202
739 1375
740 475
741 329
742 33
743 213
744 964
745 40
746 14
747 10
748 822
749 329
750 2177
751 77
752 947
753 244
754 753
755 52
756 386
757 150
758 312
759 1211
760 616
761 177
762 519
763 182
764 1498
765 500
766 475
767 486
768 24
769 238
770 1599
771 223
772 106
773 0
774 374
775 582
776 365
777 360
778 355
779 41
780 11
781 119
782 378
783 192
784 535
785 239
786 936
787 576
788 116
789 1275
790 150
791 170
792 303
793 737
794 711
795 0
796 715
797 876
798 435
799 240
800 145
801 8
802 207
803 21
804 58
805 46
806 1430
807 587
808 353
809 1021
810 568
811 133
812 471
813 435
814 123
815 40
816 0
817 0
818 234
819 1090
820 1146
821 1113
822 503
823 675
824 137
825 475
826 189
827 913
828 602
829 314
830 254
831 411
832 554
833 762
834 734
835 335
836 494
837 224
838 208
839 80
840 16
841 136
842 78
843 0
844 290
845 539
846 588
847 858
848 561
849 173
850 740
851 19
852 647
853 165
854 69
855 473
856 147
857 936
858 847
859 137
860 176
861 362
862 796
863 217
864 307
865 465
866 145
867 424
868 120
869 103
870 210
871 87
872 31
873 66
874 0
875 11
876 126
877 1285
878 511
879 412
880 1837
881 1132
882 173
883 161
884 646
885 83
886 153
887 111
888 420
889 2104
890 196
891 177
892 498
893 219
894 193
895 353
896 230
897 456
898 137
899 87
900 0
901 22
902 155
903 2192
904 1019
905 207
906 956
907 1379
908 984
909 46
910 102
911 733
912 21
913 45
914 299
915 896
916 56
917 327
918 891
919 233
920 824
921 1072
922 345
923 81
924 217
925 38
926 187
927 405
928 0
929 36
930 558
931 1694
932 535
933 1676
934 791
935 1244
936 229
937 135
938 711
939 285
940 1087
941 463
942 2
943 79
944 959
945 1173
946 396
947 29
948 13
949 773
950 558
951 44
952 455
953 975
954 424
955 1692
956 1830
957 361
958 254
959 610
960 354
961 51
962 199
963 577
964 715
965 175
966 495
967 431
968 487
969 1242
970 565
971 35
972 417
973 929
974 326
975 582
976 102
977 47
978 2247
979 335
980 2023
981 2019
982 403
983 208
984 1305
985 1057
986 306
987 92
988 3
989 25
990 68
991 173
992 222
993 1527
994 799
995 244
996 391
997 116
998 215
999 449
1000 201
1001 534
1002 909
1003 18
1004 10
1005 26
1006 11
1007 845
1008 1524
1009 6
1010 253
1011 130
1012 76
1013 1
1014 11
1015 38
1016 385
1017 1122
1018 110
1019 993
1020 858
1021 1402
1022 908
1023 374
1024 501
1025 166
1026 682
1027 1733
1028 353
1029 119
1030 146
1031 861
1032 36
1033 58
1034 290
1035 537
1036 269
1037 125
1038 1377
1039 826
1040 1239
1041 690
1042 37
1043 410
1044 188
1045 315
1046 599
1047 420
1048 630
1049 94
1050 103
1051 12
1052 27
1053 35
1054 66
1055 205
1056 336
1057 484
1058 809
1059 1286
1060 1294
1061 294
1062 2
1063 58
1064 0
1065 93
1066 81
1067 339
1068 107
1069 285
1070 296
1071 168
1072 1116
1073 442
1074 855
1075 93
1076 143
1077 26
1078 512
1079 77
1080 982
1081 537
1082 186
1083 409
1084 375
1085 143
1086 16
1087 84
1088 26
1089 28
1090 938
1091 1417
1092 1151
1093 1628
1094 751
1095 122
1096 282
1097 99
1098 297
1099 1808
1100 57
1101 132
1102 115
1103 256
1104 85
1105 159
1106 1656
1107 1629
1108 320
1109 27
1110 3191
1111 879
1112 102
1113 577
1114 1053
1115 108
1116 29
1117 148
1118 147
1119 1204
1120 1109
1121 999
1122 133
1123 50
1124 305
1125 51
1126 316
1127 19
1128 399
1129 615
1130 29
1131 33
1132 5
1133 485
1134 303
1135 161
1136 0
1137 5
1138 7
1139 760
1140 3362
1141 1990
1142 767
1143 26
1144 96
1145 5
1146 179
1147 9
1148 48
1149 1272
1150 2012
1151 173
1152 225
1153 283
1154 497
1155 1543
1156 1060
1157 772
1158 216
1159 66
1160 213
1161 86
1162 421
1163 1
1164 50
1165 17
1166 315
1167 481
1168 1082
1169 171
1170 1168
1171 16
1172 16
1173 205
1174 53
1175 75
1176 751
1177 1639
1178 207
1179 1319
1180 140
1181 896
1182 627
1183 1223
1184 450
1185 999
1186 593
1187 383
1188 78
1189 24
1190 30
1191 524
1192 500
1193 47
1194 132
1195 51
1196 134
1197 51
1198 440
1199 455
1200 247
1201 37
1202 20
1203 1394
1204 128
1205 70
1206 236
1207 43
1208 336
1209 199
1210 912
1211 854
1212 2003
1213 145
1214 548
1215 1053
1216 481
1217 2016
1218 971
1219 221
1220 593
1221 380
1222 156
1223 475
1224 426
1225 120
1226 310
1227 107
1228 484
1229 884
1230 295
1231 37
1232 263
1233 505
1234 664
1235 1799
1236 325
1237 436
1238 646
1239 27
1240 261
1241 6
1242 82
1243 673
1244 29
1245 353
1246 180
1247 608
1248 1474
1249 2340
1250 131
1251 948
1252 1547
1253 2042
1254 3275
1255 469
1256 359
1257 124
1258 941
1259 106
1260 324
1261 141
1262 337
1263 409
1264 1035
1265 758
1266 507
1267 172
1268 53
1269 44
1270 78
1271 221
1272 426
1273 418
1274 2746
1275 1284
1276 111
1277 240
1278 250
1279 313
1280 33
1281 42
1282 42
1283 31
1284 22
1285 12
1286 688
1287 1463
1288 418
1289 1197
1290 1044
1291 1077
1292 469
1293 587
1294 8392
1295 2870
1296 308
1297 68
1298 380
1299 1062
1300 160
1301 17
1302 218
1303 495
1304 1605
1305 335
1306 233
1307 899
1308 679
1309 639
1310 158
1311 501
1312 9
1313 10
1314 31
1315 1373
1316 1177
1317 1290
1318 1549
1319 1429
1320 1426
1321 2650
1322 1515
1323 207
1324 162
1325 383
1326 107
1327 193
1328 7
1329 315
1330 166
1331 416
1332 1725
1333 488
1334 144
1335 376
1336 329
1337 1102
1338 808
1339 2872
1340 3875
1341 624
1342 246
1343 975
1344 1217
1345 265
1346 188
1347 136
1348 91
1349 296
1350 1519
1351 135
1352 74
1353 1320
1354 167
1355 756
1356 673
1357 188
1358 266
1359 781
1360 138
1361 14
1362 24
1363 585
1364 2052
1365 2396
1366 493
1367 715
1368 691
1369 1544
1370 1148
1371 1148
1372 12
1373 138
1374 28
1375 26
1376 68
1377 114
1378 416
1379 1541
1380 1711
1381 207
1382 269
1383 327
1384 754
1385 408
1386 1017
1387 2960
1388 906
1389 141
1390 993
1391 857
1392 206
1393 213
1394 127
1395 464
1396 482
1397 393
1398 3
1399 141
1400 1116
1401 680
1402 552
1403 707
1404 661
1405 252
1406 323
1407 871
1408 811
1409 867
1410 805
1411 321
1412 285
1413 1
1414 166
1415 99
1416 715
1417 1012
1418 621
1419 1654
1420 761
1421 1897
1422 511
1423 43
1424 185
1425 44
1426 175
1427 743
1428 2214
1429 2943
1430 1862
1431 2454
1432 1710
1433 759
1434 804
1435 1054
1436 751
1437 1775
1438 36
1439 14
1440 490
1441 488
1442 2820
1443 458
1444 443
1445 1073
1446 1603
1447 315
1448 475
1449 241
1450 207
1451 1784
1452 370
1453 1083
1454 602
1455 104
1456 503
1457 1861
1458 64
1459 1879
1460 596
1461 294
1462 179
1463 349
1464 22
1465 298
1466 520
1467 477
1468 155
1469 140
1470 61
1471 12
1472 87
1473 113
1474 105
1475 559
1476 2699
1477 4822
1478 1961
1479 1512
1480 2090
1481 1704
1482 330
1483 1204
1484 892
1485 21
1486 257
1487 110
1488 854
1489 686
1490 3158
1491 784
1492 433
1493 808
1494 838
1495 191
1496 1358
1497 1826
1498 236
1499 607
1500 1082
1501 322
1502 487
1503 205
1504 820
1505 1418
1506 220
1507 494
1508 1201
1509 258
1510 479
1511 74
1512 119
1513 258
1514 1852
1515 610
1516 387
1517 70
1518 2
1519 0
1520 28
1521 74
1522 99
1523 84
1524 760
1525 2769
1526 1996
1527 5524
1528 4014
1529 2814
1530 1011
1531 46
1532 458
1533 1502
1534 118
1535 838
1536 537
1537 518
1538 978
1539 641
1540 56
1541 801
1542 193
1543 550
1544 2990
1545 1769
1546 2032
1547 919
1548 299
1549 679
1550 1314
1551 379
1552 308
1553 571
1554 302
1555 397
1556 1746
1557 3045
1558 298
1559 340
1560 647
1561 1888
1562 1200
1563 1139
1564 27
1565 85
1566 490
1567 550
1568 1454
1569 27
1570 55
1571 274
1572 4005
1573 7783
1574 2602
1575 250
1576 2544
1577 1254
1578 798
1579 1780
1580 2192
1581 820
1582 1008
1583 803
1584 553
1585 161
1586 33
1587 404
1588 1380
1589 162
1590 2616
1591 858
1592 641
1593 647
1594 682
1595 2147
1596 1404
1597 187
1598 80
1599 206
1600 1933
1601 671
1602 1983
1603 262
1604 162
1605 29
1606 110
1607 317
1608 14
1609 21
1610 36
1611 12
1612 609
1613 709
1614 417
1615 81
1616 938
1617 3466
1618 2587
1619 4783
1620 2109
1621 3444
1622 3010
1623 1119
1624 747
1625 123
1626 2320
1627 1240
1628 527
1629 1344
1630 781
1631 679
1632 829
1633 653
1634 1026
1635 356
1636 378
1637 562
1638 594
1639 676
1640 1179
1641 280
1642 32
1643 77
1644 121
1645 2238
1646 3874
1647 743
1648 1339
1649 648
1650 401
1651 1421
1652 3397
1653 113
1654 522
1655 1385
1656 1582
1657 449
1658 685
1659 974
1660 520
1661 716
1662 721
1663 203
1664 720
1665 1161
1666 771
1667 1785
1668 1592
1669 34
1670 389
1671 358
1672 12
1673 88
1674 31
1675 63
1676 53
1677 3834
1678 2578
1679 1993
1680 2231
1681 813
1682 1242
1683 1246
1684 700
1685 1576
1686 995
1687 357
1688 543
1689 914
1690 338
1691 889
1692 251
1693 512
1694 949
1695 90
1696 428
1697 102
1698 216
1699 257
1700 127
1701 1897
1702 193
1703 616
1704 9
1705 23
1706 136
1707 503
1708 43
1709 695
1710 3604
1711 1088
1712 698
1713 534
1714 537
1715 1595
1716 1072
1717 819
1718 242
1719 516
1720 81
1721 547
1722 152
1723 146
1724 235
1725 198
1726 541
1727 369
1728 1308
1729 1087
1730 80
1731 145
1732 55
1733 486
1734 209
1735 56
1736 332
1737 783
1738 1395
1739 1255
1740 843
1741 316
1742 1188
1743 169
1744 549
1745 925
1746 438
1747 26
1748 88
1749 175
1750 311
1751 785
1752 1208
1753 138
1754 79
1755 437
1756 229
1757 329
1758 469
1759 45
1760 34
1761 1299
1762 383
1763 579
1764 615
1765 657
1766 382
1767 1381
1768 762
1769 26
1770 128
1771 369
1772 702
1773 1214
1774 547
1775 463
1776 460
1777 655
1778 1161
1779 32
1780 198
1781 16
1782 673
1783 58
1784 261
1785 347
1786 49
1787 912
1788 418
1789 207
1790 615
1791 29
1792 919
1793 402
1794 84
1795 0
1796 206
1797 1545
1798 1444
1799 2844
1800 2259
1801 677
1802 794
1803 233
1804 481
1805 2105
1806 2128
1807 536
1808 664
1809 25
1810 771
1811 372
1812 309
1813 308
1814 224
1815 305
1816 191
1817 37
1818 378
1819 86
1820 686
1821 440
1822 299
1823 448
1824 1576
1825 527
1826 164
1827 559
1828 702
1829 1231
1830 82
1831 1008
1832 249
1833 1010
1834 184
1835 1332
1836 488
1837 125
1838 468
1839 234
1840 386
1841 347
1842 155
1843 496
1844 1621
1845 1166
1846 363
1847 449
1848 1065
1849 1680
1850 188
1851 136
1852 215
1853 719
1854 289
1855 843
1856 509
1857 171
1858 1405
1859 1583
1860 472
1861 1104
1862 1082
1863 57
1864 463
1865 168
1866 525
1867 4224
1868 964
1869 510
1870 152
1871 563
1872 1859
1873 999
1874 322
1875 135
1876 137
1877 476
1878 571
1879 396
1880 42
1881 1007
1882 1606
1883 1943
1884 957
1885 409
1886 152
1887 166
1888 34
1889 922
1890 993
1891 275
1892 618
1893 682
1894 2650
1895 2673
1896 1168
1897 304
1898 255
1899 239
1900 1301
1901 776
1902 135
1903 1720
1904 578
1905 823
1906 591
1907 804
1908 479
1909 528
1910 500
1911 756
1912 1393
1913 725
1914 170
1915 84
1916 91
1917 906
1918 401
1919 932
1920 348
1921 703
1922 165
1923 765
1924 799
1925 809
1926 133
1927 172
1928 203
1929 192
1930 509
1931 740
1932 267
1933 103
1934 316
1935 766
1936 991
1937 120
1938 146
1939 230
1940 881
1941 805
1942 1992
1943 1730
1944 223
1945 341
1946 355
1947 69
1948 365
1949 295
1950 280
1951 934
1952 599
1953 1072
1954 511
1955 1539
1956 253
1957 585
1958 804
1959 436
1960 320
1961 117
1962 28
1963 174
1964 1662
1965 1789
1966 182
1967 945
1968 1629
1969 636
1970 353
1971 705
1972 1494
1973 194
1974 363
1975 914
1976 403
1977 5
1978 80
1979 69
1980 843
1981 1498
1982 669
1983 140
1984 317
1985 1473
1986 660
1987 82
1988 112
1989 1021
1990 567
1991 741
1992 532
1993 305
1994 613
1995 1379
1996 2334
1997 776
1998 419
1999 988
2000 927
2001 43
2002 157
2003 490
2004 1322
2005 707
2006 368
2007 555
2008 401
2009 600
2010 655
2011 833
2012 168
2013 144
2014 944
2015 718
2016 1411
2017 1857
2018 156
2019 1278
2020 414
2021 380
2022 286
2023 1343
2024 2060
2025 65
2026 511
2027 421
2028 480
2029 268
2030 842
2031 1137
2032 771
2033 243
2034 783
2035 1205
2036 1642
2037 614
2038 519
2039 383
2040 253
2041 222
2042 316
2043 1164
2044 221
2045 506
2046 411
2047 447
2048 1427
2049 1644
2050 1041
2051 1056
2052 90
2053 131
2054 704
2055 2303
2056 381
2057 482
2058 450
2059 508
2060 503
2061 988
2062 721
2063 583
2064 163
2065 111
2066 1025
2067 728
2068 52
2069 1160
2070 286
2071 600
2072 1353
2073 1162
2074 558
2075 892
2076 1227
2077 312
2078 21
2079 181
2080 772
2081 1498
2082 1004
2083 786
2084 487
2085 355
2086 928
2087 669
2088 999
2089 792
2090 583
2091 408
2092 337
2093 385
2094 647
2095 2236
2096 653
2097 2409
2098 1201
2099 678
2100 310
2101 159
2102 49
2103 1732
2104 1610
2105 704
2106 29
2107 20
2108 285
2109 228
2110 1213
2111 834
2112 1208
2113 701
2114 471
2115 872
2116 546
2117 486
2118 1553
2119 1451
2120 299
2121 279
2122 106
2123 120
2124 1339
2125 163
2126 803
2127 786
2128 1193
2129 389
2130 597
2131 1399
2132 1727
2133 208
2134 11
2135 151
2136 36
2137 878
2138 1702
2139 434
2140 132
2141 26
2142 40
2143 48
2144 1122
2145 1184
2146 466
2147 213
2148 1647
2149 665
2150 1807
2151 280
2152 1113
2153 1334
2154 1038
2155 327
2156 83
2157 114
2158 82
2159 492
2160 1485
2161 1546
2162 14
2163 59
2164 256
2165 1112
2166 557
2167 464
2168 272
2169 695
2170 246
2171 125
2172 925
2173 574
2174 48
2175 401
2176 40
2177 696
2178 120
2179 290
2180 172
2181 388
2182 310
2183 518
2184 170
2185 3
2186 19
2187 817
2188 344
2189 299
2190 1017
2191 786
2192 284
2193 1113
2194 159
2195 56
2196 18
2197 170
2198 103
2199 514
2200 299
2201 585
2202 709
2203 1087
2204 200
2205 1138
2206 1124
2207 283
2208 46
2209 537
2210 460
2211 969
2212 1785
2213 1525
2214 234
2215 361
2216 50
2217 120
2218 73
2219 157
2220 612
2221 19
2222 45
2223 305
2224 769
2225 181
2226 116
2227 1199
2228 952
2229 813
2230 1002
2231 113
2232 352
2233 563
2234 30
2235 118
2236 62
2237 410
2238 127
2239 22
2240 8
2241 73
2242 44
2243 1300
2244 623
2245 119
2246 207
2247 1019
2248 1751
2249 247
2250 1415
2251 651
2252 190
2253 469
2254 1491
2255 653
2256 925
2257 225
2258 54
2259 166
2260 995
2261 165
2262 69
2263 30
2264 30
2265 358
2266 1728
2267 1341
2268 1142
2269 1624
2270 1630
2271 887
2272 43
2273 198
2274 1922
2275 1357
2276 701
2277 1488
2278 409
2279 116
2280 96
2281 1217
2282 1660
2283 175
2284 0
2285 142
2286 887
2287 172
2288 320
2289 298
2290 1425
2291 1962
2292 168
2293 27
2294 1562
2295 1295
2296 342
2297 635
2298 383
2299 49
2300 640
2301 981
2302 529
2303 26
2304 296
2305 85
2306 209
2307 511
2308 1428
2309 524
2310 470
2311 496
2312 358
2313 344
2314 697
2315 359
2316 1700
2317 543
2318 13
2319 196
2320 1269
2321 787
2322 609
2323 0
2324 13
2325 158
2326 1567
2327 2533
2328 453
2329 112
2330 165
2331 84
2332 321
2333 329
2334 2332
2335 2908
2336 355
2337 83
2338 364
2339 752
2340 635
2341 211
2342 8
2343 5
2344 551
2345 1055
2346 600
2347 860
2348 117
2349 503
2350 719
2351 1120
2352 968
2353 1594
2354 909
2355 230
2356 682
2357 253
2358 96
2359 6
2360 34
2361 14
2362 45
2363 1471
2364 1293
2365 171
2366 1041
2367 808
2368 203
2369 605
2370 1000
2371 643
2372 593
2373 314
2374 43
2375 730
2376 1044
2377 32
2378 18
2379 147
2380 221
2381 52
2382 1263
2383 755
2384 512
2385 1774
2386 499
2387 1247
2388 2181
2389 1261
2390 840
2391 1502
2392 218
2393 218
2394 1449
2395 459
2396 170
2397 27
2398 1207
2399 40
2400 145
2401 803
2402 2957
2403 216
2404 413
2405 1011
2406 1314
2407 912
2408 516
2409 710
2410 507
2411 1105
2412 786
2413 168
2414 9
2415 343
2416 89
2417 203
2418 57
2419 752
2420 1476
2421 1186
2422 2744
2423 378
2424 699
2425 853
2426 1123
2427 1406
2428 1774
2429 324
2430 15
2431 354
2432 925
2433 6
2434 179
2435 434
2436 517
2437 313
2438 1675
2439 168
2440 695
2441 1427
2442 1309
2443 579
2444 690
2445 710
2446 122
2447 11
2448 14
2449 641
2450 55
2451 176
2452 105
2453 67
2454 542
2455 476
2456 789
2457 698
2458 148
2459 420
2460 104
2461 64
2462 6
2463 85
2464 418
2465 2624
2466 435
2467 16
2468 169
2469 216
2470 402
2471 309
2472 277
2473 56
2474 30
2475 21
2476 0
2477 139
2478 675
2479 47
2480 246
2481 314
2482 93
2483 303
2484 453
2485 646
2486 295
2487 967
2488 181
2489 232
2490 42
2491 19
2492 5
2493 19
2494 291
2495 644
2496 199
2497 371
2498 101
2499 431
2500 239
2501 206
2502 275
2503 1156
2504 64
2505 13
2506 78
2507 24
2508 35
2509 222
2510 144
2511 201
2512 206
2513 406
2514 0
2515 0
2516 117
2517 16
2518 0
2519 29
2520 175
2521 103
2522 140
2523 460
2524 23
2525 17
2526 649
2527 280
2528 0
2529 113
2530 198
2531 118
2532 38
2533 24
2534 1014
2535 1256
2536 156
2537 337
2538 507
2539 84
2540 9
2541 84
2542 1487
2543 381
2544 508
2545 1298
2546 119
2547 58
2548 349
2549 190
2550 114
2551 49
2552 410
2553 830
2554 317
2555 11
2556 13
2557 104
2558 227
2559 183
2560 696
2561 556
2562 152
2563 428
2564 119
2565 133
2566 277
2567 140
2568 120
2569 52
2570 148
2571 80
2572 0
2573 247
2574 17
2575 570
2576 31
2577 46
2578 50
2579 33
2580 0
2581 5
2582 0
2583 0
2584 0
2585 0
2586 0
2587 0
2588 0
2589 0
2590 0
2591 0
2592 0
2593 0
2594 0
2595 0
2596 0
2597 0
2598 5
