0 1049
1 23
2 89
3 51
4 302
5 635
6 37
7 41
8 20
9 51
10 229
11 901
12 140
13 583
14 1584
15 580
16 1129
17 209
18 126
19 2521
20 21
21 341
22 199
23 1779
24 9
25 622
26 58
27 58
28 52
29 173
30 38
31 107
32 21
33 573
34 79
35 974
36 92
37 296
38 139
39 179
40 375
41 97
42 119
43 103
44 1295
45 36
46 99
47 68
48 95
49 1155
50 628
51 165
52 1005
53 1059
54 1024
55 107
56 199
57 736
58 1056
59 98
60 214
61 1348
62 1013
63 150
64 181
65 2496
66 261
67 875
68 425
69 52
70 187
71 204
72 58
73 52
74 984
75 1763
76 74
77 837
78 1782
79 1747
80 179
81 47
82 729
83 380
84 136
85 54
86 806
87 2488
88 2188
89 83
90 74
91 68
92 93
93 767
94 214
95 11
96 207
97 1121
98 294
99 1377
100 29
101 96
102 827
103 940
104 202
105 393
106 1320
107 384
108 1155
109 1044
110 74
111 403
112 598
113 213
114 815
115 384
116 1294
117 194
118 150
119 587
120 25
121 476
122 2128
123 632
124 220
125 54
126 196
127 224
128 313
129 571
130 226
131 557
132 151
133 4
134 91
135 1879
136 979
137 4465
138 287
139 288
140 1577
141 1410
142 234
143 263
144 36
145 79
146 1180
147 306
148 1521
149 964
150 427
151 0
152 23
153 416
154 358
155 576
156 203
157 417
158 4086
159 556
160 237
161 313
162 32
163 654
164 707
165 938
166 1294
167 721
168 428
169 280
170 1788
171 1006
172 408
173 338
174 1537
175 2993
176 1920
177 264
178 552
179 29
180 1833
181 174
182 4395
183 2157
184 956
185 680
186 3571
187 3132
188 1649
189 190
190 347
191 23
192 29
193 74
194 29
195 19
196 1672
197 973
198 161
199 1350
200 1134
201 961
202 349
203 1712
204 1072
205 2298
206 3799
207 897
208 525
209 31
210 2662
211 76
212 354
213 834
214 10
215 2055
216 139
217 503
218 639
219 3018
220 702
221 2284
222 2243
223 2084
224 3505
225 1871
226 1710
227 286
228 37
229 374
230 82
231 50
232 0
233 207
234 3
235 329
236 3
237 26
238 1000
239 4266
240 147
241 4069
242 2384
243 408
244 2595
245 565
246 1024
247 53
248 645
249 473
250 362
251 120
252 234
253 3
254 102
255 438
256 6070
257 2010
258 367
259 47
260 10
261 11
262 137
263 1006
264 153
265 381
266 115
267 366
268 166
269 22
270 621
271 1426
272 401
273 1
274 173
275 175
276 188
277 75
278 306
279 1125
280 128
281 46
282 593
283 3909
284 106
285 136
286 424
287 347
288 397
289 214
290 3244
291 830
292 4741
293 1608
294 62
295 889
296 1267
297 515
298 653
299 324
300 819
301 650
302 967
303 855
304 3961
305 1195
306 897
307 2045
308 26
309 1118
310 742
311 1170
312 1462
313 233
314 236
315 1446
316 1210
317 1580
318 3335
319 136
320 541
321 717
322 202
323 293
324 20
325 72
326 283
327 155
328 69
329 30
330 189
331 874
332 261
333 1729
334 2208
335 2046
336 230
337 813
338 2818
339 1830
340 28
341 92
342 134
343 38
344 164
345 88
346 583
347 117
348 1683
349 535
350 755
351 3300
352 572
353 118
354 12
355 62
356 51
357 895
358 32
359 1001
360 1087
361 2743
362 3744
363 134
364 3
365 28
366 264
367 534
368 1188
369 1418
370 477
371 347
372 321
373 519
374 254
375 352
376 796
377 55
378 189
379 888
380 864
381 26
382 801
383 68
384 747
385 1186
386 23
387 39
388 1084
389 1420
390 2302
391 1474
392 2491
393 72
394 1434
395 597
396 2634
397 878
398 10
399 1726
400 103
401 770
402 389
403 469
404 1234
405 1012
406 2380
407 1740
408 553
409 56
410 175
411 441
412 780
413 3302
414 2128
415 139
416 417
417 802
418 132
419 553
420 259
421 127
422 1465
423 1329
424 1869
425 821
426 640
427 311
428 1161
429 47
430 2615
431 172
432 249
433 491
434 78
435 143
436 2189
437 3333
438 4190
439 1618
440 2512
441 2040
442 927
443 3572
444 631
445 523
446 376
447 106
448 1698
449 571
450 1258
451 764
452 1231
453 2159
454 2373
455 365
456 1421
457 3099
458 1879
459 17
460 81
461 2236
462 1729
463 1075
464 1097
465 808
466 154
467 1770
468 1151
469 2438
470 2921
471 3040
472 2012
473 1117
474 2105
475 731
476 160
477 269
478 113
479 442
480 267
481 453
482 599
483 141
484 1623
485 522
486 901
487 1387
488 543
489 2443
490 640
491 481
492 2411
493 4515
494 425
495 929
496 509
497 261
498 2586
499 813
500 807
501 777
502 599
503 274
504 108
505 847
506 1355
507 216
508 159
509 3759
510 342
511 501
512 1726
513 2918
514 1100
515 1790
516 878
517 685
518 36
519 666
520 3026
521 2467
522 104
523 493
524 585
525 64
526 42
527 261
528 976
529 272
530 191
531 317
532 2108
533 1951
534 219
535 1814
536 1796
537 270
538 288
539 1388
540 235
541 468
542 204
543 1650
544 1711
545 101
546 914
547 15
548 1403
549 79
550 667
551 161
552 1928
553 1858
554 2696
555 2420
556 496
557 251
558 715
559 1301
560 353
561 969
562 387
563 61
564 41
565 32
566 0
567 344
568 168
569 64
570 266
571 1297
572 838
573 531
574 190
575 1382
576 430
577 650
578 767
579 467
580 168
581 67
582 124
583 717
584 1167
585 1045
586 844
587 285
588 1669
589 3490
590 113
591 68
592 764
593 83
594 111
595 369
596 301
597 172
598 1945
599 2807
600 1936
601 4131
602 841
603 659
604 461
605 274
606 907
607 978
608 1736
609 505
610 1216
611 694
612 1942
613 1291
614 3086
615 2025
616 1809
617 56
618 171
619 89
620 300
621 56
622 640
623 316
624 395
625 2347
626 1139
627 3026
628 1957
629 1521
630 2448
631 380
632 594
633 450
634 710
635 432
636 1159
637 81
638 536
639 1302
640 176
641 1143
642 983
643 2794
644 518
645 2050
646 1149
647 148
648 142
649 25
650 12
651 780
652 1074
653 583
654 514
655 608
656 406
657 205
658 2152
659 1551
660 146
661 1021
662 118
663 1442
664 285
665 120
666 1226
667 912
668 93
669 516
670 855
671 1980
672 213
673 145
674 308
675 88
676 1579
677 1993
678 1447
679 899
680 2413
681 1872
682 90
683 430
684 317
685 913
686 223
687 43
688 62
689 543
690 2301
691 1468
692 863
693 32
694 238
695 298
696 357
697 214
698 188
699 811
700 535
701 594
702 1038
703 100
704 256
705 1742
706 2494
707 1059
708 119
709 1173
710 80
711 18
712 207
713 181
714 6
715 185
716 953
717 3494
718 1588
719 1379
720 3296
721 744
722 399
723 34
724 550
725 382
726 815
727 540
728 471
729 1266
730 783
731 1690
732 256
733 749
734 916
735 377
736 1293
737 883
738 2170
739 2281
740 879
741 551
742 57
743 421
744 1536
745 53
746 31
747 13
748 1459
749 563
750 3686
751 155
752 1582
753 387
754 1286
755 103
756 634
757 274
758 559
759 2137
760 1001
761 337
762 903
763 326
764 2618
765 808
766 833
767 752
768 40
769 417
770 2684
771 381
772 171
773 0
774 622
775 1060
776 651
777 595
778 645
779 108
780 23
781 223
782 664
783 342
784 903
785 437
786 1582
787 1080
788 205
789 2037
790 268
791 331
792 560
793 1325
794 1180
795 0
796 1185
797 1529
798 767
799 426
800 226
801 8
802 406
803 30
804 86
805 83
806 2424
807 986
808 601
809 1643
810 996
811 240
812 783
813 818
814 248
815 69
816 0
817 2
818 469
819 1852
820 1991
821 2048
822 875
823 1139
824 238
825 817
826 344
827 1609
828 985
829 501
830 438
831 652
832 997
833 1251
834 1322
835 607
836 883
837 402
838 329
839 144
840 33
841 167
842 138
843 0
844 525
845 890
846 922
847 1505
848 910
849 240
850 1324
851 40
852 1126
853 279
854 106
855 805
856 290
857 1530
858 1458
859 254
860 256
861 578
862 1343
863 360
864 552
865 803
866 232
867 757
868 194
869 179
870 365
871 120
872 45
873 121
874 7
875 20
876 151
877 2334
878 927
879 637
880 3027
881 1976
882 292
883 239
884 1084
885 127
886 245
887 188
888 695
889 3561
890 305
891 303
892 771
893 343
894 316
895 631
896 398
897 854
898 250
899 148
900 0
901 35
902 285
903 3967
904 1813
905 359
906 1696
907 2186
908 1761
909 63
910 196
911 1270
912 65
913 91
914 540
915 1454
916 95
917 620
918 1508
919 432
920 1470
921 1769
922 578
923 119
924 305
925 81
926 283
927 661
928 1
929 67
930 902
931 2913
932 981
933 2894
934 1317
935 2144
936 365
937 270
938 1196
939 477
940 1877
941 733
942 6
943 120
944 1701
945 2108
946 699
947 44
948 19
949 1365
950 964
951 86
952 802
953 1756
954 779
955 2905
956 3253
957 636
958 391
959 1093
960 614
961 84
962 331
963 1078
964 1213
965 270
966 850
967 701
968 882
969 2244
970 830
971 43
972 771
973 1680
974 544
975 917
976 193
977 120
978 3936
979 601
980 3380
981 3499
982 658
983 348
984 2084
985 1847
986 521
987 160
988 14
989 31
990 96
991 332
992 461
993 2609
994 1352
995 385
996 725
997 199
998 399
999 733
1000 322
1001 878
1002 1596
1003 34
1004 16
1005 43
1006 22
1007 1394
1008 2540
1009 20
1010 420
1011 222
1012 120
1013 5
1014 16
1015 34
1016 704
1017 2024
1018 178
1019 1654
1020 1455
1021 2364
1022 1583
1023 613
1024 866
1025 281
1026 1071
1027 2796
1028 564
1029 195
1030 211
1031 1557
1032 59
1033 128
1034 445
1035 930
1036 470
1037 221
1038 2337
1039 1450
1040 2151
1041 1230
1042 90
1043 730
1044 275
1045 482
1046 1003
1047 796
1048 1094
1049 164
1050 188
1051 24
1052 33
1053 47
1054 107
1055 367
1056 496
1057 850
1058 1279
1059 2073
1060 2178
1061 497
1062 8
1063 141
1064 0
1065 167
1066 108
1067 564
1068 174
1069 518
1070 514
1071 272
1072 1922
1073 756
1074 1454
1075 170
1076 241
1077 9
1078 861
1079 136
1080 1620
1081 1003
1082 331
1083 705
1084 615
1085 245
1086 18
1087 156
1088 42
1089 61
1090 1532
1091 2442
1092 1875
1093 2667
1094 1308
1095 219
1096 502
1097 185
1098 537
1099 2940
1100 103
1101 189
1102 209
1103 501
1104 162
1105 258
1106 2855
1107 2778
1108 528
1109 43
1110 5585
1111 1430
1112 157
1113 1009
1114 1821
1115 181
1116 47
1117 262
1118 272
1119 2036
1120 1874
1121 1707
1122 224
1123 104
1124 485
1125 73
1126 520
1127 22
1128 719
1129 1084
1130 52
1131 44
1132 11
1133 780
1134 497
1135 330
1136 1
1137 9
1138 19
1139 1391
1140 5781
1141 3413
1142 1267
1143 40
1144 155
1145 18
1146 349
1147 4
1148 102
1149 2049
1150 3458
1151 309
1152 338
1153 464
1154 902
1155 2740
1156 1803
1157 1317
1158 396
1159 144
1160 370
1161 150
1162 674
1163 9
1164 71
1165 26
1166 588
1167 824
1168 1849
1169 299
1170 1952
1171 38
1172 35
1173 301
1174 95
1175 108
1176 1321
1177 2854
1178 418
1179 2259
1180 233
1181 1500
1182 1071
1183 2189
1184 857
1185 1741
1186 1005
1187 715
1188 94
1189 39
1190 45
1191 905
1192 893
1193 61
1194 238
1195 88
1196 256
1197 67
1198 725
1199 757
1200 411
1201 60
1202 45
1203 2250
1204 192
1205 75
1206 390
1207 91
1208 677
1209 376
1210 1657
1211 1408
1212 3389
1213 282
1214 868
1215 1877
1216 792
1217 3375
1218 1683
1219 308
1220 1061
1221 575
1222 255
1223 791
1224 661
1225 220
1226 540
1227 186
1228 840
1229 1484
1230 562
1231 87
1232 429
1233 915
1234 1079
1235 3001
1236 697
1237 733
1238 1133
1239 40
1240 426
1241 16
1242 118
1243 1208
1244 46
1245 570
1246 389
1247 1174
1248 2536
1249 3899
1250 245
1251 1668
1252 2706
1253 3425
1254 5529
1255 797
1256 663
1257 230
1258 1531
1259 201
1260 618
1261 208
1262 639
1263 716
1264 1946
1265 1423
1266 770
1267 249
1268 76
1269 79
1270 157
1271 365
1272 688
1273 719
1274 4685
1275 2191
1276 203
1277 372
1278 443
1279 537
1280 60
1281 94
1282 59
1283 56
1284 30
1285 17
1286 1217
1287 2432
1288 691
1289 2123
1290 1793
1291 1810
1292 841
1293 990
1294 14168
1295 5117
1296 591
1297 137
1298 655
1299 1651
1300 281
1301 15
1302 427
1303 854
1304 2660
1305 539
1306 345
1307 1628
1308 1227
1309 1101
1310 248
1311 883
1312 30
1313 26
1314 39
1315 2339
1316 2084
1317 2136
1318 2770
1319 2533
1320 2403
1321 4630
1322 2580
1323 394
1324 295
1325 713
1326 178
1327 325
1328 18
1329 554
1330 259
1331 680
1332 2865
1333 795
1334 246
1335 645
1336 600
1337 1822
1338 1447
1339 4953
1340 6515
1341 1070
1342 438
1343 1624
1344 2077
1345 422
1346 313
1347 284
1348 155
1349 549
1350 2576
1351 225
1352 104
1353 2362
1354 320
1355 1248
1356 1184
1357 308
1358 370
1359 1329
1360 202
1361 17
1362 38
1363 960
1364 3487
1365 4126
1366 843
1367 1246
1368 1162
1369 2603
1370 1857
1371 1864
1372 21
1373 255
1374 45
1375 27
1376 130
1377 233
1378 693
1379 2656
1380 2927
1381 407
1382 455
1383 526
1384 1242
1385 623
1386 1805
1387 5075
1388 1503
1389 252
1390 1674
1391 1411
1392 294
1393 426
1394 220
1395 839
1396 817
1397 626
1398 18
1399 302
1400 1800
1401 1141
1402 902
1403 1216
1404 1022
1405 498
1406 524
1407 1396
1408 1406
1409 1549
1410 1329
1411 565
1412 489
1413 2
1414 285
1415 168
1416 1186
1417 1696
1418 1082
1419 2779
1420 1313
1421 3350
1422 895
1423 71
1424 311
1425 85
1426 311
1427 1275
1428 3739
1429 5173
1430 3083
1431 4191
1432 2987
1433 1216
1434 1424
1435 1841
1436 1341
1437 2993
1438 75
1439 23
1440 871
1441 788
1442 4775
1443 834
1444 832
1445 1793
1446 2651
1447 550
1448 822
1449 446
1450 381
1451 3091
1452 592
1453 1851
1454 1123
1455 165
1456 812
1457 3215
1458 113
1459 3172
1460 925
1461 503
1462 278
1463 585
1464 25
1465 548
1466 903
1467 848
1468 234
1469 215
1470 86
1471 17
1472 162
1473 208
1474 173
1475 937
1476 4676
1477 8553
1478 3331
1479 2674
1480 3569
1481 2960
1482 622
1483 2085
1484 1475
1485 28
1486 506
1487 169
1488 1447
1489 1200
1490 5447
1491 1360
1492 721
1493 1451
1494 1513
1495 412
1496 2533
1497 3010
1498 461
1499 1071
1500 1884
1501 530
1502 762
1503 367
1504 1386
1505 2435
1506 426
1507 813
1508 2267
1509 464
1510 889
1511 148
1512 188
1513 443
1514 3106
1515 1072
1516 568
1517 106
1518 5
1519 0
1520 44
1521 103
1522 183
1523 161
1524 1299
1525 4716
1526 3336
1527 9607
1528 7050
1529 4453
1530 1664
1531 98
1532 790
1533 2578
1534 232
1535 1477
1536 855
1537 877
1538 1592
1539 1105
1540 97
1541 1363
1542 345
1543 982
1544 5033
1545 2905
1546 3411
1547 1550
1548 493
1549 1178
1550 2273
1551 537
1552 548
1553 975
1554 518
1555 594
1556 2921
1557 5235
1558 563
1559 583
1560 1030
1561 3323
1562 2125
1563 1922
1564 49
1565 153
1566 896
1567 920
1568 2527
1569 55
1570 121
1571 467
1572 6863
1573 13353
1574 4633
1575 498
1576 4519
1577 2010
1578 1423
1579 3159
1580 3844
1581 1364
1582 1818
1583 1369
1584 892
1585 245
1586 65
1587 739
1588 2255
1589 279
1590 4528
1591 1559
1592 1108
1593 1088
1594 1130
1595 3639
1596 2628
1597 391
1598 142
1599 347
1600 3263
1601 1089
1602 3251
1603 439
1604 289
1605 31
1606 206
1607 524
1608 19
1609 39
1610 53
1611 24
1612 1081
1613 1271
1614 713
1615 128
1616 1654
1617 5809
1618 4462
1619 8143
1620 3800
1621 5959
1622 4988
1623 1965
1624 1398
1625 250
1626 3952
1627 1996
1628 971
1629 2198
1630 1343
1631 1109
1632 1297
1633 1081
1634 1803
1635 599
1636 556
1637 976
1638 1051
1639 1225
1640 2113
1641 492
1642 43
1643 147
1644 202
1645 3773
1646 6610
1647 1316
1648 2326
1649 1051
1650 677
1651 2269
1652 5766
1653 225
1654 840
1655 2567
1656 2712
1657 701
1658 1193
1659 1757
1660 859
1661 1250
1662 1113
1663 354
1664 1201
1665 1840
1666 1396
1667 3112
1668 2696
1669 84
1670 597
1671 700
1672 26
1673 153
1674 44
1675 97
1676 80
1677 6748
1678 4407
1679 3636
1680 3804
1681 1380
1682 2129
1683 2190
1684 1167
1685 2564
1686 1746
1687 690
1688 958
1689 1471
1690 674
1691 1581
1692 376
1693 919
1694 1505
1695 140
1696 662
1697 176
1698 336
1699 487
1700 199
1701 3342
1702 364
1703 1026
1704 12
1705 49
1706 259
1707 781
1708 60
1709 1155
1710 6225
1711 1896
1712 1176
1713 908
1714 965
1715 2735
1716 1794
1717 1432
1718 465
1719 888
1720 154
1721 959
1722 272
1723 220
1724 428
1725 348
1726 868
1727 600
1728 2254
1729 1916
1730 132
1731 269
1732 95
1733 808
1734 359
1735 86
1736 596
1737 1335
1738 2421
1739 2191
1740 1463
1741 513
1742 1917
1743 205
1744 978
1745 1576
1746 725
1747 46
1748 186
1749 293
1750 506
1751 1462
1752 2115
1753 219
1754 101
1755 653
1756 408
1757 518
1758 860
1759 48
1760 47
1761 2340
1762 659
1763 1016
1764 1101
1765 1146
1766 644
1767 2263
1768 1339
1769 36
1770 256
1771 623
1772 1209
1773 2067
1774 966
1775 789
1776 845
1777 1095
1778 2002
1779 46
1780 346
1781 19
1782 1184
1783 104
1784 417
1785 644
1786 99
1787 1516
1788 783
1789 372
1790 1063
1791 73
1792 1514
1793 659
1794 144
1795 6
1796 326
1797 2635
1798 2471
1799 4912
1800 3897
1801 1128
1802 1359
1803 394
1804 850
1805 3626
1806 3576
1807 853
1808 1064
1809 56
1810 1230
1811 617
1812 490
1813 548
1814 402
1815 486
1816 313
1817 77
1818 602
1819 188
1820 1103
1821 766
1822 587
1823 733
1824 2800
1825 937
1826 274
1827 908
1828 1237
1829 2151
1830 167
1831 1699
1832 479
1833 1667
1834 315
1835 2144
1836 879
1837 200
1838 796
1839 391
1840 610
1841 624
1842 296
1843 943
1844 2837
1845 2018
1846 576
1847 749
1848 1826
1849 2950
1850 354
1851 220
1852 375
1853 1219
1854 509
1855 1438
1856 892
1857 348
1858 2284
1859 2870
1860 829
1861 1874
1862 1917
1863 94
1864 754
1865 280
1866 867
1867 7269
1868 1587
1869 897
1870 259
1871 954
1872 3422
1873 1677
1874 533
1875 197
1876 228
1877 760
1878 899
1879 671
1880 79
1881 1677
1882 2799
1883 3174
1884 1721
1885 746
1886 339
1887 295
1888 67
1889 1447
1890 1576
1891 508
1892 1008
1893 1168
1894 4648
1895 4645
1896 2007
1897 532
1898 491
1899 386
1900 2106
1901 1377
1902 276
1903 2997
1904 968
1905 1385
1906 1012
1907 1384
1908 754
1909 923
1910 828
1911 1201
1912 2346
1913 1205
1914 256
1915 91
1916 158
1917 1480
1918 690
1919 1529
1920 618
1921 1269
1922 275
1923 1322
1924 1235
1925 1326
1926 223
1927 248
1928 326
1929 333
1930 711
1931 1234
1932 440
1933 164
1934 566
1935 1410
1936 1756
1937 236
1938 227
1939 411
1940 1668
1941 1299
1942 3391
1943 2826
1944 485
1945 514
1946 610
1947 128
1948 698
1949 516
1950 517
1951 1619
1952 994
1953 1720
1954 867
1955 2623
1956 426
1957 942
1958 1296
1959 756
1960 539
1961 198
1962 46
1963 283
1964 2883
1965 3048
1966 319
1967 1573
1968 2756
1969 1228
1970 626
1971 1187
1972 2538
1973 335
1974 666
1975 1565
1976 688
1977 6
1978 166
1979 137
1980 1498
1981 2600
1982 1201
1983 258
1984 542
1985 2474
1986 1132
1987 133
1988 192
1989 1790
1990 874
1991 1247
1992 988
1993 476
1994 1100
1995 2398
1996 3947
1997 1380
1998 654
1999 1610
2000 1573
2001 75
2002 293
2003 805
2004 2371
2005 1229
2006 635
2007 951
2008 662
2009 1017
2010 1151
2011 1431
2012 297
2013 242
2014 1620
2015 1315
2016 2400
2017 3065
2018 239
2019 2157
2020 763
2021 694
2022 511
2023 2220
2024 3400
2025 104
2026 841
2027 809
2028 786
2029 429
2030 1408
2031 2002
2032 1233
2033 450
2034 1248
2035 1967
2036 2863
2037 1034
2038 858
2039 634
2040 470
2041 358
2042 553
2043 1976
2044 421
2045 882
2046 806
2047 797
2048 2401
2049 2861
2050 1843
2051 1810
2052 160
2053 211
2054 1189
2055 3869
2056 595
2057 759
2058 765
2059 847
2060 804
2061 1697
2062 1201
2063 1035
2064 280
2065 218
2066 1946
2067 1267
2068 72
2069 1968
2070 499
2071 972
2072 2304
2073 1940
2074 1005
2075 1422
2076 2174
2077 565
2078 34
2079 246
2080 1361
2081 2555
2082 1804
2083 1349
2084 836
2085 590
2086 1585
2087 1130
2088 1779
2089 1452
2090 977
2091 732
2092 585
2093 628
2094 1096
2095 3748
2096 1069
2097 4268
2098 2044
2099 1168
2100 604
2101 292
2102 57
2103 2910
2104 2733
2105 1277
2106 50
2107 55
2108 464
2109 353
2110 2030
2111 1461
2112 2186
2113 1136
2114 885
2115 1406
2116 868
2117 814
2118 2531
2119 2689
2120 480
2121 538
2122 159
2123 211
2124 2277
2125 286
2126 1437
2127 1474
2128 2119
2129 683
2130 939
2131 2312
2132 2809
2133 340
2134 27
2135 251
2136 100
2137 1490
2138 2972
2139 748
2140 240
2141 25
2142 54
2143 58
2144 1966
2145 2095
2146 817
2147 408
2148 2848
2149 1309
2150 3232
2151 426
2152 1864
2153 2348
2154 1816
2155 566
2156 132
2157 230
2158 167
2159 914
2160 2489
2161 2531
2162 14
2163 119
2164 493
2165 1973
2166 978
2167 806
2168 515
2169 1265
2170 421
2171 215
2172 1592
2173 1053
2174 99
2175 638
2176 62
2177 1190
2178 223
2179 544
2180 255
2181 653
2182 485
2183 870
2184 271
2185 7
2186 31
2187 1379
2188 714
2189 536
2190 1635
2191 1347
2192 519
2193 1963
2194 319
2195 75
2196 42
2197 311
2198 170
2199 941
2200 564
2201 999
2202 1280
2203 1929
2204 335
2205 1838
2206 1930
2207 541
2208 90
2209 907
2210 749
2211 1526
2212 3012
2213 2425
2214 432
2215 563
2216 107
2217 222
2218 135
2219 272
2220 1064
2221 33
2222 47
2223 564
2224 1273
2225 285
2226 253
2227 1907
2228 1629
2229 1398
2230 1813
2231 165
2232 694
2233 969
2234 67
2235 257
2236 89
2237 663
2238 205
2239 34
2240 7
2241 152
2242 85
2243 2310
2244 1110
2245 223
2246 410
2247 1730
2248 3089
2249 441
2250 2295
2251 1036
2252 303
2253 877
2254 2567
2255 1297
2256 1623
2257 459
2258 89
2259 268
2260 1728
2261 322
2262 159
2263 55
2264 55
2265 575
2266 3053
2267 2366
2268 1995
2269 2763
2270 2873
2271 1580
2272 78
2273 331
2274 3375
2275 2463
2276 1133
2277 2616
2278 640
2279 172
2280 126
2281 2139
2282 2810
2283 311
2284 0
2285 213
2286 1536
2287 362
2288 515
2289 548
2290 2379
2291 3398
2292 274
2293 59
2294 2583
2295 2167
2296 618
2297 1189
2298 702
2299 93
2300 1084
2301 1814
2302 881
2303 30
2304 522
2305 112
2306 321
2307 895
2308 2559
2309 798
2310 753
2311 864
2312 589
2313 621
2314 1168
2315 611
2316 3033
2317 991
2318 20
2319 367
2320 2117
2321 1307
2322 1056
2323 0
2324 18
2325 298
2326 2536
2327 4063
2328 781
2329 191
2330 279
2331 105
2332 511
2333 567
2334 3957
2335 4941
2336 641
2337 122
2338 582
2339 1248
2340 1115
2341 349
2342 19
2343 4
2344 938
2345 1765
2346 898
2347 1462
2348 214
2349 827
2350 1201
2351 1885
2352 1708
2353 2607
2354 1529
2355 333
2356 1119
2357 427
2358 148
2359 14
2360 63
2361 45
2362 62
2363 2453
2364 2278
2365 268
2366 1736
2367 1494
2368 406
2369 1012
2370 1791
2371 1120
2372 1001
2373 576
2374 63
2375 1258
2376 1897
2377 48
2378 36
2379 242
2380 355
2381 106
2382 2312
2383 1269
2384 838
2385 3152
2386 816
2387 2150
2388 3700
2389 2211
2390 1452
2391 2666
2392 368
2393 334
2394 2306
2395 798
2396 276
2397 76
2398 2024
2399 66
2400 239
2401 1297
2402 5133
2403 375
2404 722
2405 1747
2406 2318
2407 1617
2408 902
2409 1302
2410 797
2411 1865
2412 1258
2413 260
2414 19
2415 512
2416 171
2417 346
2418 75
2419 1361
2420 2427
2421 2171
2422 4722
2423 656
2424 1206
2425 1411
2426 1914
2427 2427
2428 2956
2429 593
2430 30
2431 648
2432 1697
2433 13
2434 281
2435 730
2436 912
2437 517
2438 3008
2439 343
2440 1102
2441 2336
2442 2347
2443 1105
2444 1160
2445 1237
2446 193
2447 19
2448 9
2449 1101
2450 118
2451 333
2452 151
2453 111
2454 836
2455 860
2456 1307
2457 1202
2458 188
2459 852
2460 177
2461 115
2462 12
2463 106
2464 678
2465 4538
2466 703
2467 21
2468 312
2469 342
2470 755
2471 544
2472 472
2473 131
2474 50
2475 49
2476 0
2477 241
2478 1149
2479 103
2480 390
2481 551
2482 206
2483 556
2484 806
2485 1149
2486 509
2487 1700
2488 300
2489 473
2490 80
2491 26
2492 22
2493 38
2494 519
2495 1084
2496 375
2497 641
2498 141
2499 702
2500 421
2501 325
2502 444
2503 2130
2504 111
2505 24
2506 149
2507 40
2508 56
2509 428
2510 222
2511 303
2512 293
2513 660
2514 0
2515 6
2516 156
2517 21
2518 4
2519 67
2520 273
2521 148
2522 263
2523 736
2524 60
2525 23
2526 1146
2527 519
2528 11
2529 210
2530 366
2531 159
2532 53
2533 41
2534 1783
2535 2218
2536 289
2537 639
2538 863
2539 157
2540 13
2541 197
2542 2447
2543 672
2544 925
2545 2141
2546 199
2547 76
2548 612
2549 303
2550 177
2551 88
2552 759
2553 1308
2554 496
2555 27
2556 20
2557 136
2558 404
2559 334
2560 1182
2561 1049
2562 261
2563 760
2564 229
2565 234
2566 460
2567 199
2568 219
2569 66
2570 243
2571 159
2572 1
2573 391
2574 19
2575 939
2576 58
2577 59
2578 82
2579 54
2580 5
2581 9
2582 0
2583 0
2584 0
2585 0
2586 0
2587 0
2588 0
2589 0
2590 0
2591 0
2592 2
2593 0
2594 0
2595 0
2596 0
2597 0
2598 13
