0 171
1 0
2 17
3 0
4 32
5 67
6 3
7 5
8 0
9 8
10 37
11 115
12 12
13 62
14 226
15 78
16 108
17 32
18 19
19 313
20 5
21 56
22 31
23 228
24 0
25 84
26 0
27 10
28 6
29 15
30 1
31 14
32 0
33 91
34 18
35 130
36 0
37 39
38 20
39 17
40 45
41 16
42 21
43 11
44 170
45 4
46 12
47 0
48 14
49 124
50 73
51 28
52 119
53 134
54 140
55 14
56 32
57 85
58 120
59 11
60 32
61 175
62 135
63 17
64 24
65 304
66 42
67 123
68 54
69 1
70 22
71 29
72 3
73 4
74 127
75 249
76 0
77 112
78 207
79 229
80 25
81 6
82 0
83 50
84 15
85 5
86 81
87 317
88 0
89 4
90 0
91 4
92 15
93 0
94 26
95 0
96 32
97 170
98 47
99 166
100 3
101 10
102 113
103 119
104 25
105 65
106 179
107 51
108 165
109 168
110 7
111 46
112 71
113 28
114 110
115 45
116 158
117 35
118 9
119 90
120 0
121 44
122 302
123 91
124 20
125 5
126 27
127 28
128 0
129 0
130 31
131 84
132 19
133 0
134 10
135 238
136 122
137 546
138 48
139 44
140 212
141 187
142 30
143 30
144 0
145 7
146 162
147 48
148 183
149 108
150 47
151 0
152 0
153 58
154 38
155 53
156 32
157 44
158 516
159 79
160 30
161 34
162 0
163 90
164 97
165 107
166 197
167 100
168 55
169 42
170 206
171 138
172 58
173 38
174 215
175 400
176 232
177 38
178 59
179 0
180 256
181 19
182 579
183 280
184 111
185 109
186 449
187 430
188 223
189 34
190 32
191 0
192 2
193 0
194 9
195 1
196 193
197 132
198 23
199 166
200 111
201 125
202 35
203 192
204 137
205 305
206 439
207 116
208 65
209 0
210 382
211 7
212 40
213 128
214 0
215 300
216 12
217 70
218 88
219 432
220 94
221 303
222 327
223 282
224 455
225 244
226 253
227 44
228 0
229 40
230 9
231 0
232 0
233 36
234 0
235 46
236 0
237 2
238 121
239 597
240 19
241 545
242 308
243 43
244 328
245 69
246 129
247 0
248 0
249 67
250 74
251 11
252 36
253 0
254 0
255 70
256 807
257 271
258 52
259 3
260 0
261 4
262 12
263 119
264 0
265 62
266 18
267 0
268 21
269 0
270 77
271 185
272 53
273 0
274 33
275 23
276 31
277 22
278 53
279 158
280 21
281 0
282 74
283 473
284 20
285 13
286 67
287 47
288 55
289 31
290 431
291 108
292 670
293 0
294 13
295 111
296 152
297 70
298 75
299 40
300 106
301 73
302 128
303 114
304 514
305 154
306 115
307 264
308 0
309 171
310 114
311 134
312 212
313 40
314 27
315 170
316 181
317 221
318 460
319 20
320 0
321 96
322 28
323 39
324 5
325 13
326 36
327 27
328 0
329 0
330 24
331 126
332 28
333 226
334 255
335 272
336 23
337 109
338 388
339 223
340 0
341 7
342 15
343 6
344 24
345 15
346 78
347 0
348 208
349 68
350 96
351 428
352 58
353 11
354 0
355 5
356 8
357 107
358 3
359 131
360 151
361 342
362 518
363 15
364 0
365 0
366 46
367 87
368 131
369 187
370 77
371 40
372 47
373 64
374 38
375 42
376 89
377 5
378 35
379 106
380 113
381 0
382 111
383 7
384 98
385 174
386 1
387 0
388 171
389 215
390 301
391 213
392 311
393 4
394 190
395 85
396 337
397 109
398 0
399 216
400 11
401 87
402 52
403 53
404 173
405 0
406 287
407 256
408 67
409 8
410 31
411 64
412 116
413 0
414 246
415 22
416 66
417 98
418 24
419 86
420 35
421 17
422 180
423 176
424 235
425 106
426 86
427 38
428 143
429 10
430 324
431 16
432 23
433 77
434 6
435 26
436 0
437 391
438 569
439 0
440 337
441 269
442 122
443 414
444 63
445 53
446 42
447 18
448 251
449 80
450 143
451 86
452 175
453 283
454 312
455 50
456 189
457 398
458 0
459 1
460 14
461 297
462 202
463 127
464 132
465 109
466 17
467 233
468 123
469 312
470 439
471 402
472 287
473 155
474 281
475 102
476 23
477 38
478 8
479 53
480 50
481 63
482 91
483 17
484 222
485 0
486 138
487 170
488 73
489 327
490 121
491 55
492 346
493 521
494 56
495 130
496 66
497 35
498 336
499 92
500 97
501 120
502 83
503 35
504 11
505 127
506 181
507 41
508 21
509 520
510 38
511 63
512 0
513 409
514 122
515 246
516 107
517 82
518 0
519 77
520 429
521 313
522 8
523 57
524 72
525 10
526 0
527 34
528 126
529 40
530 15
531 33
532 298
533 235
534 27
535 252
536 0
537 41
538 33
539 172
540 21
541 75
542 23
543 199
544 229
545 17
546 140
547 0
548 182
549 8
550 70
551 21
552 239
553 247
554 349
555 323
556 55
557 42
558 85
559 178
560 72
561 120
562 48
563 10
564 0
565 4
566 0
567 37
568 22
569 0
570 34
571 154
572 86
573 83
574 14
575 167
576 64
577 92
578 101
579 53
580 14
581 6
582 12
583 72
584 143
585 110
586 110
587 36
588 211
589 505
590 10
591 10
592 89
593 0
594 21
595 50
596 35
597 29
598 254
599 344
600 229
601 519
602 113
603 85
604 62
605 41
606 130
607 136
608 242
609 0
610 175
611 103
612 265
613 187
614 382
615 228
616 258
617 3
618 26
619 0
620 0
621 0
622 81
623 40
624 45
625 293
626 156
627 362
628 0
629 193
630 327
631 41
632 88
633 60
634 103
635 52
636 152
637 7
638 71
639 177
640 0
641 136
642 138
643 333
644 58
645 287
646 162
647 25
648 18
649 3
650 0
651 89
652 158
653 71
654 86
655 65
656 58
657 15
658 258
659 195
660 16
661 141
662 14
663 173
664 39
665 11
666 152
667 116
668 12
669 83
670 129
671 262
672 39
673 24
674 54
675 18
676 181
677 248
678 200
679 135
680 298
681 234
682 11
683 45
684 36
685 114
686 37
687 0
688 5
689 69
690 283
691 181
692 100
693 0
694 28
695 43
696 42
697 19
698 19
699 80
700 59
701 76
702 121
703 12
704 42
705 269
706 301
707 169
708 18
709 162
710 8
711 0
712 23
713 28
714 0
715 26
716 123
717 468
718 238
719 0
720 426
721 95
722 32
723 0
724 60
725 51
726 95
727 58
728 82
729 153
730 0
731 210
732 31
733 86
734 0
735 35
736 129
737 108
738 299
739 314
740 96
741 77
742 12
743 56
744 227
745 3
746 5
747 3
748 202
749 77
750 488
751 23
752 215
753 71
754 173
755 7
756 90
757 34
758 58
759 272
760 141
761 50
762 0
763 38
764 359
765 105
766 105
767 83
768 4
769 58
770 333
771 50
772 26
773 0
774 86
775 134
776 76
777 100
778 67
779 7
780 0
781 30
782 68
783 43
784 113
785 78
786 206
787 141
788 25
789 260
790 29
791 24
792 88
793 141
794 191
795 0
796 168
797 186
798 92
799 56
800 30
801 0
802 58
803 3
804 10
805 5
806 309
807 146
808 80
809 214
810 117
811 24
812 95
813 116
814 29
815 9
816 0
817 0
818 58
819 237
820 283
821 258
822 111
823 134
824 30
825 107
826 38
827 199
828 113
829 86
830 60
831 99
832 147
833 165
834 177
835 75
836 105
837 52
838 28
839 14
840 0
841 25
842 18
843 0
844 56
845 131
846 133
847 203
848 138
849 40
850 181
851 6
852 129
853 37
854 15
855 109
856 33
857 178
858 192
859 40
860 46
861 70
862 176
863 60
864 54
865 119
866 22
867 103
868 32
869 24
870 39
871 12
872 9
873 19
874 0
875 0
876 32
877 271
878 101
879 98
880 387
881 271
882 0
883 32
884 146
885 14
886 33
887 18
888 76
889 451
890 39
891 42
892 102
893 47
894 35
895 80
896 51
897 114
898 24
899 23
900 0
901 2
902 42
903 514
904 0
905 44
906 221
907 297
908 237
909 7
910 23
911 173
912 13
913 9
914 74
915 204
916 14
917 83
918 160
919 54
920 160
921 209
922 64
923 7
924 49
925 8
926 42
927 99
928 0
929 7
930 118
931 392
932 136
933 322
934 179
935 285
936 44
937 34
938 144
939 71
940 232
941 90
942 1
943 23
944 205
945 280
946 109
947 9
948 2
949 199
950 113
951 11
952 110
953 256
954 107
955 359
956 431
957 94
958 45
959 140
960 88
961 7
962 46
963 142
964 168
965 29
966 134
967 82
968 140
969 267
970 112
971 8
972 105
973 214
974 77
975 129
976 24
977 14
978 496
979 70
980 424
981 471
982 92
983 57
984 313
985 231
986 77
987 0
988 0
989 4
990 15
991 45
992 53
993 359
994 174
995 50
996 96
997 27
998 42
999 115
1000 40
1001 114
1002 235
1003 4
1004 0
1005 0
1006 0
1007 175
1008 311
1009 0
1010 56
1011 27
1012 4
1013 0
1014 1
1015 7
1016 88
1017 263
1018 0
1019 257
1020 212
1021 325
1022 203
1023 83
1024 114
1025 35
1026 148
1027 400
1028 78
1029 18
1030 30
1031 227
1032 12
1033 18
1034 55
1035 126
1036 49
1037 20
1038 312
1039 164
1040 278
1041 163
1042 7
1043 82
1044 30
1045 54
1046 124
1047 122
1048 149
1049 19
1050 37
1051 4
1052 7
1053 9
1054 0
1055 51
1056 75
1057 105
1058 165
1059 294
1060 265
1061 57
1062 0
1063 14
1064 0
1065 20
1066 15
1067 81
1068 29
1069 87
1070 66
1071 35
1072 248
1073 112
1074 185
1075 23
1076 30
1077 0
1078 123
1079 11
1080 0
1081 121
1082 40
1083 82
1084 83
1085 31
1086 4
1087 22
1088 3
1089 0
1090 208
1091 333
1092 235
1093 333
1094 158
1095 26
1096 74
1097 16
1098 69
1099 377
1100 12
1101 28
1102 32
1103 65
1104 24
1105 29
1106 371
1107 391
1108 64
1109 8
1110 742
1111 168
1112 27
1113 117
1114 279
1115 24
1116 0
1117 41
1118 32
1119 280
1120 237
1121 211
1122 46
1123 11
1124 57
1125 10
1126 76
1127 0
1128 101
1129 0
1130 0
1131 7
1132 3
1133 0
1134 50
1135 43
1136 0
1137 0
1138 1
1139 166
1140 760
1141 434
1142 153
1143 0
1144 28
1145 0
1146 0
1147 0
1148 7
1149 256
1150 472
1151 42
1152 46
1153 58
1154 152
1155 322
1156 243
1157 185
1158 48
1159 18
1160 69
1161 8
1162 74
1163 0
1164 0
1165 0
1166 68
1167 93
1168 256
1169 38
1170 238
1171 4
1172 7
1173 40
1174 14
1175 14
1176 175
1177 359
1178 53
1179 301
1180 27
1181 193
1182 163
1183 276
1184 99
1185 193
1186 110
1187 109
1188 10
1189 0
1190 0
1191 133
1192 125
1193 0
1194 15
1195 3
1196 31
1197 11
1198 85
1199 87
1200 63
1201 12
1202 2
1203 300
1204 29
1205 13
1206 0
1207 21
1208 87
1209 47
1210 210
1211 176
1212 455
1213 37
1214 123
1215 225
1216 91
1217 466
1218 205
1219 37
1220 146
1221 87
1222 35
1223 107
1224 93
1225 37
1226 69
1227 30
1228 113
1229 163
1230 48
1231 16
1232 52
1233 134
1234 132
1235 395
1236 91
1237 106
1238 168
1239 8
1240 50
1241 0
1242 16
1243 151
1244 5
1245 71
1246 47
1247 145
1248 359
1249 521
1250 27
1251 178
1252 330
1253 431
1254 715
1255 122
1256 87
1257 40
1258 197
1259 25
1260 78
1261 28
1262 85
1263 89
1264 225
1265 180
1266 114
1267 21
1268 14
1269 0
1270 22
1271 55
1272 107
1273 82
1274 606
1275 293
1276 22
1277 58
1278 62
1279 70
1280 7
1281 0
1282 6
1283 4
1284 0
1285 0
1286 115
1287 333
1288 77
1289 262
1290 0
1291 242
1292 108
1293 135
1294 1915
1295 648
1296 71
1297 29
1298 94
1299 214
1300 40
1301 1
1302 63
1303 127
1304 360
1305 78
1306 35
1307 224
1308 180
1309 136
1310 27
1311 119
1312 0
1313 0
1314 0
1315 339
1316 302
1317 313
1318 315
1319 311
1320 327
1321 588
1322 359
1323 48
1324 39
1325 100
1326 23
1327 34
1328 4
1329 77
1330 40
1331 101
1332 380
1333 71
1334 22
1335 83
1336 81
1337 236
1338 205
1339 586
1340 889
1341 148
1342 61
1343 217
1344 261
1345 56
1346 50
1347 37
1348 24
1349 67
1350 350
1351 23
1352 12
1353 316
1354 31
1355 158
1356 146
1357 49
1358 60
1359 177
1360 15
1361 0
1362 0
1363 105
1364 420
1365 0
1366 101
1367 0
1368 180
1369 376
1370 259
1371 237
1372 0
1373 39
1374 0
1375 0
1376 11
1377 30
1378 0
1379 335
1380 424
1381 47
1382 50
1383 78
1384 171
1385 74
1386 228
1387 615
1388 0
1389 37
1390 215
1391 182
1392 59
1393 60
1394 26
1395 96
1396 109
1397 90
1398 5
1399 38
1400 234
1401 159
1402 111
1403 172
1404 131
1405 55
1406 60
1407 189
1408 164
1409 195
1410 190
1411 90
1412 67
1413 0
1414 28
1415 18
1416 161
1417 221
1418 143
1419 375
1420 154
1421 462
1422 135
1423 0
1424 52
1425 10
1426 41
1427 157
1428 499
1429 671
1430 393
1431 540
1432 400
1433 164
1434 215
1435 236
1436 182
1437 399
1438 11
1439 0
1440 130
1441 106
1442 597
1443 87
1444 112
1445 205
1446 339
1447 78
1448 0
1449 70
1450 72
1451 357
1452 74
1453 242
1454 144
1455 18
1456 99
1457 405
1458 11
1459 426
1460 134
1461 74
1462 25
1463 0
1464 0
1465 66
1466 118
1467 105
1468 14
1469 29
1470 9
1471 0
1472 25
1473 28
1474 16
1475 136
1476 507
1477 1195
1478 437
1479 291
1480 472
1481 344
1482 74
1483 296
1484 195
1485 0
1486 54
1487 20
1488 187
1489 173
1490 738
1491 0
1492 110
1493 188
1494 202
1495 59
1496 332
1497 391
1498 57
1499 153
1500 223
1501 71
1502 95
1503 44
1504 179
1505 300
1506 37
1507 117
1508 249
1509 67
1510 113
1511 16
1512 31
1513 66
1514 416
1515 162
1516 0
1517 0
1518 0
1519 0
1520 0
1521 18
1522 19
1523 22
1524 180
1525 637
1526 441
1527 1276
1528 908
1529 589
1530 227
1531 15
1532 94
1533 335
1534 39
1535 211
1536 141
1537 125
1538 221
1539 181
1540 5
1541 192
1542 34
1543 120
1544 627
1545 374
1546 454
1547 206
1548 69
1549 149
1550 289
1551 94
1552 78
1553 138
1554 79
1555 78
1556 365
1557 695
1558 77
1559 66
1560 126
1561 477
1562 288
1563 243
1564 0
1565 32
1566 107
1567 124
1568 328
1569 8
1570 15
1571 0
1572 900
1573 1705
1574 584
1575 64
1576 610
1577 263
1578 192
1579 455
1580 499
1581 178
1582 220
1583 202
1584 0
1585 41
1586 4
1587 100
1588 279
1589 43
1590 589
1591 183
1592 157
1593 130
1594 158
1595 0
1596 280
1597 44
1598 19
1599 42
1600 412
1601 187
1602 466
1603 59
1604 41
1605 0
1606 19
1607 61
1608 0
1609 0
1610 0
1611 4
1612 0
1613 141
1614 75
1615 0
1616 212
1617 0
1618 587
1619 0
1620 485
1621 804
1622 660
1623 259
1624 177
1625 35
1626 525
1627 237
1628 127
1629 286
1630 202
1631 173
1632 156
1633 150
1634 241
1635 63
1636 75
1637 134
1638 176
1639 139
1640 282
1641 85
1642 5
1643 26
1644 18
1645 476
1646 893
1647 176
1648 304
1649 133
1650 89
1651 331
1652 754
1653 29
1654 95
1655 331
1656 337
1657 87
1658 148
1659 205
1660 129
1661 149
1662 160
1663 37
1664 155
1665 239
1666 179
1667 403
1668 359
1669 15
1670 68
1671 70
1672 4
1673 14
1674 0
1675 16
1676 8
1677 866
1678 602
1679 433
1680 539
1681 180
1682 280
1683 306
1684 172
1685 356
1686 213
1687 75
1688 114
1689 195
1690 73
1691 237
1692 43
1693 124
1694 188
1695 25
1696 83
1697 30
1698 44
1699 65
1700 25
1701 427
1702 48
1703 137
1704 0
1705 4
1706 38
1707 118
1708 0
1709 125
1710 844
1711 231
1712 138
1713 138
1714 142
1715 376
1716 246
1717 171
1718 60
1719 99
1720 31
1721 108
1722 43
1723 40
1724 57
1725 37
1726 127
1727 91
1728 293
1729 263
1730 24
1731 34
1732 3
1733 106
1734 46
1735 12
1736 65
1737 173
1738 279
1739 248
1740 197
1741 79
1742 251
1743 31
1744 122
1745 198
1746 110
1747 5
1748 21
1749 48
1750 78
1751 194
1752 298
1753 33
1754 13
1755 99
1756 56
1757 66
1758 98
1759 8
1760 5
1761 276
1762 99
1763 140
1764 146
1765 147
1766 87
1767 298
1768 177
1769 3
1770 27
1771 61
1772 164
1773 272
1774 0
1775 108
1776 101
1777 150
1778 248
1779 5
1780 45
1781 2
1782 134
1783 11
1784 42
1785 65
1786 18
1787 203
1788 105
1789 49
1790 128
1791 13
1792 224
1793 66
1794 16
1795 2
1796 56
1797 362
1798 305
1799 664
1800 488
1801 131
1802 195
1803 63
1804 134
1805 454
1806 478
1807 94
1808 114
1809 4
1810 169
1811 63
1812 68
1813 63
1814 49
1815 58
1816 38
1817 0
1818 65
1819 9
1820 130
1821 96
1822 80
1823 103
1824 397
1825 104
1826 33
1827 126
1828 171
1829 291
1830 15
1831 245
1832 55
1833 239
1834 45
1835 299
1836 127
1837 30
1838 108
1839 52
1840 92
1841 0
1842 37
1843 116
1844 361
1845 259
1846 82
1847 94
1848 233
1849 404
1850 55
1851 25
1852 43
1853 0
1854 80
1855 201
1856 130
1857 37
1858 295
1859 0
1860 99
1861 246
1862 240
1863 15
1864 96
1865 44
1866 124
1867 949
1868 203
1869 104
1870 39
1871 115
1872 429
1873 213
1874 61
1875 34
1876 41
1877 108
1878 145
1879 70
1880 13
1881 211
1882 404
1883 447
1884 225
1885 83
1886 43
1887 47
1888 0
1889 205
1890 222
1891 53
1892 174
1893 142
1894 592
1895 587
1896 241
1897 68
1898 57
1899 42
1900 268
1901 183
1902 32
1903 397
1904 118
1905 171
1906 146
1907 208
1908 130
1909 110
1910 106
1911 178
1912 324
1913 142
1914 47
1915 16
1916 30
1917 201
1918 0
1919 179
1920 95
1921 185
1922 32
1923 172
1924 147
1925 170
1926 34
1927 42
1928 41
1929 43
1930 101
1931 191
1932 65
1933 22
1934 94
1935 186
1936 256
1937 28
1938 31
1939 58
1940 169
1941 155
1942 450
1943 404
1944 41
1945 81
1946 98
1947 22
1948 73
1949 58
1950 68
1951 219
1952 134
1953 231
1954 120
1955 316
1956 48
1957 113
1958 0
1959 0
1960 63
1961 20
1962 0
1963 42
1964 363
1965 373
1966 56
1967 176
1968 378
1969 151
1970 86
1971 136
1972 345
1973 0
1974 89
1975 205
1976 84
1977 0
1978 24
1979 21
1980 212
1981 393
1982 146
1983 31
1984 62
1985 362
1986 125
1987 18
1988 0
1989 230
1990 116
1991 153
1992 133
1993 72
1994 113
1995 300
1996 509
1997 159
1998 76
1999 224
2000 213
2001 8
2002 35
2003 101
2004 317
2005 160
2006 78
2007 125
2008 98
2009 152
2010 138
2011 163
2012 38
2013 34
2014 218
2015 164
2016 283
2017 453
2018 41
2019 281
2020 103
2021 105
2022 56
2023 295
2024 450
2025 10
2026 134
2027 112
2028 102
2029 52
2030 211
2031 257
2032 145
2033 65
2034 162
2035 242
2036 368
2037 132
2038 122
2039 90
2040 41
2041 42
2042 71
2043 238
2044 59
2045 130
2046 115
2047 104
2048 299
2049 395
2050 252
2051 247
2052 27
2053 22
2054 174
2055 552
2056 73
2057 105
2058 99
2059 126
2060 118
2061 239
2062 147
2063 112
2064 41
2065 24
2066 214
2067 172
2068 0
2069 215
2070 65
2071 120
2072 284
2073 248
2074 106
2075 173
2076 262
2077 82
2078 4
2079 40
2080 157
2081 369
2082 217
2083 169
2084 136
2085 69
2086 198
2087 143
2088 217
2089 214
2090 134
2091 85
2092 94
2093 85
2094 125
2095 470
2096 131
2097 537
2098 246
2099 149
2100 93
2101 41
2102 4
2103 414
2104 354
2105 180
2106 4
2107 0
2108 57
2109 54
2110 269
2111 221
2112 254
2113 186
2114 82
2115 184
2116 132
2117 127
2118 346
2119 364
2120 58
2121 53
2122 31
2123 17
2124 276
2125 21
2126 182
2127 214
2128 290
2129 0
2130 119
2131 290
2132 351
2133 52
2134 0
2135 36
2136 6
2137 181
2138 383
2139 105
2140 25
2141 11
2142 5
2143 8
2144 236
2145 283
2146 106
2147 66
2148 401
2149 156
2150 421
2151 60
2152 233
2153 300
2154 261
2155 76
2156 0
2157 35
2158 19
2159 109
2160 314
2161 306
2162 0
2163 15
2164 69
2165 269
2166 142
2167 116
2168 57
2169 141
2170 62
2171 29
2172 217
2173 123
2174 19
2175 79
2176 8
2177 159
2178 32
2179 56
2180 30
2181 94
2182 68
2183 126
2184 38
2185 0
2186 0
2187 182
2188 99
2189 71
2190 195
2191 155
2192 63
2193 273
2194 40
2195 16
2196 1
2197 48
2198 0
2199 131
2200 68
2201 130
2202 176
2203 230
2204 62
2205 275
2206 247
2207 65
2208 16
2209 103
2210 101
2211 177
2212 406
2213 322
2214 53
2215 67
2216 23
2217 17
2218 25
2219 36
2220 138
2221 6
2222 0
2223 57
2224 155
2225 23
2226 21
2227 260
2228 217
2229 179
2230 221
2231 35
2232 91
2233 128
2234 5
2235 0
2236 0
2237 85
2238 34
2239 8
2240 0
2241 21
2242 12
2243 290
2244 149
2245 25
2246 48
2247 209
2248 342
2249 0
2250 284
2251 142
2252 38
2253 109
2254 320
2255 142
2256 0
2257 73
2258 10
2259 29
2260 245
2261 61
2262 21
2263 0
2264 0
2265 97
2266 382
2267 275
2268 237
2269 355
2270 353
2271 204
2272 5
2273 52
2274 430
2275 328
2276 148
2277 329
2278 89
2279 31
2280 15
2281 293
2282 405
2283 43
2284 0
2285 26
2286 196
2287 48
2288 61
2289 61
2290 298
2291 437
2292 36
2293 4
2294 364
2295 283
2296 77
2297 138
2298 74
2299 8
2300 149
2301 220
2302 122
2303 3
2304 57
2305 20
2306 52
2307 124
2308 0
2309 135
2310 0
2311 109
2312 82
2313 72
2314 180
2315 77
2316 0
2317 148
2318 0
2319 58
2320 0
2321 186
2322 135
2323 0
2324 0
2325 34
2326 324
2327 556
2328 105
2329 22
2330 42
2331 17
2332 68
2333 69
2334 532
2335 649
2336 62
2337 19
2338 80
2339 177
2340 167
2341 57
2342 0
2343 0
2344 118
2345 231
2346 121
2347 201
2348 31
2349 94
2350 141
2351 244
2352 224
2353 361
2354 171
2355 41
2356 147
2357 61
2358 8
2359 0
2360 7
2361 2
2362 9
2363 0
2364 311
2365 26
2366 229
2367 180
2368 67
2369 132
2370 232
2371 145
2372 123
2373 75
2374 7
2375 188
2376 225
2377 2
2378 0
2379 31
2380 69
2381 15
2382 335
2383 178
2384 99
2385 373
2386 124
2387 287
2388 477
2389 302
2390 176
2391 331
2392 51
2393 29
2394 311
2395 102
2396 26
2397 18
2398 270
2399 0
2400 27
2401 172
2402 623
2403 49
2404 86
2405 245
2406 322
2407 198
2408 121
2409 167
2410 99
2411 248
2412 146
2413 37
2414 0
2415 78
2416 19
2417 41
2418 8
2419 151
2420 337
2421 277
2422 594
2423 98
2424 148
2425 222
2426 228
2427 350
2428 366
2429 84
2430 5
2431 94
2432 0
2433 1
2434 30
2435 106
2436 122
2437 70
2438 393
2439 44
2440 149
2441 301
2442 315
2443 168
2444 151
2445 153
2446 33
2447 5
2448 0
2449 148
2450 14
2451 40
2452 23
2453 10
2454 101
2455 0
2456 180
2457 123
2458 31
2459 132
2460 13
2461 17
2462 2
2463 15
2464 114
2465 593
2466 64
2467 0
2468 53
2469 61
2470 99
2471 80
2472 57
2473 15
2474 8
2475 0
2476 0
2477 29
2478 141
2479 15
2480 46
2481 76
2482 22
2483 65
2484 116
2485 163
2486 69
2487 231
2488 36
2489 59
2490 0
2491 0
2492 0
2493 0
2494 69
2495 123
2496 40
2497 66
2498 7
2499 0
2500 46
2501 48
2502 67
2503 283
2504 11
2505 0
2506 18
2507 5
2508 0
2509 40
2510 25
2511 52
2512 40
2513 76
2514 0
2515 0
2516 15
2517 0
2518 0
2519 16
2520 32
2521 16
2522 40
2523 0
2524 5
2525 0
2526 143
2527 73
2528 0
2529 33
2530 44
2531 24
2532 0
2533 8
2534 194
2535 293
2536 31
2537 66
2538 110
2539 24
2540 4
2541 34
2542 347
2543 101
2544 107
2545 250
2546 27
2547 13
2548 86
2549 45
2550 19
2551 5
2552 97
2553 169
2554 59
2555 0
2556 3
2557 18
2558 61
2559 35
2560 139
2561 135
2562 30
2563 90
2564 30
2565 22
2566 54
2567 27
2568 18
2569 0
2570 30
2571 16
2572 0
2573 52
2574 1
2575 114
2576 0
2577 13
2578 0
2579 0
2580 0
2581 0
2582 0
2583 0
2584 0
2585 0
2586 0
2587 0
2588 0
2589 0
2590 0
2591 0
2592 0
2593 0
2594 0
2595 0
2596 0
2597 0
2598 0
