0 1532
1 29
2 154
3 52
4 429
5 836
6 40
7 52
8 22
9 71
10 357
11 1142
12 225
13 749
14 2087
15 760
16 1502
17 270
18 155
19 3429
20 36
21 465
22 237
23 2277
24 17
25 867
26 65
27 93
28 69
29 242
30 40
31 140
32 16
33 752
34 143
35 1284
36 111
37 342
38 191
39 234
40 439
41 117
42 178
43 136
44 1740
45 29
46 126
47 79
48 154
49 1529
50 823
51 212
52 1374
53 1469
54 1315
55 119
56 259
57 871
58 1430
59 144
60 308
61 1727
62 1300
63 175
64 230
65 3345
66 369
67 1172
68 636
69 50
70 262
71 271
72 79
73 63
74 1332
75 2290
76 116
77 1114
78 2360
79 2242
80 246
81 62
82 1006
83 486
84 173
85 82
86 1023
87 3296
88 2912
89 115
90 98
91 82
92 192
93 1010
94 280
95 16
96 292
97 1561
98 394
99 1795
100 47
101 166
102 1199
103 1254
104 265
105 523
106 1764
107 518
108 1508
109 1426
110 108
111 600
112 792
113 289
114 1033
115 560
116 1728
117 257
118 185
119 873
120 33
121 672
122 2991
123 845
124 316
125 95
126 238
127 282
128 402
129 688
130 331
131 765
132 213
133 21
134 129
135 2632
136 1270
137 5874
138 382
139 401
140 2201
141 1954
142 342
143 297
144 44
145 131
146 1482
147 357
148 1975
149 1277
150 490
151 0
152 28
153 568
154 457
155 728
156 312
157 568
158 5256
159 745
160 370
161 404
162 43
163 904
164 916
165 1261
166 1856
167 1026
168 544
169 371
170 2435
171 1383
172 536
173 361
174 2052
175 4021
176 2607
177 357
178 732
179 27
180 2476
181 220
182 5981
183 2882
184 1193
185 918
186 4670
187 4217
188 2246
189 280
190 451
191 29
192 47
193 133
194 63
195 38
196 2222
197 1323
198 177
199 1844
200 1493
201 1309
202 514
203 2266
204 1440
205 3126
206 5006
207 1178
208 676
209 47
210 3439
211 109
212 471
213 1149
214 13
215 2843
216 169
217 676
218 844
219 4060
220 920
221 2999
222 3117
223 2699
224 4673
225 2487
226 2211
227 386
228 44
229 454
230 102
231 66
232 8
233 269
234 0
235 410
236 5
237 36
238 1391
239 5433
240 206
241 5296
242 3164
243 492
244 3426
245 824
246 1391
247 67
248 866
249 635
250 469
251 149
252 306
253 10
254 131
255 567
256 8073
257 2668
258 505
259 69
260 14
261 15
262 198
263 1393
264 234
265 564
266 180
267 491
268 198
269 31
270 871
271 2000
272 566
273 3
274 243
275 203
276 232
277 140
278 450
279 1423
280 170
281 54
282 701
283 5239
284 125
285 176
286 517
287 455
288 535
289 319
290 4400
291 1044
292 6134
293 2201
294 74
295 1184
296 1687
297 691
298 862
299 422
300 1088
301 877
302 1306
303 1062
304 5557
305 1654
306 1208
307 2771
308 23
309 1397
310 1071
311 1457
312 2023
313 324
314 326
315 1946
316 1688
317 2125
318 4622
319 178
320 741
321 998
322 275
323 425
324 28
325 89
326 405
327 199
328 80
329 44
330 185
331 1169
332 373
333 2485
334 3069
335 2719
336 310
337 1153
338 3806
339 2277
340 35
341 113
342 170
343 49
344 220
345 114
346 691
347 152
348 2192
349 734
350 1007
351 4583
352 738
353 170
354 19
355 90
356 77
357 1129
358 31
359 1371
360 1440
361 3608
362 4935
363 128
364 3
365 34
366 396
367 718
368 1617
369 1892
370 713
371 409
372 453
373 679
374 347
375 480
376 1026
377 55
378 240
379 1161
380 1195
381 39
382 1107
383 79
384 984
385 1663
386 29
387 61
388 1385
389 1890
390 2960
391 1977
392 3283
393 104
394 1873
395 749
396 3460
397 1132
398 8
399 2221
400 133
401 1039
402 541
403 568
404 1759
405 1318
406 3039
407 2450
408 718
409 78
410 272
411 598
412 1070
413 4527
414 2887
415 164
416 511
417 1108
418 176
419 737
420 342
421 179
422 1911
423 1846
424 2440
425 1075
426 866
427 383
428 1516
429 112
430 3631
431 224
432 325
433 630
434 87
435 212
436 3084
437 4380
438 5730
439 2175
440 3410
441 2802
442 1270
443 4593
444 866
445 714
446 544
447 147
448 2242
449 847
450 1643
451 971
452 1695
453 2897
454 3087
455 466
456 1964
457 4099
458 2489
459 24
460 133
461 2952
462 2277
463 1417
464 1497
465 1070
466 216
467 2389
468 1425
469 3122
470 3846
471 4094
472 2635
473 1524
474 2888
475 956
476 225
477 356
478 136
479 588
480 329
481 552
482 823
483 135
484 2279
485 736
486 1301
487 1811
488 679
489 3117
490 851
491 641
492 3229
493 6056
494 530
495 1281
496 761
497 375
498 3466
499 1092
500 1117
501 1065
502 820
503 370
504 150
505 1111
506 1878
507 277
508 218
509 4880
510 451
511 645
512 2261
513 3855
514 1463
515 2379
516 1233
517 974
518 68
519 934
520 4002
521 3448
522 139
523 622
524 767
525 98
526 74
527 354
528 1359
529 397
530 207
531 391
532 2909
533 2732
534 349
535 2283
536 2482
537 401
538 354
539 1806
540 279
541 606
542 293
543 2237
544 2330
545 135
546 1287
547 14
548 1807
549 118
550 914
551 236
552 2486
553 2492
554 3608
555 3289
556 611
557 355
558 885
559 1717
560 522
561 1374
562 565
563 75
564 48
565 52
566 0
567 415
568 200
569 78
570 399
571 1702
572 1113
573 689
574 252
575 1871
576 547
577 885
578 1027
579 625
580 243
581 95
582 172
583 904
584 1600
585 1336
586 1123
587 391
588 2219
589 4678
590 125
591 99
592 996
593 96
594 173
595 428
596 427
597 257
598 2649
599 3556
600 2555
601 5475
602 1090
603 856
604 625
605 359
606 1209
607 1254
608 2292
609 674
610 1654
611 928
612 2639
613 1624
614 3993
615 2718
616 2533
617 77
618 229
619 131
620 433
621 61
622 900
623 394
624 507
625 3167
626 1547
627 3965
628 2645
629 2083
630 3388
631 482
632 798
633 604
634 981
635 596
636 1471
637 85
638 735
639 1684
640 228
641 1515
642 1364
643 3705
644 772
645 2855
646 1507
647 209
648 229
649 21
650 17
651 1090
652 1452
653 707
654 680
655 838
656 582
657 237
658 2884
659 2061
660 214
661 1396
662 198
663 1935
664 360
665 191
666 1606
667 1264
668 111
669 701
670 1140
671 2590
672 317
673 204
674 405
675 110
676 2055
677 2652
678 1882
679 1101
680 3079
681 2619
682 132
683 659
684 383
685 1105
686 301
687 38
688 73
689 722
690 3010
691 1872
692 1166
693 49
694 323
695 436
696 460
697 331
698 257
699 1133
700 670
701 743
702 1320
703 126
704 366
705 2225
706 3517
707 1417
708 111
709 1649
710 112
711 24
712 258
713 248
714 2
715 227
716 1163
717 4661
718 2238
719 1714
720 4341
721 950
722 514
723 64
724 720
725 466
726 1044
727 702
728 657
729 1640
730 983
731 2244
732 355
733 1013
734 1263
735 512
736 1592
737 1129
738 2742
739 3160
740 1151
741 793
742 69
743 544
744 2225
745 88
746 41
747 21
748 1803
749 768
750 4840
751 199
752 2131
753 608
754 1785
755 150
756 810
757 402
758 743
759 2858
760 1375
761 444
762 1268
763 464
764 3520
765 1080
766 1118
767 1035
768 58
769 567
770 3479
771 480
772 233
773 0
774 815
775 1363
776 815
777 855
778 802
779 97
780 21
781 244
782 821
783 428
784 1202
785 550
786 2133
787 1385
788 272
789 2937
790 353
791 378
792 698
793 1758
794 1577
795 0
796 1627
797 2106
798 990
799 547
800 270
801 10
802 563
803 45
804 120
805 92
806 3330
807 1400
808 760
809 2304
810 1296
811 313
812 975
813 1110
814 257
815 130
816 3
817 5
818 536
819 2463
820 2632
821 2714
822 1103
823 1592
824 308
825 1074
826 444
827 2090
828 1380
829 688
830 619
831 982
832 1305
833 1687
834 1829
835 783
836 1153
837 478
838 489
839 191
840 35
841 267
842 191
843 0
844 712
845 1219
846 1236
847 2067
848 1272
849 387
850 1753
851 73
852 1529
853 328
854 149
855 1049
856 381
857 1975
858 1866
859 341
860 400
861 802
862 1739
863 482
864 742
865 1068
866 290
867 1041
868 271
869 246
870 479
871 159
872 50
873 197
874 7
875 25
876 275
877 3127
878 1195
879 930
880 4218
881 2641
882 418
883 313
884 1517
885 192
886 312
887 259
888 904
889 4716
890 458
891 439
892 1048
893 448
894 437
895 861
896 512
897 1067
898 343
899 216
900 0
901 49
902 379
903 5313
904 2379
905 493
906 2301
907 3083
908 2360
909 94
910 245
911 1624
912 89
913 117
914 663
915 1987
916 125
917 770
918 2011
919 519
920 1944
921 2452
922 769
923 159
924 412
925 111
926 367
927 875
928 4
929 83
930 1159
931 3882
932 1304
933 3937
934 1804
935 2883
936 527
937 307
938 1665
939 661
940 2596
941 997
942 15
943 192
944 2120
945 2696
946 928
947 70
948 19
949 1801
950 1201
951 147
952 1093
953 2260
954 992
955 3833
956 4376
957 857
958 516
959 1410
960 855
961 129
962 477
963 1390
964 1569
965 384
966 1113
967 900
968 1107
969 2795
970 1134
971 48
972 1006
973 2291
974 696
975 1267
976 245
977 151
978 5251
979 795
980 4534
981 4753
982 863
983 481
984 2879
985 2416
986 682
987 202
988 17
989 46
990 155
991 405
992 567
993 3524
994 1768
995 546
996 998
997 265
998 548
999 1005
1000 453
1001 1298
1002 2234
1003 36
1004 17
1005 66
1006 21
1007 1903
1008 3458
1009 18
1010 520
1011 331
1012 189
1013 4
1014 22
1015 69
1016 961
1017 2756
1018 262
1019 2250
1020 1891
1021 3292
1022 2061
1023 812
1024 1211
1025 385
1026 1573
1027 3848
1028 860
1029 271
1030 324
1031 2053
1032 104
1033 165
1034 648
1035 1149
1036 552
1037 282
1038 3191
1039 1847
1040 2792
1041 1584
1042 110
1043 939
1044 387
1045 723
1046 1304
1047 1010
1048 1446
1049 227
1050 252
1051 23
1052 51
1053 77
1054 151
1055 498
1056 719
1057 1079
1058 1744
1059 2826
1060 2837
1061 656
1062 3
1063 154
1064 0
1065 226
1066 168
1067 746
1068 266
1069 683
1070 649
1071 371
1072 2580
1073 936
1074 1864
1075 221
1076 300
1077 40
1078 1147
1079 206
1080 2155
1081 1267
1082 468
1083 983
1084 850
1085 289
1086 30
1087 181
1088 50
1089 76
1090 1998
1091 3326
1092 2514
1093 3604
1094 1674
1095 302
1096 644
1097 206
1098 739
1099 3839
1100 118
1101 304
1102 307
1103 602
1104 203
1105 352
1106 3885
1107 3694
1108 699
1109 68
1110 7325
1111 1811
1112 241
1113 1303
1114 2465
1115 249
1116 52
1117 387
1118 340
1119 2711
1120 2543
1121 2239
1122 262
1123 134
1124 613
1125 124
1126 765
1127 33
1128 932
1129 1456
1130 78
1131 59
1132 10
1133 1124
1134 678
1135 423
1136 10
1137 12
1138 32
1139 1764
1140 7885
1141 4502
1142 1734
1143 77
1144 226
1145 27
1146 444
1147 16
1148 154
1149 2836
1150 4464
1151 408
1152 523
1153 584
1154 1132
1155 3712
1156 2380
1157 1726
1158 481
1159 230
1160 514
1161 190
1162 949
1163 14
1164 89
1165 24
1166 817
1167 1076
1168 2567
1169 393
1170 2613
1171 34
1172 36
1173 427
1174 117
1175 175
1176 1660
1177 3810
1178 472
1179 3011
1180 311
1181 2039
1182 1500
1183 2835
1184 1046
1185 2226
1186 1320
1187 958
1188 158
1189 64
1190 53
1191 1184
1192 1187
1193 80
1194 305
1195 122
1196 344
1197 111
1198 986
1199 955
1200 595
1201 100
1202 45
1203 3106
1204 252
1205 125
1206 508
1207 108
1208 814
1209 530
1210 2110
1211 1981
1212 4609
1213 382
1214 1178
1215 2588
1216 1091
1217 4663
1218 2181
1219 421
1220 1415
1221 827
1222 372
1223 1034
1224 946
1225 270
1226 729
1227 203
1228 1117
1229 1919
1230 730
1231 114
1232 623
1233 1147
1234 1380
1235 4051
1236 810
1237 1019
1238 1501
1239 61
1240 540
1241 9
1242 168
1243 1617
1244 76
1245 799
1246 468
1247 1573
1248 3400
1249 5192
1250 329
1251 2186
1252 3561
1253 4539
1254 7299
1255 1080
1256 880
1257 309
1258 2151
1259 250
1260 843
1261 298
1262 838
1263 951
1264 2484
1265 1891
1266 1143
1267 380
1268 104
1269 119
1270 217
1271 492
1272 998
1273 964
1274 6175
1275 2709
1276 272
1277 516
1278 597
1279 749
1280 71
1281 119
1282 93
1283 67
1284 43
1285 30
1286 1720
1287 3299
1288 1000
1289 2701
1290 2360
1291 2508
1292 1206
1293 1394
1294 18621
1295 6695
1296 747
1297 189
1298 861
1299 2217
1300 387
1301 33
1302 539
1303 1136
1304 3466
1305 708
1306 450
1307 2186
1308 1642
1309 1476
1310 307
1311 1157
1312 38
1313 29
1314 59
1315 3187
1316 2732
1317 2912
1318 3684
1319 3424
1320 3350
1321 5898
1322 3406
1323 482
1324 394
1325 1039
1326 228
1327 391
1328 17
1329 701
1330 341
1331 928
1332 3756
1333 1098
1334 309
1335 860
1336 735
1337 2447
1338 1909
1339 6462
1340 8687
1341 1352
1342 572
1343 2238
1344 2746
1345 524
1346 439
1347 380
1348 226
1349 711
1350 3455
1351 293
1352 127
1353 3123
1354 365
1355 1622
1356 1561
1357 452
1358 550
1359 1669
1360 306
1361 28
1362 55
1363 1381
1364 4701
1365 5438
1366 1135
1367 1592
1368 1576
1369 3502
1370 2565
1371 2582
1372 36
1373 358
1374 46
1375 48
1376 163
1377 318
1378 881
1379 3561
1380 4026
1381 511
1382 604
1383 768
1384 1758
1385 832
1386 2340
1387 6776
1388 2144
1389 299
1390 2254
1391 1978
1392 508
1393 514
1394 314
1395 1168
1396 1111
1397 890
1398 18
1399 359
1400 2379
1401 1486
1402 1250
1403 1671
1404 1412
1405 597
1406 660
1407 1866
1408 1768
1409 2162
1410 1749
1411 736
1412 635
1413 2
1414 402
1415 213
1416 1626
1417 2291
1418 1489
1419 3757
1420 1690
1421 4521
1422 1147
1423 112
1424 456
1425 88
1426 391
1427 1803
1428 4957
1429 6683
1430 4029
1431 5605
1432 3899
1433 1647
1434 1930
1435 2406
1436 1718
1437 4067
1438 86
1439 31
1440 1083
1441 1076
1442 6339
1443 1134
1444 1052
1445 2428
1446 3475
1447 733
1448 1007
1449 581
1450 459
1451 4168
1452 814
1453 2520
1454 1400
1455 234
1456 1087
1457 4234
1458 140
1459 4241
1460 1333
1461 657
1462 427
1463 817
1464 38
1465 702
1466 1159
1467 1052
1468 305
1469 288
1470 99
1471 26
1472 224
1473 294
1474 246
1475 1312
1476 6145
1477 11122
1478 4367
1479 3367
1480 4586
1481 3758
1482 830
1483 2801
1484 1950
1485 36
1486 634
1487 209
1488 1917
1489 1629
1490 7260
1491 1768
1492 946
1493 1838
1494 2145
1495 556
1496 3210
1497 4074
1498 500
1499 1442
1500 2560
1501 711
1502 1097
1503 457
1504 1806
1505 3291
1506 522
1507 1183
1508 2859
1509 637
1510 1171
1511 181
1512 286
1513 610
1514 4280
1515 1446
1516 851
1517 160
1518 16
1519 0
1520 54
1521 149
1522 220
1523 190
1524 1791
1525 6369
1526 4547
1527 12609
1528 9406
1529 6310
1530 2241
1531 108
1532 1001
1533 3565
1534 312
1535 1965
1536 1277
1537 1275
1538 2195
1539 1501
1540 122
1541 1884
1542 407
1543 1248
1544 6791
1545 3902
1546 4512
1547 2060
1548 617
1549 1583
1550 3151
1551 734
1552 737
1553 1282
1554 671
1555 832
1556 3751
1557 7048
1558 735
1559 769
1560 1361
1561 4436
1562 2822
1563 2513
1564 79
1565 225
1566 1172
1567 1217
1568 3304
1569 63
1570 163
1571 609
1572 9278
1573 17875
1574 6258
1575 614
1576 6035
1577 2773
1578 1822
1579 4220
1580 5091
1581 1901
1582 2266
1583 1790
1584 1246
1585 323
1586 73
1587 1032
1588 3056
1589 368
1590 6154
1591 2122
1592 1536
1593 1446
1594 1602
1595 4904
1596 3365
1597 497
1598 174
1599 475
1600 4424
1601 1491
1602 4348
1603 595
1604 388
1605 61
1606 256
1607 724
1608 28
1609 55
1610 71
1611 18
1612 1358
1613 1682
1614 930
1615 171
1616 2070
1617 7974
1618 6273
1619 11032
1620 5024
1621 7793
1622 6715
1623 2561
1624 1863
1625 296
1626 5279
1627 2853
1628 1205
1629 2967
1630 1826
1631 1484
1632 1781
1633 1405
1634 2450
1635 769
1636 794
1637 1360
1638 1376
1639 1522
1640 2743
1641 658
1642 72
1643 203
1644 263
1645 4909
1646 8853
1647 1847
1648 3107
1649 1401
1650 975
1651 3149
1652 7624
1653 329
1654 1102
1655 3354
1656 3648
1657 982
1658 1573
1659 2385
1660 1160
1661 1555
1662 1471
1663 451
1664 1664
1665 2586
1666 1824
1667 4087
1668 3691
1669 96
1670 846
1671 893
1672 27
1673 231
1674 59
1675 124
1676 119
1677 8954
1678 5941
1679 4714
1680 5212
1681 1811
1682 2783
1683 2815
1684 1580
1685 3522
1686 2271
1687 877
1688 1324
1689 1912
1690 815
1691 2041
1692 576
1693 1270
1694 2001
1695 164
1696 945
1697 240
1698 491
1699 653
1700 289
1701 4223
1702 488
1703 1393
1704 20
1705 59
1706 350
1707 1091
1708 85
1709 1524
1710 8036
1711 2556
1712 1557
1713 1179
1714 1223
1715 3531
1716 2391
1717 1894
1718 559
1719 1134
1720 196
1721 1263
1722 315
1723 319
1724 577
1725 419
1726 1183
1727 788
1728 2980
1729 2496
1730 192
1731 357
1732 120
1733 1065
1734 487
1735 120
1736 783
1737 1794
1738 3217
1739 2964
1740 2025
1741 650
1742 2543
1743 285
1744 1300
1745 2168
1746 975
1747 68
1748 238
1749 387
1750 740
1751 1926
1752 2682
1753 286
1754 190
1755 909
1756 543
1757 703
1758 1112
1759 86
1760 68
1761 2919
1762 914
1763 1322
1764 1395
1765 1537
1766 877
1767 3184
1768 1688
1769 57
1770 345
1771 810
1772 1546
1773 2781
1774 1332
1775 987
1776 1118
1777 1429
1778 2789
1779 66
1780 434
1781 18
1782 1585
1783 141
1784 538
1785 765
1786 104
1787 1988
1788 1088
1789 483
1790 1414
1791 87
1792 2068
1793 907
1794 189
1795 6
1796 477
1797 3593
1798 3263
1799 6383
1800 5102
1801 1549
1802 1983
1803 518
1804 1194
1805 4821
1806 4768
1807 1128
1808 1384
1809 74
1810 1691
1811 858
1812 654
1813 737
1814 524
1815 691
1816 422
1817 92
1818 750
1819 261
1820 1533
1821 994
1822 749
1823 960
1824 3730
1825 1260
1826 403
1827 1197
1828 1689
1829 2956
1830 197
1831 2198
1832 670
1833 2151
1834 416
1835 2967
1836 1209
1837 311
1838 1073
1839 520
1840 865
1841 815
1842 397
1843 1206
1844 3710
1845 2613
1846 808
1847 1008
1848 2364
1849 3987
1850 511
1851 300
1852 502
1853 1605
1854 684
1855 1968
1856 1157
1857 450
1858 3020
1859 3744
1860 1041
1861 2465
1862 2504
1863 117
1864 1039
1865 388
1866 1120
1867 9660
1868 2229
1869 1195
1870 352
1871 1279
1872 4420
1873 2281
1874 721
1875 282
1876 354
1877 999
1878 1234
1879 881
1880 95
1881 2350
1882 3671
1883 4390
1884 2366
1885 960
1886 407
1887 422
1888 92
1889 1933
1890 2103
1891 718
1892 1298
1893 1498
1894 6093
1895 6293
1896 2589
1897 717
1898 635
1899 497
1900 2844
1901 1811
1902 337
1903 3959
1904 1303
1905 1913
1906 1353
1907 1906
1908 1041
1909 1187
1910 1149
1911 1728
1912 3291
1913 1545
1914 340
1915 150
1916 218
1917 2013
1918 919
1919 2161
1920 861
1921 1624
1922 388
1923 1811
1924 1741
1925 1801
1926 324
1927 342
1928 409
1929 481
1930 1004
1931 1607
1932 525
1933 253
1934 775
1935 1808
1936 2286
1937 345
1938 300
1939 534
1940 2022
1941 1813
1942 4564
1943 3824
1944 584
1945 736
1946 846
1947 165
1948 921
1949 687
1950 718
1951 2247
1952 1303
1953 2325
1954 1228
1955 3381
1956 535
1957 1234
1958 1801
1959 1049
1960 729
1961 262
1962 48
1963 386
1964 3794
1965 4101
1966 398
1967 2120
1968 3673
1969 1754
1970 859
1971 1604
1972 3485
1973 437
1974 929
1975 2109
1976 899
1977 13
1978 199
1979 139
1980 1982
1981 3599
1982 1633
1983 404
1984 720
1985 3352
1986 1415
1987 164
1988 241
1989 2355
1990 1199
1991 1544
1992 1213
1993 637
1994 1426
1995 3183
1996 5090
1997 1878
1998 907
1999 2186
2000 2112
2001 101
2002 383
2003 1067
2004 3158
2005 1637
2006 813
2007 1284
2008 890
2009 1298
2010 1490
2011 2027
2012 389
2013 390
2014 2179
2015 1701
2016 3190
2017 4082
2018 370
2019 2859
2020 1079
2021 862
2022 663
2023 3038
2024 4648
2025 156
2026 1149
2027 1061
2028 1071
2029 547
2030 1865
2031 2654
2032 1808
2033 650
2034 1721
2035 2548
2036 3724
2037 1350
2038 1174
2039 873
2040 607
2041 497
2042 711
2043 2672
2044 542
2045 1186
2046 1010
2047 1055
2048 3141
2049 3847
2050 2485
2051 2492
2052 236
2053 290
2054 1676
2055 5184
2056 772
2057 999
2058 992
2059 1188
2060 1036
2061 2281
2062 1514
2063 1361
2064 387
2065 251
2066 2417
2067 1710
2068 86
2069 2677
2070 627
2071 1394
2072 3115
2073 2646
2074 1339
2075 1914
2076 2920
2077 723
2078 64
2079 351
2080 1768
2081 3513
2082 2405
2083 1795
2084 1126
2085 782
2086 2053
2087 1504
2088 2258
2089 1891
2090 1400
2091 910
2092 817
2093 904
2094 1572
2095 5003
2096 1418
2097 5539
2098 2684
2099 1487
2100 717
2101 365
2102 96
2103 3852
2104 3678
2105 1560
2106 68
2107 75
2108 583
2109 481
2110 2831
2111 1861
2112 2823
2113 1600
2114 1113
2115 1869
2116 1206
2117 1158
2118 3448
2119 3508
2120 607
2121 748
2122 227
2123 248
2124 2990
2125 384
2126 1863
2127 1942
2128 2810
2129 901
2130 1339
2131 3171
2132 3740
2133 494
2134 17
2135 346
2136 110
2137 2095
2138 3870
2139 1078
2140 331
2141 53
2142 69
2143 108
2144 2597
2145 2801
2146 1125
2147 536
2148 3767
2149 1720
2150 4423
2151 589
2152 2597
2153 3217
2154 2449
2155 763
2156 194
2157 255
2158 217
2159 1180
2160 3232
2161 3328
2162 16
2163 136
2164 671
2165 2696
2166 1389
2167 1062
2168 645
2169 1595
2170 626
2171 286
2172 2241
2173 1424
2174 112
2175 899
2176 83
2177 1603
2178 302
2179 681
2180 330
2181 943
2182 651
2183 1166
2184 410
2185 4
2186 37
2187 1880
2188 888
2189 729
2190 2248
2191 1843
2192 729
2193 2606
2194 455
2195 132
2196 41
2197 377
2198 226
2199 1191
2200 746
2201 1303
2202 1762
2203 2502
2204 462
2205 2768
2206 2464
2207 732
2208 85
2209 1142
2210 1014
2211 2192
2212 3891
2213 3318
2214 539
2215 816
2216 154
2217 302
2218 168
2219 386
2220 1412
2221 60
2222 92
2223 722
2224 1801
2225 387
2226 238
2227 2608
2228 2175
2229 1982
2230 2314
2231 227
2232 890
2233 1283
2234 68
2235 364
2236 124
2237 863
2238 323
2239 60
2240 8
2241 201
2242 109
2243 2959
2244 1405
2245 274
2246 558
2247 2298
2248 4018
2249 570
2250 3196
2251 1410
2252 444
2253 1078
2254 3425
2255 1685
2256 2221
2257 613
2258 116
2259 356
2260 2374
2261 420
2262 184
2263 62
2264 87
2265 807
2266 4102
2267 2962
2268 2744
2269 3768
2270 3687
2271 2128
2272 116
2273 470
2274 4436
2275 3261
2276 1513
2277 3508
2278 940
2279 233
2280 201
2281 2733
2282 3798
2283 411
2284 0
2285 333
2286 2112
2287 469
2288 734
2289 771
2290 3214
2291 4582
2292 397
2293 81
2294 3556
2295 2874
2296 773
2297 1498
2298 908
2299 124
2300 1452
2301 2330
2302 1238
2303 50
2304 650
2305 190
2306 466
2307 1195
2308 3493
2309 1133
2310 1116
2311 1085
2312 808
2313 741
2314 1582
2315 859
2316 3995
2317 1271
2318 27
2319 505
2320 2950
2321 1754
2322 1413
2323 0
2324 31
2325 378
2326 3425
2327 5611
2328 1075
2329 227
2330 382
2331 177
2332 729
2333 684
2334 5445
2335 6605
2336 770
2337 166
2338 762
2339 1793
2340 1534
2341 468
2342 27
2343 3
2344 1285
2345 2369
2346 1287
2347 1984
2348 283
2349 1155
2350 1566
2351 2590
2352 2224
2353 3653
2354 1924
2355 469
2356 1537
2357 558
2358 217
2359 10
2360 92
2361 35
2362 80
2363 3393
2364 3106
2365 368
2366 2457
2367 1886
2368 528
2369 1373
2370 2331
2371 1480
2372 1302
2373 808
2374 98
2375 1709
2376 2401
2377 62
2378 41
2379 330
2380 497
2381 129
2382 3005
2383 1690
2384 1094
2385 4054
2386 1118
2387 2932
2388 5002
2389 2849
2390 1982
2391 3518
2392 511
2393 449
2394 3166
2395 1120
2396 394
2397 90
2398 2757
2399 90
2400 302
2401 1779
2402 6764
2403 529
2404 857
2405 2378
2406 3022
2407 2155
2408 1144
2409 1660
2410 1087
2411 2541
2412 1637
2413 358
2414 19
2415 758
2416 249
2417 455
2418 116
2419 1919
2420 3480
2421 2780
2422 6281
2423 873
2424 1636
2425 1905
2426 2524
2427 3188
2428 4015
2429 826
2430 48
2431 865
2432 2176
2433 17
2434 381
2435 1082
2436 1269
2437 700
2438 3985
2439 422
2440 1449
2441 3176
2442 3206
2443 1373
2444 1527
2445 1694
2446 261
2447 22
2448 32
2449 1473
2450 143
2451 426
2452 226
2453 140
2454 1228
2455 1138
2456 1709
2457 1524
2458 268
2459 1054
2460 241
2461 149
2462 15
2463 169
2464 1011
2465 6260
2466 858
2467 37
2468 396
2469 499
2470 998
2471 654
2472 684
2473 156
2474 67
2475 72
2476 2
2477 313
2478 1630
2479 126
2480 538
2481 742
2482 241
2483 702
2484 1085
2485 1543
2486 739
2487 2192
2488 419
2489 549
2490 109
2491 47
2492 12
2493 56
2494 678
2495 1367
2496 515
2497 901
2498 217
2499 957
2500 575
2501 442
2502 584
2503 2784
2504 133
2505 27
2506 188
2507 49
2508 80
2509 502
2510 295
2511 435
2512 421
2513 794
2514 0
2515 2
2516 243
2517 14
2518 1
2519 77
2520 386
2521 209
2522 308
2523 1035
2524 55
2525 36
2526 1474
2527 728
2528 10
2529 301
2530 472
2531 230
2532 91
2533 77
2534 2300
2535 2916
2536 448
2537 828
2538 1197
2539 179
2540 27
2541 191
2542 3294
2543 889
2544 1110
2545 2846
2546 276
2547 126
2548 862
2549 423
2550 258
2551 128
2552 1010
2553 1793
2554 708
2555 18
2556 23
2557 218
2558 534
2559 486
2560 1572
2561 1349
2562 391
2563 945
2564 327
2565 319
2566 585
2567 309
2568 265
2569 115
2570 305
2571 207
2572 4
2573 503
2574 32
2575 1255
2576 71
2577 82
2578 109
2579 67
2580 0
2581 9
2582 0
2583 0
2584 2
2585 0
2586 0
2587 0
2588 0
2589 1
2590 0
2591 0
2592 5
2593 0
2594 0
2595 0
2596 0
2597 0
2598 19
