0 12
1 0
2 1
3 0
4 4
5 8
6 0
7 0
8 0
9 0
10 1
11 11
12 1
13 6
14 19
15 8
16 14
17 1
18 1
19 37
20 0
21 6
22 2
23 27
24 0
25 6
26 0
27 0
28 0
29 0
30 0
31 1
32 0
33 5
34 0
35 13
36 1
37 2
38 2
39 0
40 5
41 0
42 1
43 0
44 17
45 0
46 2
47 0
48 0
49 16
50 8
51 0
52 16
53 14
54 13
55 1
56 3
57 8
58 12
59 0
60 2
61 18
62 14
63 0
64 2
65 29
66 1
67 12
68 5
69 0
70 2
71 2
72 1
73 0
74 16
75 24
76 0
77 9
78 0
79 25
80 2
81 0
82 7
83 5
84 1
85 0
86 12
87 29
88 32
89 0
90 1
91 1
92 0
93 12
94 1
95 0
96 3
97 15
98 3
99 14
100 0
101 1
102 12
103 10
104 1
105 6
106 15
107 5
108 15
109 11
110 1
111 5
112 5
113 4
114 10
115 4
116 17
117 3
118 3
119 6
120 0
121 6
122 31
123 7
124 2
125 0
126 2
127 1
128 5
129 7
130 2
131 11
132 2
133 0
134 0
135 18
136 15
137 56
138 4
139 4
140 26
141 23
142 4
143 2
144 0
145 0
146 17
147 5
148 20
149 15
150 6
151 0
152 0
153 6
154 4
155 5
156 2
157 4
158 47
159 5
160 4
161 3
162 0
163 11
164 11
165 12
166 18
167 11
168 4
169 4
170 22
171 13
172 6
173 5
174 20
175 39
176 27
177 0
178 8
179 0
180 20
181 3
182 55
183 30
184 13
185 9
186 0
187 36
188 23
189 2
190 5
191 0
192 0
193 0
194 0
195 0
196 21
197 13
198 1
199 16
200 11
201 13
202 5
203 27
204 12
205 35
206 46
207 12
208 8
209 0
210 36
211 0
212 5
213 8
214 0
215 28
216 1
217 7
218 6
219 38
220 5
221 30
222 29
223 25
224 44
225 20
226 22
227 3
228 0
229 3
230 1
231 0
232 0
233 0
234 0
235 2
236 0
237 0
238 12
239 55
240 2
241 48
242 33
243 3
244 31
245 10
246 13
247 0
248 9
249 5
250 4
251 2
252 4
253 0
254 2
255 6
256 73
257 30
258 5
259 1
260 0
261 0
262 1
263 12
264 2
265 6
266 1
267 6
268 1
269 0
270 9
271 15
272 5
273 0
274 2
275 2
276 1
277 0
278 3
279 15
280 1
281 0
282 7
283 53
284 1
285 1
286 4
287 3
288 4
289 2
290 42
291 9
292 55
293 19
294 0
295 11
296 14
297 6
298 9
299 4
300 0
301 7
302 12
303 8
304 54
305 16
306 12
307 27
308 0
309 16
310 9
311 13
312 19
313 2
314 0
315 17
316 15
317 20
318 47
319 1
320 5
321 9
322 2
323 4
324 0
325 0
326 3
327 2
328 0
329 0
330 2
331 12
332 2
333 19
334 31
335 24
336 2
337 7
338 34
339 23
340 0
341 1
342 2
343 0
344 2
345 0
346 10
347 1
348 24
349 9
350 11
351 48
352 8
353 0
354 0
355 0
356 0
357 14
358 0
359 12
360 11
361 40
362 46
363 0
364 0
365 0
366 3
367 5
368 14
369 17
370 9
371 2
372 5
373 7
374 4
375 4
376 8
377 0
378 3
379 0
380 13
381 0
382 12
383 1
384 9
385 16
386 0
387 0
388 14
389 19
390 30
391 15
392 32
393 1
394 17
395 7
396 32
397 10
398 0
399 21
400 2
401 7
402 6
403 5
404 15
405 9
406 27
407 29
408 5
409 1
410 2
411 5
412 9
413 45
414 30
415 1
416 4
417 9
418 2
419 8
420 3
421 1
422 18
423 19
424 23
425 7
426 7
427 0
428 14
429 0
430 34
431 1
432 2
433 7
434 0
435 2
436 29
437 48
438 55
439 20
440 27
441 25
442 13
443 43
444 7
445 8
446 3
447 2
448 23
449 7
450 17
451 8
452 13
453 25
454 36
455 5
456 0
457 38
458 0
459 0
460 2
461 26
462 22
463 15
464 15
465 13
466 2
467 25
468 13
469 30
470 40
471 40
472 23
473 14
474 27
475 8
476 0
477 3
478 0
479 5
480 3
481 7
482 5
483 2
484 21
485 6
486 10
487 16
488 6
489 28
490 8
491 4
492 29
493 56
494 5
495 10
496 8
497 3
498 34
499 10
500 11
501 10
502 9
503 4
504 0
505 9
506 16
507 3
508 2
509 49
510 5
511 6
512 21
513 36
514 15
515 22
516 16
517 10
518 0
519 11
520 40
521 36
522 2
523 6
524 8
525 0
526 0
527 3
528 14
529 3
530 1
531 4
532 27
533 21
534 2
535 22
536 22
537 2
538 0
539 15
540 3
541 7
542 0
543 21
544 23
545 1
546 14
547 0
548 15
549 1
550 8
551 1
552 23
553 18
554 36
555 33
556 5
557 3
558 8
559 17
560 4
561 14
562 5
563 1
564 0
565 0
566 0
567 8
568 2
569 0
570 5
571 14
572 8
573 8
574 3
575 15
576 4
577 12
578 6
579 9
580 0
581 0
582 1
583 8
584 10
585 13
586 11
587 2
588 19
589 46
590 2
591 0
592 9
593 0
594 1
595 5
596 4
597 2
598 23
599 39
600 22
601 58
602 6
603 5
604 4
605 2
606 14
607 13
608 18
609 8
610 13
611 9
612 26
613 17
614 39
615 25
616 24
617 0
618 2
619 1
620 3
621 0
622 9
623 4
624 6
625 30
626 17
627 49
628 24
629 20
630 32
631 4
632 8
633 4
634 11
635 4
636 16
637 1
638 4
639 16
640 0
641 11
642 15
643 33
644 9
645 28
646 17
647 1
648 2
649 0
650 0
651 14
652 18
653 8
654 7
655 8
656 4
657 0
658 29
659 23
660 1
661 0
662 1
663 17
664 3
665 0
666 14
667 9
668 0
669 5
670 14
671 0
672 3
673 1
674 3
675 0
676 19
677 26
678 20
679 11
680 24
681 21
682 1
683 6
684 0
685 0
686 3
687 0
688 0
689 8
690 26
691 15
692 12
693 0
694 1
695 4
696 0
697 2
698 2
699 9
700 5
701 9
702 14
703 0
704 3
705 26
706 30
707 17
708 0
709 21
710 0
711 0
712 1
713 2
714 0
715 1
716 12
717 42
718 18
719 16
720 45
721 9
722 4
723 0
724 6
725 3
726 9
727 7
728 5
729 15
730 0
731 21
732 4
733 0
734 11
735 4
736 18
737 8
738 27
739 27
740 11
741 8
742 0
743 4
744 26
745 0
746 0
747 0
748 17
749 5
750 57
751 2
752 25
753 5
754 15
755 2
756 6
757 7
758 5
759 25
760 14
761 5
762 11
763 5
764 33
765 0
766 8
767 9
768 0
769 5
770 37
771 4
772 3
773 0
774 8
775 13
776 9
777 9
778 8
779 2
780 0
781 2
782 9
783 2
784 9
785 6
786 18
787 15
788 2
789 24
790 3
791 4
792 6
793 17
794 13
795 0
796 17
797 19
798 0
799 5
800 2
801 0
802 5
803 0
804 0
805 0
806 32
807 12
808 6
809 25
810 12
811 3
812 9
813 12
814 3
815 0
816 0
817 0
818 5
819 22
820 25
821 32
822 10
823 14
824 3
825 13
826 3
827 21
828 12
829 6
830 5
831 9
832 15
833 18
834 13
835 6
836 10
837 3
838 6
839 2
840 0
841 0
842 2
843 0
844 7
845 9
846 12
847 22
848 11
849 3
850 15
851 0
852 14
853 2
854 0
855 9
856 4
857 22
858 14
859 2
860 3
861 8
862 16
863 4
864 4
865 12
866 2
867 9
868 2
869 2
870 5
871 2
872 0
873 1
874 0
875 0
876 1
877 25
878 12
879 10
880 41
881 29
882 2
883 3
884 12
885 0
886 2
887 3
888 8
889 41
890 5
891 4
892 10
893 8
894 5
895 8
896 5
897 7
898 2
899 1
900 0
901 0
902 4
903 57
904 18
905 5
906 22
907 30
908 20
909 0
910 1
911 17
912 0
913 0
914 8
915 16
916 2
917 6
918 20
919 5
920 17
921 27
922 9
923 2
924 3
925 1
926 1
927 11
928 0
929 0
930 11
931 42
932 13
933 0
934 22
935 27
936 2
937 3
938 16
939 6
940 24
941 7
942 0
943 2
944 20
945 27
946 8
947 0
948 0
949 19
950 12
951 0
952 10
953 20
954 8
955 42
956 50
957 8
958 5
959 11
960 10
961 0
962 4
963 12
964 17
965 4
966 11
967 8
968 10
969 27
970 0
971 0
972 9
973 22
974 5
975 11
976 3
977 1
978 50
979 9
980 46
981 41
982 9
983 3
984 29
985 0
986 5
987 2
988 0
989 0
990 0
991 5
992 5
993 34
994 17
995 4
996 0
997 0
998 5
999 14
1000 5
1001 11
1002 20
1003 0
1004 0
1005 0
1006 0
1007 20
1008 34
1009 0
1010 4
1011 1
1012 1
1013 0
1014 0
1015 0
1016 8
1017 27
1018 3
1019 22
1020 17
1021 33
1022 16
1023 6
1024 0
1025 3
1026 17
1027 34
1028 7
1029 4
1030 3
1031 20
1032 0
1033 1
1034 3
1035 11
1036 8
1037 3
1038 30
1039 17
1040 28
1041 12
1042 0
1043 10
1044 4
1045 6
1046 10
1047 9
1048 13
1049 2
1050 0
1051 0
1052 0
1053 0
1054 1
1055 6
1056 8
1057 11
1058 15
1059 32
1060 28
1061 7
1062 0
1063 1
1064 0
1065 2
1066 0
1067 5
1068 3
1069 8
1070 7
1071 4
1072 24
1073 11
1074 18
1075 1
1076 2
1077 0
1078 10
1079 0
1080 22
1081 11
1082 5
1083 7
1084 8
1085 3
1086 0
1087 0
1088 0
1089 0
1090 20
1091 33
1092 21
1093 31
1094 21
1095 2
1096 7
1097 1
1098 7
1099 33
1100 1
1101 4
1102 0
1103 8
1104 1
1105 3
1106 38
1107 37
1108 5
1109 0
1110 73
1111 18
1112 1
1113 13
1114 25
1115 2
1116 0
1117 4
1118 3
1119 25
1120 28
1121 23
1122 2
1123 0
1124 4
1125 0
1126 6
1127 0
1128 10
1129 11
1130 0
1131 0
1132 0
1133 10
1134 5
1135 4
1136 0
1137 0
1138 0
1139 20
1140 79
1141 38
1142 15
1143 0
1144 2
1145 0
1146 5
1147 0
1148 0
1149 31
1150 45
1151 3
1152 5
1153 6
1154 9
1155 39
1156 23
1157 13
1158 4
1159 1
1160 4
1161 1
1162 10
1163 0
1164 0
1165 0
1166 8
1167 11
1168 22
1169 3
1170 25
1171 0
1172 0
1173 5
1174 1
1175 1
1176 16
1177 36
1178 4
1179 32
1180 3
1181 22
1182 13
1183 26
1184 10
1185 22
1186 14
1187 5
1188 1
1189 0
1190 0
1191 11
1192 11
1193 0
1194 3
1195 0
1196 2
1197 1
1198 7
1199 0
1200 9
1201 0
1202 0
1203 29
1204 3
1205 1
1206 6
1207 0
1208 7
1209 4
1210 22
1211 15
1212 49
1213 5
1214 11
1215 23
1216 10
1217 43
1218 21
1219 3
1220 12
1221 7
1222 2
1223 0
1224 8
1225 0
1226 4
1227 1
1228 10
1229 16
1230 8
1231 2
1232 7
1233 10
1234 14
1235 39
1236 7
1237 0
1238 16
1239 1
1240 5
1241 0
1242 0
1243 16
1244 1
1245 7
1246 7
1247 10
1248 31
1249 53
1250 3
1251 18
1252 38
1253 49
1254 77
1255 9
1256 8
1257 3
1258 21
1259 3
1260 6
1261 3
1262 8
1263 8
1264 24
1265 17
1266 9
1267 3
1268 0
1269 1
1270 3
1271 7
1272 11
1273 9
1274 60
1275 25
1276 0
1277 4
1278 5
1279 5
1280 1
1281 1
1282 1
1283 0
1284 0
1285 0
1286 17
1287 33
1288 10
1289 29
1290 18
1291 29
1292 10
1293 13
1294 188
1295 66
1296 7
1297 1
1298 7
1299 22
1300 4
1301 0
1302 4
1303 13
1304 33
1305 8
1306 3
1307 22
1308 17
1309 13
1310 1
1311 8
1312 0
1313 0
1314 0
1315 28
1316 25
1317 33
1318 33
1319 32
1320 30
1321 60
1322 29
1323 6
1324 5
1325 7
1326 1
1327 0
1328 0
1329 10
1330 3
1331 10
1332 38
1333 8
1334 4
1335 9
1336 7
1337 25
1338 19
1339 60
1340 80
1341 12
1342 6
1343 29
1344 23
1345 7
1346 5
1347 1
1348 0
1349 6
1350 0
1351 2
1352 1
1353 34
1354 2
1355 0
1356 16
1357 3
1358 8
1359 19
1360 0
1361 0
1362 0
1363 13
1364 52
1365 51
1366 10
1367 13
1368 16
1369 36
1370 21
1371 21
1372 0
1373 3
1374 0
1375 0
1376 3
1377 4
1378 7
1379 34
1380 35
1381 0
1382 4
1383 7
1384 17
1385 8
1386 21
1387 66
1388 18
1389 3
1390 25
1391 17
1392 4
1393 4
1394 2
1395 11
1396 11
1397 6
1398 0
1399 3
1400 23
1401 15
1402 13
1403 16
1404 15
1405 4
1406 6
1407 14
1408 16
1409 26
1410 18
1411 8
1412 6
1413 0
1414 3
1415 2
1416 15
1417 25
1418 18
1419 39
1420 18
1421 50
1422 12
1423 1
1424 4
1425 0
1426 4
1427 13
1428 43
1429 69
1430 39
1431 57
1432 39
1433 17
1434 16
1435 22
1436 19
1437 37
1438 1
1439 0
1440 10
1441 10
1442 0
1443 8
1444 9
1445 18
1446 31
1447 7
1448 9
1449 4
1450 5
1451 37
1452 5
1453 25
1454 14
1455 3
1456 11
1457 42
1458 0
1459 43
1460 14
1461 6
1462 4
1463 7
1464 0
1465 6
1466 14
1467 11
1468 2
1469 1
1470 0
1471 0
1472 2
1473 3
1474 3
1475 12
1476 64
1477 115
1478 40
1479 31
1480 55
1481 36
1482 7
1483 23
1484 24
1485 0
1486 5
1487 2
1488 18
1489 13
1490 66
1491 13
1492 8
1493 17
1494 20
1495 5
1496 38
1497 41
1498 5
1499 17
1500 29
1501 8
1502 9
1503 4
1504 0
1505 27
1506 5
1507 9
1508 33
1509 4
1510 9
1511 1
1512 1
1513 7
1514 40
1515 12
1516 0
1517 1
1518 0
1519 0
1520 0
1521 1
1522 2
1523 2
1524 21
1525 61
1526 39
1527 124
1528 91
1529 62
1530 22
1531 0
1532 11
1533 35
1534 0
1535 19
1536 13
1537 10
1538 26
1539 10
1540 1
1541 16
1542 4
1543 11
1544 72
1545 38
1546 40
1547 20
1548 6
1549 13
1550 27
1551 9
1552 8
1553 11
1554 0
1555 9
1556 0
1557 77
1558 6
1559 8
1560 13
1561 42
1562 31
1563 22
1564 0
1565 1
1566 10
1567 9
1568 36
1569 0
1570 0
1571 0
1572 91
1573 171
1574 55
1575 7
1576 0
1577 23
1578 16
1579 0
1580 51
1581 16
1582 21
1583 18
1584 12
1585 3
1586 0
1587 10
1588 34
1589 3
1590 0
1591 20
1592 11
1593 14
1594 15
1595 52
1596 32
1597 6
1598 1
1599 6
1600 42
1601 12
1602 43
1603 7
1604 3
1605 0
1606 1
1607 6
1608 0
1609 0
1610 1
1611 0
1612 10
1613 17
1614 9
1615 2
1616 21
1617 70
1618 59
1619 105
1620 51
1621 89
1622 62
1623 23
1624 16
1625 2
1626 49
1627 25
1628 12
1629 29
1630 17
1631 14
1632 20
1633 11
1634 20
1635 9
1636 8
1637 14
1638 12
1639 12
1640 26
1641 4
1642 0
1643 3
1644 0
1645 52
1646 87
1647 14
1648 26
1649 17
1650 9
1651 31
1652 77
1653 3
1654 0
1655 32
1656 38
1657 6
1658 15
1659 21
1660 13
1661 14
1662 18
1663 4
1664 19
1665 23
1666 16
1667 39
1668 30
1669 0
1670 5
1671 7
1672 0
1673 2
1674 0
1675 0
1676 0
1677 80
1678 55
1679 42
1680 0
1681 16
1682 26
1683 24
1684 16
1685 32
1686 21
1687 7
1688 12
1689 18
1690 8
1691 21
1692 5
1693 15
1694 16
1695 0
1696 9
1697 3
1698 3
1699 6
1700 3
1701 43
1702 2
1703 11
1704 0
1705 0
1706 4
1707 11
1708 0
1709 16
1710 82
1711 0
1712 16
1713 13
1714 13
1715 36
1716 26
1717 19
1718 4
1719 9
1720 1
1721 14
1722 2
1723 0
1724 5
1725 3
1726 11
1727 8
1728 31
1729 25
1730 1
1731 3
1732 0
1733 10
1734 6
1735 0
1736 8
1737 17
1738 30
1739 29
1740 20
1741 4
1742 20
1743 0
1744 12
1745 25
1746 8
1747 0
1748 2
1749 4
1750 7
1751 18
1752 26
1753 1
1754 1
1755 10
1756 4
1757 8
1758 11
1759 0
1760 0
1761 27
1762 9
1763 0
1764 12
1765 14
1766 7
1767 32
1768 15
1769 0
1770 3
1771 5
1772 14
1773 26
1774 11
1775 11
1776 8
1777 14
1778 28
1779 0
1780 4
1781 0
1782 19
1783 0
1784 6
1785 9
1786 1
1787 20
1788 10
1789 4
1790 14
1791 1
1792 27
1793 5
1794 1
1795 0
1796 5
1797 33
1798 29
1799 61
1800 46
1801 12
1802 17
1803 0
1804 10
1805 49
1806 44
1807 10
1808 18
1809 0
1810 15
1811 9
1812 5
1813 6
1814 6
1815 7
1816 5
1817 0
1818 8
1819 2
1820 12
1821 10
1822 7
1823 9
1824 32
1825 11
1826 3
1827 11
1828 19
1829 30
1830 1
1831 19
1832 6
1833 22
1834 3
1835 27
1836 9
1837 0
1838 8
1839 5
1840 6
1841 9
1842 2
1843 15
1844 35
1845 21
1846 6
1847 10
1848 20
1849 37
1850 5
1851 2
1852 6
1853 14
1854 8
1855 20
1856 11
1857 4
1858 30
1859 37
1860 12
1861 24
1862 22
1863 1
1864 11
1865 3
1866 9
1867 88
1868 23
1869 12
1870 4
1871 10
1872 44
1873 23
1874 6
1875 3
1876 2
1877 11
1878 10
1879 7
1880 0
1881 21
1882 36
1883 41
1884 24
1885 0
1886 2
1887 6
1888 1
1889 20
1890 17
1891 0
1892 12
1893 12
1894 61
1895 54
1896 28
1897 6
1898 5
1899 4
1900 23
1901 18
1902 4
1903 41
1904 12
1905 18
1906 13
1907 21
1908 11
1909 12
1910 12
1911 17
1912 30
1913 16
1914 3
1915 0
1916 0
1917 21
1918 9
1919 19
1920 7
1921 14
1922 3
1923 17
1924 16
1925 19
1926 2
1927 5
1928 0
1929 3
1930 10
1931 16
1932 6
1933 0
1934 6
1935 17
1936 22
1937 4
1938 4
1939 3
1940 18
1941 19
1942 41
1943 34
1944 7
1945 8
1946 7
1947 0
1948 7
1949 6
1950 5
1951 28
1952 14
1953 22
1954 10
1955 33
1956 4
1957 14
1958 17
1959 10
1960 5
1961 2
1962 0
1963 3
1964 34
1965 41
1966 3
1967 23
1968 34
1969 17
1970 8
1971 14
1972 31
1973 4
1974 13
1975 17
1976 7
1977 0
1978 2
1979 2
1980 23
1981 31
1982 15
1983 4
1984 6
1985 30
1986 17
1987 1
1988 3
1989 20
1990 11
1991 17
1992 11
1993 6
1994 16
1995 0
1996 46
1997 15
1998 7
1999 20
2000 24
2001 1
2002 4
2003 12
2004 25
2005 14
2006 6
2007 11
2008 10
2009 12
2010 14
2011 17
2012 2
2013 5
2014 22
2015 14
2016 30
2017 41
2018 2
2019 30
2020 8
2021 8
2022 7
2023 30
2024 44
2025 0
2026 8
2027 9
2028 15
2029 7
2030 17
2031 23
2032 17
2033 6
2034 16
2035 26
2036 38
2037 13
2038 12
2039 9
2040 6
2041 4
2042 5
2043 24
2044 6
2045 11
2046 10
2047 11
2048 29
2049 31
2050 20
2051 21
2052 2
2053 1
2054 13
2055 47
2056 8
2057 8
2058 10
2059 10
2060 10
2061 24
2062 13
2063 13
2064 2
2065 0
2066 24
2067 16
2068 0
2069 23
2070 7
2071 12
2072 27
2073 20
2074 15
2075 22
2076 27
2077 7
2078 0
2079 6
2080 17
2081 32
2082 21
2083 16
2084 11
2085 6
2086 24
2087 14
2088 22
2089 20
2090 16
2091 8
2092 8
2093 8
2094 13
2095 51
2096 14
2097 56
2098 23
2099 15
2100 7
2101 3
2102 0
2103 39
2104 33
2105 15
2106 0
2107 0
2108 5
2109 6
2110 31
2111 14
2112 33
2113 15
2114 8
2115 21
2116 12
2117 11
2118 31
2119 31
2120 6
2121 0
2122 2
2123 4
2124 28
2125 3
2126 17
2127 17
2128 27
2129 7
2130 13
2131 32
2132 38
2133 5
2134 0
2135 0
2136 0
2137 19
2138 40
2139 9
2140 5
2141 0
2142 0
2143 0
2144 21
2145 32
2146 9
2147 3
2148 38
2149 17
2150 41
2151 5
2152 25
2153 27
2154 25
2155 7
2156 0
2157 2
2158 3
2159 13
2160 34
2161 31
2162 0
2163 3
2164 4
2165 22
2166 13
2167 11
2168 7
2169 19
2170 4
2171 3
2172 20
2173 12
2174 0
2175 8
2176 0
2177 11
2178 3
2179 9
2180 3
2181 9
2182 6
2183 6
2184 3
2185 0
2186 0
2187 19
2188 11
2189 4
2190 22
2191 20
2192 6
2193 26
2194 3
2195 1
2196 0
2197 4
2198 1
2199 12
2200 7
2201 14
2202 21
2203 25
2204 3
2205 24
2206 27
2207 6
2208 2
2209 10
2210 8
2211 21
2212 35
2213 34
2214 3
2215 4
2216 1
2217 2
2218 1
2219 3
2220 16
2221 0
2222 0
2223 8
2224 17
2225 3
2226 2
2227 24
2228 20
2229 18
2230 24
2231 3
2232 8
2233 10
2234 0
2235 3
2236 0
2237 9
2238 3
2239 0
2240 0
2241 2
2242 1
2243 28
2244 13
2245 3
2246 5
2247 23
2248 40
2249 4
2250 32
2251 0
2252 4
2253 8
2254 37
2255 15
2256 21
2257 6
2258 0
2259 3
2260 20
2261 4
2262 2
2263 0
2264 0
2265 7
2266 37
2267 31
2268 32
2269 36
2270 31
2271 23
2272 0
2273 4
2274 45
2275 32
2276 16
2277 33
2278 5
2279 2
2280 1
2281 27
2282 38
2283 5
2284 0
2285 3
2286 18
2287 4
2288 7
2289 7
2290 27
2291 49
2292 3
2293 0
2294 33
2295 28
2296 7
2297 11
2298 10
2299 0
2300 14
2301 27
2302 8
2303 0
2304 9
2305 2
2306 4
2307 13
2308 33
2309 10
2310 12
2311 13
2312 5
2313 10
2314 16
2315 0
2316 34
2317 13
2318 0
2319 5
2320 30
2321 15
2322 12
2323 0
2324 0
2325 4
2326 35
2327 58
2328 10
2329 3
2330 2
2331 0
2332 6
2333 8
2334 46
2335 67
2336 8
2337 0
2338 6
2339 17
2340 15
2341 4
2342 0
2343 0
2344 14
2345 24
2346 9
2347 20
2348 2
2349 12
2350 14
2351 26
2352 20
2353 36
2354 22
2355 5
2356 13
2357 4
2358 2
2359 0
2360 1
2361 0
2362 0
2363 29
2364 29
2365 3
2366 25
2367 17
2368 3
2369 13
2370 22
2371 16
2372 11
2373 7
2374 1
2375 17
2376 24
2377 0
2378 0
2379 3
2380 5
2381 0
2382 29
2383 19
2384 10
2385 47
2386 11
2387 28
2388 50
2389 29
2390 22
2391 33
2392 3
2393 4
2394 31
2395 13
2396 3
2397 1
2398 0
2399 0
2400 3
2401 16
2402 65
2403 4
2404 9
2405 23
2406 32
2407 21
2408 11
2409 15
2410 11
2411 31
2412 17
2413 3
2414 0
2415 8
2416 1
2417 3
2418 0
2419 17
2420 31
2421 28
2422 59
2423 8
2424 13
2425 21
2426 25
2427 30
2428 41
2429 8
2430 0
2431 10
2432 21
2433 0
2434 2
2435 11
2436 9
2437 7
2438 39
2439 4
2440 15
2441 31
2442 0
2443 14
2444 14
2445 13
2446 0
2447 0
2448 0
2449 14
2450 1
2451 3
2452 1
2453 0
2454 12
2455 9
2456 18
2457 14
2458 0
2459 11
2460 0
2461 1
2462 0
2463 1
2464 8
2465 58
2466 11
2467 0
2468 4
2469 5
2470 9
2471 3
2472 4
2473 1
2474 0
2475 1
2476 0
2477 3
2478 17
2479 0
2480 5
2481 8
2482 0
2483 0
2484 11
2485 14
2486 5
2487 22
2488 5
2489 5
2490 0
2491 0
2492 0
2493 0
2494 6
2495 14
2496 5
2497 9
2498 2
2499 12
2500 5
2501 5
2502 4
2503 27
2504 0
2505 0
2506 3
2507 0
2508 0
2509 3
2510 4
2511 4
2512 4
2513 9
2514 0
2515 0
2516 1
2517 0
2518 0
2519 0
2520 3
2521 0
2522 3
2523 10
2524 0
2525 0
2526 18
2527 6
2528 0
2529 2
2530 4
2531 1
2532 0
2533 0
2534 22
2535 30
2536 4
2537 6
2538 11
2539 1
2540 0
2541 3
2542 28
2543 6
2544 7
2545 27
2546 0
2547 0
2548 8
2549 3
2550 3
2551 0
2552 11
2553 17
2554 6
2555 0
2556 0
2557 2
2558 3
2559 4
2560 0
2561 0
2562 2
2563 9
2564 4
2565 1
2566 9
2567 2
2568 3
2569 1
2570 2
2571 2
2572 0
2573 5
2574 0
2575 11
2576 0
2577 0
2578 1
2579 0
2580 0
2581 0
2582 0
2583 0
2584 0
2585 0
2586 0
2587 0
2588 0
2589 0
2590 0
2591 0
2592 0
2593 0
2594 0
2595 0
2596 0
2597 0
2598 0
