0 389
1 1148
2 439
3 786
4 870
5 697
6 527
7 405
8 1350
9 1009
10 440
11 397
12 449
13 403
14 406
15 694
16 401
17 813
18 404
19 408
20 413
21 407
22 815
23 392
24 1070
25 849
26 380
27 383
28 967
29 538
30 406
31 377
32 1323
33 424
34 870
35 417
36 849
37 698
38 387
39 398
40 396
41 387
42 404
43 411
44 458
45 877
46 388
47 884
48 732
49 410
50 397
51 715
52 398
53 395
54 404
55 398
56 372
57 396
58 419
59 406
60 728
61 411
62 402
63 949
64 398
65 413
66 817
67 396
68 399
69 964
70 407
71 394
72 1102
73 1194
74 399
75 403
76 403
77 406
78 810
79 411
80 400
81 994
82 695
83 399
84 844
85 716
86 408
87 392
88 410
89 504
90 390
91 714
92 387
93 702
94 378
95 388
96 384
97 393
98 1324
99 396
100 398
101 1159
102 488
103 398
104 404
105 910
106 978
107 497
108 576
109 405
110 388
111 901
112 419
113 380
114 423
115 387
116 690
117 405
118 821
119 480
120 380
121 939
122 407
123 381
124 405
125 410
126 483
127 476
128 391
129 374
130 388
131 396
132 528
133 915
134 1094
135 813
136 398
137 413
138 412
139 728
140 475
141 389
142 533
143 382
144 390
145 906
146 397
147 472
148 693
149 408
150 715
151 0
152 840
153 389
154 380
155 401
156 400
157 464
158 397
159 400
160 520
161 482
162 827
163 797
164 700
165 395
166 399
167 399
168 712
169 727
170 873
171 399
172 405
173 363
174 425
175 427
176 382
177 379
178 1214
179 518
180 400
181 903
182 406
183 829
184 387
185 405
186 707
187 708
188 707
189 404
190 701
191 737
192 692
193 397
194 1100
195 722
196 975
197 407
198 781
199 394
200 386
201 1108
202 404
203 401
204 405
205 727
206 814
207 713
208 699
209 414
210 712
211 903
212 922
213 842
214 444
215 410
216 398
217 794
218 412
219 724
220 471
221 718
222 469
223 408
224 473
225 415
226 694
227 470
228 398
229 403
230 700
231 879
232 0
233 370
234 0
235 681
236 0
237 523
238 926
239 414
240 847
241 448
242 371
243 397
244 742
245 387
246 396
247 836
248 1067
249 1327
250 691
251 688
252 700
253 0
254 393
255 400
256 396
257 440
258 928
259 780
260 435
261 391
262 699
263 705
264 963
265 897
266 885
267 789
268 391
269 386
270 690
271 531
272 377
273 0
274 711
275 525
276 389
277 789
278 415
279 519
280 778
281 390
282 384
283 387
284 392
285 408
286 794
287 826
288 700
289 564
290 401
291 378
292 379
293 381
294 450
295 398
296 799
297 399
298 705
299 930
300 672
301 397
302 528
303 1314
304 1258
305 410
306 410
307 393
308 817
309 390
310 775
311 708
312 520
313 975
314 403
315 392
316 444
317 412
318 995
319 526
320 394
321 376
322 843
323 512
324 798
325 967
326 522
327 973
328 939
329 988
330 947
331 387
332 831
333 393
334 1030
335 414
336 406
337 865
338 402
339 391
340 692
341 399
342 849
343 691
344 404
345 686
346 386
347 720
348 702
349 781
350 477
351 384
352 707
353 418
354 398
355 520
356 528
357 779
358 829
359 918
360 986
361 824
362 487
363 392
364 394
365 398
366 774
367 383
368 404
369 791
370 1197
371 442
372 763
373 487
374 387
375 406
376 717
377 925
378 520
379 392
380 688
381 523
382 398
383 792
384 725
385 480
386 697
387 694
388 909
389 714
390 951
391 679
392 386
393 690
394 716
395 411
396 525
397 384
398 782
399 401
400 903
401 694
402 693
403 700
404 399
405 865
406 782
407 934
408 841
409 781
410 402
411 393
412 398
413 479
414 471
415 775
416 1082
417 865
418 479
419 787
420 691
421 400
422 798
423 912
424 407
425 725
426 647
427 376
428 777
429 385
430 413
431 393
432 402
433 919
434 879
435 524
436 929
437 402
438 391
439 986
440 792
441 911
442 393
443 417
444 396
445 400
446 845
447 384
448 405
449 715
450 404
451 399
452 392
453 409
454 734
455 406
456 385
457 408
458 393
459 402
460 408
461 399
462 398
463 373
464 396
465 394
466 799
467 991
468 402
469 397
470 408
471 857
472 714
473 721
474 410
475 517
476 817
477 388
478 394
479 406
480 398
481 827
482 401
483 719
484 719
485 830
486 818
487 711
488 398
489 809
490 896
491 474
492 388
493 401
494 401
495 464
496 400
497 392
498 407
499 709
500 397
501 390
502 404
503 397
504 410
505 408
506 411
507 735
508 394
509 407
510 724
511 420
512 396
513 408
514 846
515 811
516 401
517 516
518 383
519 400
520 417
521 397
522 383
523 470
524 396
525 755
526 406
527 403
528 403
529 397
530 531
531 406
532 697
533 390
534 385
535 685
536 970
537 600
538 369
539 406
540 395
541 823
542 395
543 402
544 525
545 442
546 393
547 1314
548 686
549 408
550 395
551 411
552 577
553 416
554 857
555 478
556 485
557 400
558 530
559 409
560 391
561 400
562 445
563 521
564 396
565 398
566 0
567 397
568 401
569 395
570 616
571 841
572 932
573 960
574 705
575 445
576 456
577 403
578 677
579 402
580 393
581 689
582 396
583 470
584 468
585 469
586 514
587 396
588 541
589 455
590 787
591 410
592 400
593 410
594 716
595 399
596 399
597 711
598 898
599 409
600 381
601 749
602 404
603 810
604 709
605 402
606 390
607 434
608 398
609 408
610 570
611 379
612 475
613 404
614 415
615 385
616 383
617 403
618 396
619 404
620 402
621 404
622 412
623 402
624 405
625 418
626 399
627 783
628 390
629 381
630 518
631 419
632 407
633 402
634 392
635 409
636 414
637 405
638 809
639 465
640 485
641 481
642 391
643 406
644 384
645 414
646 393
647 920
648 412
649 394
650 395
651 411
652 391
653 410
654 1000
655 1004
656 857
657 850
658 405
659 401
660 1326
661 714
662 418
663 449
664 782
665 524
666 463
667 819
668 703
669 409
670 390
671 1137
672 495
673 399
674 466
675 427
676 396
677 465
678 468
679 530
680 522
681 410
682 398
683 405
684 413
685 397
686 434
687 392
688 388
689 1080
690 947
691 383
692 846
693 357
694 827
695 405
696 713
697 714
698 470
699 396
700 532
701 877
702 534
703 434
704 1239
705 729
706 711
707 443
708 400
709 522
710 392
711 520
712 809
713 397
714 393
715 1342
716 962
717 389
718 819
719 381
720 399
721 396
722 395
723 480
724 439
725 376
726 521
727 404
728 688
729 847
730 829
731 567
732 377
733 394
734 376
735 399
736 395
737 398
738 440
739 393
740 524
741 418
742 836
743 398
744 416
745 406
746 406
747 394
748 472
749 523
750 649
751 818
752 398
753 523
754 924
755 950
756 762
757 851
758 405
759 522
760 388
761 391
762 398
763 483
764 477
765 392
766 393
767 400
768 421
769 405
770 403
771 399
772 397
773 0
774 392
775 708
776 815
777 832
778 400
779 394
780 402
781 700
782 741
783 826
784 524
785 773
786 391
787 383
788 774
789 501
790 819
791 529
792 409
793 392
794 819
795 0
796 402
797 395
798 464
799 408
800 381
801 390
802 440
803 433
804 515
805 848
806 822
807 698
808 396
809 412
810 838
811 927
812 1336
813 370
814 967
815 388
816 0
817 0
818 467
819 521
820 414
821 440
822 394
823 822
824 1101
825 1001
826 930
827 830
828 410
829 400
830 400
831 396
832 406
833 395
834 814
835 488
836 393
837 400
838 409
839 405
840 511
841 525
842 383
843 0
844 1736
845 364
846 833
847 419
848 533
849 1293
850 397
851 820
852 813
853 397
854 375
855 820
856 399
857 842
858 832
859 406
860 475
861 410
862 396
863 1117
864 388
865 536
866 400
867 400
868 815
869 521
870 396
871 466
872 526
873 477
874 0
875 784
876 816
877 390
878 529
879 888
880 452
881 1297
882 827
883 403
884 788
885 1267
886 834
887 368
888 828
889 842
890 406
891 526
892 785
893 394
894 408
895 784
896 526
897 408
898 389
899 395
900 0
901 1001
902 716
903 898
904 732
905 384
906 822
907 401
908 407
909 1290
910 386
911 969
912 796
913 853
914 811
915 850
916 398
917 826
918 399
919 768
920 402
921 408
922 457
923 438
924 399
925 410
926 444
927 672
928 0
929 714
930 397
931 474
932 524
933 806
934 729
935 800
936 730
937 378
938 998
939 795
940 622
941 384
942 890
943 386
944 769
945 825
946 380
947 416
948 822
949 523
950 398
951 380
952 1350
953 1100
954 821
955 397
956 528
957 1056
958 898
959 702
960 407
961 791
962 782
963 860
964 376
965 1724
966 806
967 399
968 817
969 481
970 375
971 391
972 775
973 376
974 393
975 412
976 518
977 374
978 771
979 771
980 413
981 391
982 1006
983 1211
984 394
985 872
986 527
987 734
988 469
989 476
990 401
991 524
992 820
993 721
994 826
995 404
996 383
997 387
998 394
999 939
1000 1235
1001 403
1002 522
1003 535
1004 386
1005 386
1006 413
1007 813
1008 443
1009 441
1010 381
1011 1114
1012 421
1013 376
1014 1083
1015 1247
1016 1002
1017 787
1018 392
1019 368
1020 711
1021 884
1022 848
1023 526
1024 783
1025 1110
1026 939
1027 895
1028 396
1029 384
1030 526
1031 406
1032 405
1033 391
1034 817
1035 1206
1036 414
1037 1172
1038 392
1039 403
1040 414
1041 530
1042 372
1043 522
1044 1305
1045 382
1046 403
1047 412
1048 868
1049 884
1050 392
1051 410
1052 393
1053 471
1054 943
1055 392
1056 779
1057 523
1058 396
1059 820
1060 401
1061 820
1062 413
1063 836
1064 0
1065 681
1066 399
1067 666
1068 1317
1069 383
1070 401
1071 401
1072 401
1073 395
1074 420
1075 497
1076 1080
1077 839
1078 376
1079 843
1080 912
1081 529
1082 1078
1083 486
1084 374
1085 372
1086 400
1087 514
1088 1177
1089 1000
1090 397
1091 1116
1092 399
1093 387
1094 378
1095 380
1096 382
1097 372
1098 1146
1099 688
1100 817
1101 721
1102 390
1103 399
1104 386
1105 396
1106 541
1107 394
1108 396
1109 659
1110 392
1111 477
1112 1150
1113 1163
1114 1015
1115 377
1116 440
1117 1096
1118 370
1119 414
1120 860
1121 476
1122 403
1123 370
1124 1017
1125 471
1126 391
1127 384
1128 411
1129 878
1130 409
1131 458
1132 411
1133 486
1134 407
1135 780
1136 0
1137 711
1138 381
1139 410
1140 710
1141 386
1142 854
1143 958
1144 934
1145 806
1146 397
1147 525
1148 762
1149 971
1150 778
1151 529
1152 400
1153 405
1154 404
1155 1078
1156 740
1157 730
1158 391
1159 1147
1160 414
1161 397
1162 409
1163 525
1164 819
1165 1086
1166 984
1167 399
1168 396
1169 824
1170 530
1171 1278
1172 784
1173 390
1174 376
1175 954
1176 881
1177 1306
1178 715
1179 936
1180 877
1181 823
1182 381
1183 890
1184 388
1185 541
1186 710
1187 415
1188 383
1189 405
1190 378
1191 474
1192 479
1193 531
1194 396
1195 398
1196 402
1197 388
1198 375
1199 406
1200 372
1201 954
1202 734
1203 403
1204 686
1205 805
1206 810
1207 1250
1208 917
1209 793
1210 466
1211 820
1212 827
1213 953
1214 1046
1215 395
1216 689
1217 453
1218 393
1219 900
1220 790
1221 797
1222 865
1223 376
1224 436
1225 689
1226 468
1227 366
1228 478
1229 409
1230 416
1231 415
1232 388
1233 530
1234 394
1235 948
1236 494
1237 487
1238 829
1239 511
1240 407
1241 823
1242 397
1243 723
1244 702
1245 377
1246 828
1247 380
1248 407
1249 923
1250 829
1251 404
1252 742
1253 1349
1254 777
1255 903
1256 397
1257 910
1258 380
1259 1064
1260 400
1261 379
1262 402
1263 382
1264 412
1265 424
1266 392
1267 402
1268 413
1269 382
1270 431
1271 385
1272 517
1273 378
1274 794
1275 413
1276 383
1277 377
1278 537
1279 534
1280 527
1281 1049
1282 1019
1283 1006
1284 994
1285 469
1286 533
1287 671
1288 414
1289 830
1290 1323
1291 397
1292 780
1293 784
1294 1117
1295 725
1296 479
1297 403
1298 1185
1299 387
1300 376
1301 400
1302 400
1303 396
1304 404
1305 393
1306 373
1307 406
1308 397
1309 406
1310 394
1311 813
1312 401
1313 536
1314 396
1315 1013
1316 382
1317 533
1318 416
1319 525
1320 367
1321 458
1322 484
1323 829
1324 379
1325 823
1326 853
1327 993
1328 1011
1329 810
1330 812
1331 382
1332 821
1333 397
1334 810
1335 417
1336 828
1337 713
1338 855
1339 403
1340 403
1341 392
1342 910
1343 486
1344 710
1345 403
1346 399
1347 400
1348 442
1349 381
1350 450
1351 1321
1352 371
1353 404
1354 399
1355 473
1356 414
1357 402
1358 393
1359 806
1360 394
1361 691
1362 401
1363 822
1364 404
1365 408
1366 965
1367 829
1368 973
1369 820
1370 483
1371 521
1372 1015
1373 818
1374 838
1375 1200
1376 712
1377 823
1378 383
1379 393
1380 803
1381 522
1382 479
1383 837
1384 716
1385 394
1386 721
1387 735
1388 1161
1389 768
1390 379
1391 956
1392 700
1393 403
1394 400
1395 823
1396 385
1397 407
1398 376
1399 816
1400 531
1401 398
1402 380
1403 836
1404 403
1405 703
1406 724
1407 532
1408 781
1409 394
1410 398
1411 399
1412 504
1413 518
1414 398
1415 479
1416 812
1417 383
1418 385
1419 732
1420 818
1421 729
1422 799
1423 813
1424 818
1425 1073
1426 384
1427 424
1428 733
1429 1032
1430 409
1431 402
1432 860
1433 391
1434 423
1435 478
1436 916
1437 726
1438 400
1439 409
1440 689
1441 381
1442 409
1443 405
1444 402
1445 388
1446 414
1447 399
1448 403
1449 524
1450 407
1451 395
1452 918
1453 729
1454 395
1455 1222
1456 401
1457 388
1458 381
1459 406
1460 464
1461 520
1462 375
1463 527
1464 465
1465 401
1466 705
1467 384
1468 382
1469 829
1470 811
1471 812
1472 878
1473 389
1474 410
1475 816
1476 787
1477 381
1478 1108
1479 840
1480 468
1481 863
1482 1086
1483 482
1484 735
1485 953
1486 717
1487 848
1488 786
1489 394
1490 414
1491 397
1492 386
1493 390
1494 408
1495 404
1496 391
1497 404
1498 412
1499 822
1500 407
1501 469
1502 540
1503 377
1504 410
1505 406
1506 388
1507 873
1508 468
1509 379
1510 399
1511 405
1512 376
1513 380
1514 405
1515 712
1516 819
1517 366
1518 395
1519 0
1520 811
1521 815
1522 516
1523 392
1524 407
1525 856
1526 861
1527 1229
1528 839
1529 816
1530 741
1531 824
1532 919
1533 912
1534 1099
1535 1020
1536 384
1537 384
1538 382
1539 399
1540 402
1541 409
1542 393
1543 397
1544 394
1545 445
1546 517
1547 413
1548 386
1549 370
1550 527
1551 391
1552 519
1553 724
1554 529
1555 377
1556 923
1557 544
1558 389
1559 399
1560 405
1561 530
1562 383
1563 471
1564 515
1565 482
1566 761
1567 468
1568 1017
1569 806
1570 390
1571 388
1572 823
1573 434
1574 407
1575 395
1576 392
1577 403
1578 445
1579 828
1580 507
1581 514
1582 413
1583 868
1584 708
1585 383
1586 401
1587 398
1588 388
1589 368
1590 397
1591 399
1592 403
1593 402
1594 402
1595 380
1596 378
1597 522
1598 814
1599 375
1600 1022
1601 842
1602 493
1603 463
1604 400
1605 381
1606 483
1607 394
1608 377
1609 375
1610 525
1611 524
1612 811
1613 735
1614 374
1615 829
1616 381
1617 837
1618 829
1619 430
1620 838
1621 823
1622 1093
1623 383
1624 414
1625 743
1626 698
1627 480
1628 369
1629 944
1630 401
1631 405
1632 408
1633 405
1634 405
1635 476
1636 402
1637 690
1638 413
1639 929
1640 399
1641 404
1642 386
1643 818
1644 810
1645 388
1646 388
1647 384
1648 380
1649 377
1650 825
1651 835
1652 382
1653 807
1654 814
1655 823
1656 735
1657 416
1658 381
1659 413
1660 405
1661 388
1662 397
1663 408
1664 487
1665 521
1666 393
1667 484
1668 842
1669 378
1670 489
1671 519
1672 383
1673 393
1674 831
1675 377
1676 474
1677 1116
1678 407
1679 393
1680 487
1681 819
1682 809
1683 974
1684 391
1685 395
1686 549
1687 476
1688 586
1689 785
1690 1225
1691 415
1692 403
1693 409
1694 378
1695 397
1696 396
1697 389
1698 417
1699 381
1700 381
1701 382
1702 417
1703 537
1704 714
1705 712
1706 933
1707 490
1708 401
1709 808
1710 829
1711 400
1712 811
1713 1219
1714 1170
1715 408
1716 376
1717 821
1718 1343
1719 399
1720 389
1721 695
1722 974
1723 397
1724 402
1725 402
1726 388
1727 391
1728 387
1729 469
1730 384
1731 528
1732 380
1733 400
1734 820
1735 388
1736 515
1737 1257
1738 826
1739 409
1740 385
1741 719
1742 810
1743 381
1744 516
1745 372
1746 494
1747 377
1748 474
1749 785
1750 401
1751 531
1752 401
1753 381
1754 690
1755 822
1756 384
1757 784
1758 723
1759 374
1760 713
1761 1242
1762 400
1763 485
1764 810
1765 392
1766 394
1767 839
1768 924
1769 694
1770 381
1771 738
1772 379
1773 738
1774 778
1775 394
1776 854
1777 392
1778 831
1779 410
1780 380
1781 525
1782 392
1783 934
1784 826
1785 1186
1786 741
1787 411
1788 734
1789 825
1790 383
1791 384
1792 411
1793 817
1794 717
1795 0
1796 765
1797 833
1798 404
1799 375
1800 410
1801 386
1802 373
1803 823
1804 388
1805 532
1806 403
1807 385
1808 478
1809 683
1810 706
1811 403
1812 376
1813 400
1814 494
1815 718
1816 465
1817 710
1818 829
1819 385
1820 419
1821 411
1822 384
1823 841
1824 824
1825 809
1826 387
1827 810
1828 830
1829 371
1830 711
1831 904
1832 385
1833 725
1834 372
1835 1358
1836 394
1837 399
1838 374
1839 386
1840 1092
1841 800
1842 387
1843 405
1844 886
1845 720
1846 831
1847 713
1848 779
1849 387
1850 372
1851 845
1852 374
1853 689
1854 384
1855 396
1856 410
1857 817
1858 373
1859 398
1860 396
1861 391
1862 409
1863 386
1864 533
1865 498
1866 742
1867 422
1868 396
1869 486
1870 370
1871 714
1872 828
1873 403
1874 395
1875 392
1876 399
1877 502
1878 372
1879 804
1880 396
1881 407
1882 372
1883 389
1884 416
1885 386
1886 379
1887 373
1888 367
1889 713
1890 388
1891 375
1892 409
1893 706
1894 715
1895 405
1896 385
1897 472
1898 378
1899 708
1900 884
1901 731
1902 709
1903 388
1904 390
1905 478
1906 477
1907 376
1908 384
1909 382
1910 376
1911 479
1912 384
1913 374
1914 382
1915 399
1916 724
1917 408
1918 401
1919 419
1920 381
1921 403
1922 725
1923 399
1924 374
1925 824
1926 372
1927 380
1928 474
1929 785
1930 790
1931 381
1932 501
1933 376
1934 383
1935 389
1936 1112
1937 472
1938 375
1939 399
1940 407
1941 506
1942 401
1943 818
1944 401
1945 404
1946 382
1947 381
1948 376
1949 375
1950 368
1951 833
1952 406
1953 691
1954 387
1955 724
1956 720
1957 391
1958 737
1959 703
1960 411
1961 789
1962 375
1963 420
1964 385
1965 393
1966 823
1967 484
1968 370
1969 382
1970 379
1971 381
1972 380
1973 395
1974 380
1975 372
1976 770
1977 708
1978 1295
1979 377
1980 790
1981 412
1982 376
1983 380
1984 380
1985 374
1986 387
1987 833
1988 732
1989 380
1990 770
1991 929
1992 798
1993 385
1994 383
1995 387
1996 388
1997 374
1998 396
1999 393
2000 401
2001 408
2002 380
2003 397
2004 409
2005 383
2006 712
2007 720
2008 373
2009 401
2010 379
2011 816
2012 699
2013 816
2014 719
2015 824
2016 410
2017 485
2018 386
2019 406
2020 383
2021 401
2022 393
2023 379
2024 395
2025 404
2026 374
2027 379
2028 378
2029 385
2030 410
2031 382
2032 812
2033 811
2034 718
2035 791
2036 419
2037 407
2038 374
2039 790
2040 449
2041 474
2042 512
2043 818
2044 373
2045 407
2046 373
2047 382
2048 400
2049 405
2050 404
2051 376
2052 385
2053 379
2054 415
2055 418
2056 453
2057 822
2058 709
2059 829
2060 722
2061 715
2062 940
2063 386
2064 466
2065 810
2066 723
2067 385
2068 377
2069 393
2070 411
2071 380
2072 390
2073 387
2074 369
2075 388
2076 412
2077 375
2078 379
2079 384
2080 381
2081 405
2082 498
2083 382
2084 485
2085 498
2086 380
2087 819
2088 710
2089 389
2090 386
2091 370
2092 827
2093 716
2094 394
2095 390
2096 375
2097 381
2098 515
2099 371
2100 385
2101 378
2102 370
2103 381
2104 369
2105 382
2106 396
2107 395
2108 427
2109 385
2110 824
2111 373
2112 717
2113 410
2114 772
2115 495
2116 882
2117 406
2118 382
2119 387
2120 925
2121 437
2122 932
2123 711
2124 408
2125 380
2126 392
2127 388
2128 714
2129 405
2130 410
2131 527
2132 380
2133 682
2134 704
2135 385
2136 695
2137 817
2138 387
2139 724
2140 377
2141 378
2142 378
2143 379
2144 387
2145 407
2146 406
2147 372
2148 475
2149 415
2150 416
2151 492
2152 383
2153 499
2154 715
2155 399
2156 408
2157 726
2158 374
2159 385
2160 520
2161 493
2162 1316
2163 370
2164 379
2165 372
2166 390
2167 385
2168 388
2169 393
2170 381
2171 870
2172 414
2173 803
2174 819
2175 422
2176 419
2177 728
2178 378
2179 391
2180 393
2181 376
2182 385
2183 387
2184 392
2185 477
2186 403
2187 469
2188 397
2189 385
2190 379
2191 468
2192 866
2193 376
2194 382
2195 375
2196 387
2197 389
2198 361
2199 770
2200 418
2201 382
2202 370
2203 377
2204 396
2205 388
2206 389
2207 389
2208 803
2209 812
2210 412
2211 885
2212 772
2213 378
2214 381
2215 777
2216 388
2217 402
2218 902
2219 388
2220 381
2221 384
2222 1029
2223 407
2224 796
2225 375
2226 380
2227 382
2228 920
2229 388
2230 901
2231 380
2232 932
2233 430
2234 391
2235 960
2236 1018
2237 914
2238 413
2239 808
2240 386
2241 401
2242 381
2243 381
2244 397
2245 720
2246 484
2247 890
2248 718
2249 819
2250 704
2251 878
2252 525
2253 416
2254 943
2255 878
2256 915
2257 1796
2258 381
2259 411
2260 388
2261 387
2262 378
2263 915
2264 390
2265 523
2266 387
2267 393
2268 385
2269 506
2270 873
2271 720
2272 774
2273 411
2274 391
2275 814
2276 978
2277 844
2278 749
2279 864
2280 384
2281 389
2282 386
2283 358
2284 0
2285 404
2286 409
2287 365
2288 383
2289 390
2290 777
2291 772
2292 481
2293 828
2294 393
2295 409
2296 375
2297 917
2298 778
2299 1122
2300 719
2301 386
2302 933
2303 1080
2304 421
2305 387
2306 784
2307 874
2308 384
2309 381
2310 478
2311 781
2312 759
2313 768
2314 391
2315 785
2316 383
2317 749
2318 750
2319 777
2320 858
2321 381
2322 380
2323 0
2324 374
2325 374
2326 385
2327 397
2328 382
2329 779
2330 487
2331 390
2332 409
2333 882
2334 862
2335 800
2336 384
2337 382
2338 757
2339 760
2340 377
2341 386
2342 374
2343 818
2344 374
2345 380
2346 388
2347 385
2348 384
2349 389
2350 388
2351 1025
2352 910
2353 383
2354 820
2355 369
2356 387
2357 410
2358 503
2359 379
2360 376
2361 381
2362 416
2363 403
2364 387
2365 383
2366 383
2367 805
2368 379
2369 422
2370 803
2371 787
2372 796
2373 871
2374 925
2375 917
2376 905
2377 482
2378 412
2379 799
2380 409
2381 391
2382 934
2383 383
2384 370
2385 387
2386 940
2387 819
2388 1305
2389 388
2390 382
2391 929
2392 929
2393 511
2394 870
2395 485
2396 391
2397 376
2398 382
2399 379
2400 719
2401 384
2402 393
2403 1794
2404 386
2405 378
2406 1311
2407 399
2408 492
2409 409
2410 372
2411 816
2412 393
2413 907
2414 450
2415 420
2416 374
2417 705
2418 499
2419 382
2420 388
2421 390
2422 1209
2423 739
2424 379
2425 839
2426 396
2427 422
2428 798
2429 388
2430 888
2431 386
2432 799
2433 846
2434 375
2435 374
2436 375
2437 384
2438 386
2439 387
2440 461
2441 374
2442 388
2443 414
2444 866
2445 400
2446 387
2447 946
2448 371
2449 512
2450 393
2451 377
2452 392
2453 934
2454 934
2455 931
2456 387
2457 774
2458 938
2459 414
2460 926
2461 691
2462 1248
2463 377
2464 391
2465 790
2466 374
2467 717
2468 422
2469 723
2470 871
2471 367
2472 712
2473 375
2474 377
2475 958
2476 0
2477 378
2478 404
2479 418
2480 410
2481 909
2482 380
2483 385
2484 382
2485 383
2486 389
2487 774
2488 774
2489 822
2490 1315
2491 392
2492 374
2493 422
2494 388
2495 383
2496 374
2497 394
2498 389
2499 392
2500 392
2501 384
2502 388
2503 865
2504 378
2505 514
2506 1120
2507 474
2508 381
2509 372
2510 385
2511 399
2512 486
2513 381
2514 0
2515 0
2516 390
2517 386
2518 0
2519 1024
2520 392
2521 459
2522 923
2523 439
2524 992
2525 733
2526 717
2527 404
2528 0
2529 1029
2530 380
2531 581
2532 731
2533 1199
2534 806
2535 1252
2536 949
2537 504
2538 381
2539 383
2540 374
2541 473
2542 785
2543 392
2544 404
2545 528
2546 815
2547 374
2548 718
2549 842
2550 848
2551 400
2552 697
2553 382
2554 397
2555 380
2556 839
2557 865
2558 716
2559 412
2560 385
2561 384
2562 398
2563 388
2564 773
2565 380
2566 715
2567 879
2568 376
2569 385
2570 380
2571 400
2572 0
2573 1022
2574 398
2575 714
2576 388
2577 381
2578 383
2579 373
2580 0
