0 28
1 0
2 1
3 0
4 7
5 17
6 0
7 1
8 0
9 1
10 6
11 21
12 4
13 23
14 42
15 13
16 32
17 6
18 1
19 72
20 0
21 9
22 5
23 47
24 0
25 23
26 1
27 1
28 0
29 6
30 1
31 2
32 0
33 16
34 3
35 24
36 1
37 9
38 2
39 5
40 12
41 2
42 2
43 2
44 0
45 0
46 2
47 2
48 4
49 31
50 19
51 3
52 28
53 29
54 0
55 1
56 7
57 20
58 33
59 2
60 6
61 33
62 27
63 2
64 4
65 77
66 8
67 26
68 12
69 0
70 4
71 5
72 0
73 1
74 37
75 42
76 1
77 20
78 46
79 42
80 6
81 0
82 20
83 10
84 2
85 1
86 22
87 69
88 56
89 1
90 0
91 3
92 4
93 23
94 6
95 0
96 4
97 33
98 5
99 36
100 0
101 1
102 26
103 25
104 5
105 10
106 41
107 11
108 28
109 29
110 1
111 0
112 17
113 7
114 24
115 8
116 35
117 5
118 4
119 18
120 0
121 17
122 52
123 15
124 7
125 1
126 3
127 6
128 8
129 15
130 5
131 18
132 4
133 0
134 3
135 55
136 26
137 126
138 10
139 6
140 45
141 35
142 7
143 3
144 0
145 1
146 33
147 9
148 42
149 28
150 9
151 0
152 0
153 11
154 0
155 15
156 7
157 10
158 112
159 0
160 7
161 7
162 1
163 25
164 20
165 27
166 35
167 22
168 14
169 8
170 53
171 27
172 8
173 7
174 41
175 79
176 62
177 8
178 15
179 0
180 51
181 4
182 117
183 65
184 26
185 18
186 92
187 85
188 46
189 7
190 0
191 0
192 1
193 2
194 0
195 1
196 54
197 25
198 6
199 40
200 25
201 28
202 12
203 48
204 30
205 71
206 100
207 22
208 12
209 0
210 69
211 1
212 8
213 25
214 0
215 54
216 3
217 15
218 15
219 87
220 17
221 65
222 63
223 0
224 91
225 54
226 51
227 7
228 0
229 9
230 2
231 0
232 0
233 6
234 0
235 7
236 0
237 0
238 0
239 111
240 5
241 112
242 55
243 10
244 76
245 16
246 29
247 0
248 21
249 10
250 10
251 3
252 8
253 0
254 2
255 9
256 171
257 59
258 10
259 1
260 0
261 0
262 5
263 30
264 7
265 10
266 3
267 12
268 4
269 0
270 18
271 41
272 14
273 0
274 6
275 4
276 3
277 4
278 9
279 27
280 2
281 0
282 15
283 99
284 3
285 0
286 9
287 8
288 8
289 6
290 92
291 21
292 120
293 45
294 0
295 25
296 34
297 14
298 18
299 9
300 19
301 16
302 30
303 22
304 110
305 33
306 20
307 61
308 0
309 33
310 18
311 32
312 38
313 8
314 5
315 44
316 37
317 47
318 98
319 2
320 14
321 21
322 6
323 10
324 0
325 2
326 8
327 3
328 0
329 0
330 3
331 0
332 8
333 53
334 0
335 51
336 5
337 24
338 87
339 44
340 0
341 2
342 3
343 2
344 5
345 3
346 13
347 2
348 46
349 12
350 0
351 89
352 15
353 1
354 0
355 1
356 3
357 23
358 1
359 26
360 29
361 80
362 100
363 3
364 0
365 0
366 9
367 15
368 31
369 35
370 11
371 10
372 9
373 13
374 6
375 9
376 23
377 0
378 4
379 24
380 28
381 0
382 21
383 1
384 18
385 39
386 0
387 0
388 23
389 38
390 66
391 39
392 67
393 0
394 36
395 18
396 74
397 24
398 0
399 47
400 4
401 21
402 9
403 12
404 38
405 26
406 0
407 51
408 14
409 0
410 6
411 16
412 20
413 92
414 57
415 2
416 9
417 21
418 2
419 18
420 5
421 4
422 43
423 38
424 48
425 23
426 15
427 9
428 29
429 1
430 74
431 3
432 8
433 9
434 1
435 4
436 64
437 91
438 127
439 0
440 68
441 63
442 24
443 98
444 13
445 12
446 10
447 3
448 44
449 14
450 37
451 21
452 30
453 53
454 64
455 9
456 47
457 83
458 49
459 0
460 2
461 61
462 47
463 26
464 32
465 21
466 2
467 0
468 29
469 68
470 77
471 87
472 57
473 30
474 54
475 17
476 3
477 7
478 3
479 9
480 9
481 13
482 17
483 2
484 48
485 13
486 27
487 34
488 14
489 61
490 20
491 11
492 68
493 113
494 10
495 30
496 16
497 8
498 66
499 24
500 0
501 23
502 17
503 8
504 2
505 27
506 42
507 3
508 4
509 96
510 10
511 13
512 52
513 84
514 29
515 51
516 27
517 19
518 1
519 19
520 74
521 70
522 2
523 19
524 16
525 1
526 0
527 8
528 29
529 0
530 5
531 0
532 61
533 53
534 3
535 0
536 42
537 5
538 6
539 42
540 6
541 9
542 5
543 49
544 50
545 3
546 22
547 0
548 42
549 2
550 19
551 4
552 53
553 53
554 80
555 69
556 12
557 10
558 18
559 34
560 11
561 26
562 10
563 0
564 1
565 0
566 0
567 7
568 5
569 2
570 7
571 38
572 26
573 16
574 4
575 39
576 10
577 19
578 20
579 14
580 6
581 0
582 5
583 17
584 33
585 30
586 18
587 5
588 44
589 98
590 2
591 0
592 17
593 2
594 2
595 13
596 9
597 4
598 55
599 72
600 47
601 0
602 21
603 22
604 12
605 7
606 30
607 25
608 44
609 15
610 34
611 18
612 47
613 36
614 85
615 54
616 0
617 1
618 3
619 2
620 9
621 1
622 15
623 10
624 8
625 60
626 35
627 82
628 52
629 45
630 71
631 12
632 14
633 15
634 21
635 13
636 0
637 2
638 15
639 35
640 0
641 26
642 26
643 75
644 12
645 56
646 27
647 4
648 3
649 0
650 0
651 19
652 24
653 15
654 13
655 0
656 9
657 6
658 58
659 48
660 2
661 0
662 2
663 38
664 7
665 3
666 37
667 26
668 2
669 10
670 23
671 52
672 5
673 5
674 7
675 0
676 40
677 54
678 35
679 22
680 61
681 54
682 2
683 16
684 7
685 26
686 0
687 1
688 0
689 18
690 71
691 40
692 27
693 0
694 6
695 9
696 8
697 6
698 6
699 24
700 15
701 14
702 27
703 2
704 5
705 52
706 73
707 26
708 2
709 36
710 0
711 0
712 5
713 5
714 0
715 5
716 25
717 90
718 45
719 36
720 91
721 19
722 11
723 0
724 16
725 9
726 16
727 10
728 18
729 35
730 20
731 51
732 6
733 19
734 30
735 8
736 38
737 25
738 59
739 61
740 26
741 17
742 1
743 13
744 45
745 1
746 1
747 0
748 42
749 15
750 103
751 3
752 43
753 10
754 33
755 3
756 14
757 9
758 15
759 54
760 30
761 8
762 26
763 6
764 75
765 22
766 23
767 25
768 0
769 12
770 74
771 8
772 5
773 0
774 13
775 31
776 16
777 17
778 18
779 0
780 0
781 6
782 18
783 8
784 24
785 11
786 44
787 31
788 6
789 57
790 7
791 10
792 13
793 37
794 32
795 0
796 36
797 0
798 21
799 13
800 6
801 0
802 0
803 0
804 1
805 2
806 65
807 25
808 14
809 51
810 27
811 5
812 0
813 25
814 8
815 0
816 0
817 0
818 10
819 45
820 50
821 57
822 21
823 31
824 6
825 19
826 11
827 42
828 29
829 16
830 11
831 19
832 26
833 39
834 30
835 18
836 23
837 8
838 9
839 4
840 0
841 5
842 5
843 0
844 17
845 20
846 24
847 42
848 26
849 7
850 36
851 2
852 0
853 7
854 3
855 19
856 11
857 46
858 45
859 8
860 5
861 18
862 36
863 10
864 14
865 26
866 6
867 19
868 7
869 5
870 10
871 2
872 1
873 2
874 0
875 0
876 6
877 62
878 23
879 19
880 84
881 56
882 9
883 5
884 30
885 4
886 8
887 5
888 16
889 96
890 11
891 9
892 23
893 10
894 9
895 19
896 9
897 19
898 6
899 4
900 0
901 0
902 7
903 0
904 49
905 9
906 44
907 67
908 46
909 2
910 5
911 34
912 2
913 3
914 16
915 37
916 2
917 20
918 43
919 12
920 42
921 41
922 18
923 2
924 11
925 2
926 0
927 21
928 0
929 1
930 27
931 76
932 25
933 74
934 39
935 62
936 10
937 0
938 41
939 12
940 53
941 19
942 0
943 3
944 48
945 54
946 15
947 2
948 0
949 0
950 25
951 2
952 19
953 45
954 0
955 82
956 89
957 15
958 11
959 32
960 11
961 0
962 10
963 30
964 33
965 7
966 25
967 15
968 23
969 59
970 21
971 2
972 0
973 44
974 0
975 24
976 5
977 2
978 106
979 13
980 99
981 103
982 21
983 8
984 64
985 46
986 15
987 5
988 0
989 1
990 3
991 8
992 11
993 75
994 35
995 10
996 17
997 7
998 11
999 21
1000 9
1001 24
1002 44
1003 0
1004 0
1005 0
1006 0
1007 40
1008 68
1009 0
1010 14
1011 5
1012 4
1013 0
1014 0
1015 1
1016 0
1017 54
1018 5
1019 48
1020 40
1021 57
1022 40
1023 0
1024 26
1025 10
1026 30
1027 82
1028 15
1029 5
1030 5
1031 42
1032 2
1033 5
1034 13
1035 26
1036 12
1037 5
1038 67
1039 36
1040 53
1041 31
1042 2
1043 18
1044 9
1045 17
1046 30
1047 23
1048 31
1049 5
1050 5
1051 0
1052 0
1053 1
1054 1
1055 11
1056 15
1057 25
1058 36
1059 58
1060 59
1061 13
1062 0
1063 5
1064 0
1065 4
1066 2
1067 17
1068 4
1069 16
1070 14
1071 7
1072 54
1073 17
1074 39
1075 0
1076 6
1077 0
1078 0
1079 6
1080 47
1081 27
1082 9
1083 20
1084 20
1085 7
1086 0
1087 3
1088 0
1089 0
1090 41
1091 72
1092 49
1093 71
1094 33
1095 6
1096 11
1097 3
1098 13
1099 78
1100 1
1101 6
1102 6
1103 11
1104 4
1105 7
1106 78
1107 80
1108 16
1109 0
1110 153
1111 43
1112 4
1113 27
1114 53
1115 5
1116 0
1117 8
1118 5
1119 49
1120 52
1121 42
1122 5
1123 2
1124 12
1125 2
1126 16
1127 0
1128 14
1129 28
1130 2
1131 2
1132 0
1133 18
1134 13
1135 10
1136 0
1137 0
1138 0
1139 37
1140 0
1141 94
1142 38
1143 0
1144 3
1145 0
1146 12
1147 0
1148 3
1149 59
1150 91
1151 0
1152 8
1153 12
1154 24
1155 80
1156 52
1157 32
1158 14
1159 4
1160 0
1161 4
1162 16
1163 0
1164 0
1165 0
1166 15
1167 23
1168 55
1169 9
1170 0
1171 1
1172 0
1173 9
1174 4
1175 3
1176 39
1177 73
1178 14
1179 61
1180 4
1181 40
1182 38
1183 69
1184 21
1185 46
1186 28
1187 14
1188 4
1189 1
1190 0
1191 23
1192 27
1193 1
1194 7
1195 3
1196 6
1197 0
1198 19
1199 24
1200 12
1201 2
1202 0
1203 60
1204 5
1205 2
1206 12
1207 3
1208 21
1209 8
1210 49
1211 37
1212 94
1213 7
1214 27
1215 48
1216 21
1217 98
1218 49
1219 12
1220 34
1221 18
1222 6
1223 22
1224 17
1225 5
1226 12
1227 5
1228 20
1229 37
1230 16
1231 3
1232 14
1233 26
1234 0
1235 82
1236 19
1237 19
1238 31
1239 0
1240 8
1241 0
1242 4
1243 35
1244 1
1245 17
1246 7
1247 27
1248 80
1249 108
1250 7
1251 42
1252 69
1253 94
1254 152
1255 25
1256 16
1257 7
1258 44
1259 6
1260 17
1261 6
1262 14
1263 18
1264 52
1265 36
1266 26
1267 8
1268 0
1269 1
1270 6
1271 8
1272 21
1273 17
1274 124
1275 63
1276 6
1277 9
1278 10
1279 12
1280 2
1281 2
1282 0
1283 0
1284 0
1285 0
1286 35
1287 61
1288 20
1289 52
1290 49
1291 49
1292 23
1293 30
1294 379
1295 0
1296 13
1297 2
1298 20
1299 44
1300 9
1301 0
1302 10
1303 28
1304 78
1305 17
1306 10
1307 42
1308 0
1309 0
1310 8
1311 25
1312 0
1313 0
1314 0
1315 64
1316 57
1317 60
1318 82
1319 71
1320 62
1321 132
1322 0
1323 8
1324 5
1325 20
1326 5
1327 8
1328 0
1329 13
1330 0
1331 21
1332 88
1333 20
1334 6
1335 19
1336 17
1337 53
1338 39
1339 0
1340 175
1341 30
1342 12
1343 55
1344 57
1345 13
1346 9
1347 7
1348 4
1349 11
1350 68
1351 5
1352 2
1353 69
1354 7
1355 34
1356 29
1357 6
1358 11
1359 40
1360 6
1361 0
1362 0
1363 25
1364 98
1365 105
1366 24
1367 31
1368 28
1369 64
1370 53
1371 54
1372 0
1373 6
1374 0
1375 0
1376 3
1377 4
1378 19
1379 74
1380 81
1381 11
1382 12
1383 16
1384 31
1385 15
1386 46
1387 142
1388 42
1389 7
1390 41
1391 47
1392 9
1393 11
1394 4
1395 24
1396 26
1397 20
1398 0
1399 9
1400 54
1401 31
1402 23
1403 34
1404 0
1405 14
1406 13
1407 40
1408 39
1409 48
1410 41
1411 16
1412 16
1413 0
1414 8
1415 5
1416 33
1417 52
1418 34
1419 77
1420 35
1421 0
1422 23
1423 1
1424 9
1425 3
1426 7
1427 35
1428 116
1429 134
1430 85
1431 113
1432 84
1433 35
1434 43
1435 49
1436 39
1437 75
1438 2
1439 0
1440 19
1441 20
1442 135
1443 20
1444 26
1445 57
1446 0
1447 14
1448 22
1449 10
1450 10
1451 82
1452 18
1453 52
1454 26
1455 0
1456 25
1457 94
1458 1
1459 87
1460 24
1461 14
1462 8
1463 17
1464 0
1465 13
1466 25
1467 20
1468 4
1469 7
1470 2
1471 0
1472 4
1473 4
1474 4
1475 26
1476 118
1477 233
1478 87
1479 67
1480 90
1481 77
1482 19
1483 53
1484 43
1485 1
1486 13
1487 5
1488 45
1489 29
1490 157
1491 40
1492 22
1493 45
1494 45
1495 15
1496 69
1497 82
1498 11
1499 28
1500 48
1501 0
1502 24
1503 11
1504 33
1505 65
1506 10
1507 22
1508 59
1509 14
1510 25
1511 2
1512 3
1513 13
1514 85
1515 26
1516 18
1517 3
1518 0
1519 0
1520 1
1521 1
1522 4
1523 3
1524 31
1525 129
1526 88
1527 275
1528 201
1529 128
1530 0
1531 4
1532 23
1533 69
1534 7
1535 40
1536 25
1537 28
1538 46
1539 32
1540 3
1541 32
1542 8
1543 25
1544 144
1545 83
1546 92
1547 46
1548 12
1549 30
1550 69
1551 18
1552 14
1553 32
1554 13
1555 20
1556 77
1557 149
1558 15
1559 15
1560 31
1561 89
1562 53
1563 53
1564 2
1565 4
1566 28
1567 24
1568 67
1569 1
1570 3
1571 13
1572 179
1573 377
1574 118
1575 14
1576 124
1577 53
1578 45
1579 87
1580 109
1581 43
1582 0
1583 34
1584 23
1585 7
1586 1
1587 18
1588 62
1589 9
1590 119
1591 41
1592 31
1593 34
1594 38
1595 102
1596 70
1597 8
1598 3
1599 9
1600 89
1601 29
1602 98
1603 15
1604 10
1605 0
1606 4
1607 13
1608 0
1609 1
1610 2
1611 0
1612 26
1613 35
1614 19
1615 3
1616 44
1617 158
1618 124
1619 233
1620 104
1621 165
1622 136
1623 52
1624 32
1625 7
1626 105
1627 59
1628 31
1629 65
1630 34
1631 30
1632 38
1633 30
1634 52
1635 20
1636 16
1637 30
1638 31
1639 31
1640 57
1641 17
1642 1
1643 3
1644 5
1645 96
1646 188
1647 33
1648 63
1649 33
1650 15
1651 62
1652 171
1653 6
1654 23
1655 72
1656 75
1657 19
1658 34
1659 40
1660 24
1661 30
1662 32
1663 9
1664 29
1665 58
1666 34
1667 90
1668 84
1669 1
1670 15
1671 21
1672 0
1673 3
1674 1
1675 2
1676 2
1677 190
1678 120
1679 90
1680 98
1681 37
1682 61
1683 64
1684 29
1685 67
1686 46
1687 13
1688 34
1689 41
1690 19
1691 40
1692 12
1693 24
1694 47
1695 4
1696 18
1697 5
1698 11
1699 14
1700 4
1701 84
1702 7
1703 24
1704 0
1705 0
1706 7
1707 27
1708 0
1709 30
1710 163
1711 50
1712 31
1713 27
1714 23
1715 72
1716 48
1717 36
1718 10
1719 22
1720 5
1721 28
1722 7
1723 8
1724 8
1725 10
1726 26
1727 19
1728 68
1729 56
1730 3
1731 5
1732 2
1733 25
1734 11
1735 3
1736 16
1737 38
1738 67
1739 64
1740 41
1741 13
1742 51
1743 6
1744 28
1745 41
1746 20
1747 1
1748 5
1749 10
1750 12
1751 35
1752 61
1753 6
1754 3
1755 19
1756 11
1757 11
1758 21
1759 0
1760 0
1761 58
1762 15
1763 29
1764 0
1765 30
1766 19
1767 59
1768 37
1769 1
1770 9
1771 19
1772 28
1773 53
1774 23
1775 20
1776 21
1777 31
1778 62
1779 1
1780 7
1781 0
1782 34
1783 1
1784 12
1785 16
1786 1
1787 49
1788 25
1789 11
1790 30
1791 2
1792 39
1793 20
1794 2
1795 0
1796 11
1797 68
1798 77
1799 126
1800 110
1801 30
1802 39
1803 11
1804 22
1805 106
1806 93
1807 21
1808 31
1809 0
1810 39
1811 14
1812 14
1813 13
1814 8
1815 10
1816 8
1817 1
1818 15
1819 3
1820 29
1821 20
1822 15
1823 20
1824 74
1825 26
1826 7
1827 26
1828 35
1829 53
1830 2
1831 47
1832 13
1833 46
1834 0
1835 55
1836 21
1837 4
1838 21
1839 11
1840 18
1841 16
1842 7
1843 0
1844 79
1845 53
1846 15
1847 21
1848 50
1849 74
1850 10
1851 6
1852 10
1853 33
1854 14
1855 40
1856 27
1857 7
1858 62
1859 77
1860 18
1861 46
1862 49
1863 2
1864 19
1865 10
1866 26
1867 195
1868 42
1869 22
1870 5
1871 24
1872 87
1873 45
1874 13
1875 5
1876 7
1877 22
1878 23
1879 17
1880 2
1881 46
1882 64
1883 0
1884 45
1885 23
1886 8
1887 7
1888 1
1889 40
1890 41
1891 11
1892 27
1893 23
1894 132
1895 132
1896 53
1897 13
1898 12
1899 9
1900 61
1901 32
1902 5
1903 82
1904 30
1905 35
1906 31
1907 38
1908 28
1909 29
1910 26
1911 32
1912 64
1913 28
1914 7
1915 2
1916 5
1917 37
1918 21
1919 45
1920 14
1921 31
1922 7
1923 31
1924 37
1925 37
1926 7
1927 8
1928 8
1929 8
1930 16
1931 35
1932 12
1933 6
1934 16
1935 35
1936 43
1937 0
1938 6
1939 10
1940 43
1941 34
1942 105
1943 86
1944 14
1945 17
1946 18
1947 3
1948 18
1949 16
1950 13
1951 0
1952 30
1953 45
1954 22
1955 76
1956 10
1957 27
1958 29
1959 24
1960 13
1961 2
1962 2
1963 9
1964 95
1965 79
1966 7
1967 41
1968 74
1969 34
1970 19
1971 35
1972 69
1973 11
1974 17
1975 44
1976 19
1977 0
1978 2
1979 2
1980 41
1981 66
1982 33
1983 8
1984 15
1985 65
1986 34
1987 3
1988 6
1989 47
1990 26
1991 36
1992 23
1993 11
1994 34
1995 73
1996 110
1997 36
1998 21
1999 45
2000 43
2001 1
2002 7
2003 24
2004 69
2005 35
2006 19
2007 25
2008 21
2009 33
2010 32
2011 36
2012 6
2013 8
2014 0
2015 36
2016 69
2017 85
2018 9
2019 0
2020 17
2021 18
2022 13
2023 55
2024 89
2025 0
2026 21
2027 21
2028 19
2029 11
2030 39
2031 58
2032 35
2033 16
2034 33
2035 53
2036 72
2037 31
2038 20
2039 18
2040 10
2041 10
2042 11
2043 53
2044 11
2045 27
2046 19
2047 22
2048 71
2049 75
2050 47
2051 49
2052 5
2053 4
2054 35
2055 117
2056 14
2057 19
2058 18
2059 23
2060 24
2061 49
2062 38
2063 29
2064 7
2065 6
2066 0
2067 28
2068 2
2069 57
2070 12
2071 24
2072 59
2073 54
2074 32
2075 38
2076 57
2077 11
2078 0
2079 7
2080 40
2081 66
2082 44
2083 32
2084 20
2085 15
2086 41
2087 34
2088 43
2089 42
2090 26
2091 18
2092 15
2093 19
2094 37
2095 98
2096 31
2097 123
2098 54
2099 31
2100 15
2101 7
2102 0
2103 79
2104 74
2105 37
2106 2
2107 2
2108 12
2109 10
2110 56
2111 41
2112 55
2113 37
2114 24
2115 41
2116 28
2117 27
2118 72
2119 75
2120 11
2121 13
2122 4
2123 0
2124 66
2125 9
2126 40
2127 41
2128 60
2129 23
2130 26
2131 67
2132 82
2133 9
2134 0
2135 9
2136 1
2137 0
2138 79
2139 17
2140 8
2141 1
2142 1
2143 0
2144 55
2145 47
2146 22
2147 12
2148 82
2149 30
2150 93
2151 11
2152 52
2153 70
2154 51
2155 15
2156 2
2157 7
2158 2
2159 28
2160 67
2161 64
2162 0
2163 3
2164 15
2165 57
2166 25
2167 21
2168 15
2169 33
2170 13
2171 8
2172 42
2173 26
2174 1
2175 16
2176 2
2177 34
2178 6
2179 11
2180 7
2181 18
2182 10
2183 27
2184 8
2185 0
2186 0
2187 45
2188 22
2189 16
2190 45
2191 34
2192 13
2193 45
2194 8
2195 3
2196 1
2197 5
2198 4
2199 28
2200 15
2201 0
2202 35
2203 54
2204 12
2205 46
2206 53
2207 18
2208 1
2209 24
2210 24
2211 43
2212 85
2213 71
2214 11
2215 15
2216 3
2217 6
2218 4
2219 9
2220 35
2221 1
2222 1
2223 15
2224 37
2225 8
2226 5
2227 53
2228 39
2229 34
2230 53
2231 7
2232 21
2233 22
2234 0
2235 5
2236 4
2237 20
2238 8
2239 0
2240 0
2241 4
2242 3
2243 62
2244 24
2245 5
2246 9
2247 50
2248 87
2249 12
2250 64
2251 28
2252 9
2253 23
2254 67
2255 30
2256 46
2257 11
2258 1
2259 9
2260 50
2261 0
2262 4
2263 1
2264 2
2265 14
2266 81
2267 63
2268 63
2269 78
2270 75
2271 45
2272 1
2273 7
2274 92
2275 67
2276 36
2277 74
2278 18
2279 6
2280 2
2281 56
2282 79
2283 8
2284 0
2285 7
2286 43
2287 9
2288 13
2289 13
2290 61
2291 86
2292 11
2293 1
2294 73
2295 63
2296 14
2297 29
2298 21
2299 3
2300 32
2301 44
2302 26
2303 1
2304 13
2305 3
2306 0
2307 24
2308 72
2309 27
2310 24
2311 23
2312 13
2313 16
2314 35
2315 15
2316 86
2317 27
2318 0
2319 11
2320 64
2321 37
2322 33
2323 0
2324 0
2325 7
2326 69
2327 109
2328 22
2329 0
2330 6
2331 3
2332 19
2333 18
2334 110
2335 134
2336 18
2337 2
2338 15
2339 38
2340 26
2341 5
2342 0
2343 0
2344 19
2345 48
2346 30
2347 39
2348 4
2349 18
2350 33
2351 45
2352 45
2353 66
2354 39
2355 8
2356 30
2357 12
2358 3
2359 0
2360 1
2361 0
2362 0
2363 73
2364 60
2365 9
2366 49
2367 41
2368 9
2369 25
2370 44
2371 33
2372 26
2373 15
2374 1
2375 31
2376 50
2377 0
2378 0
2379 6
2380 11
2381 3
2382 57
2383 33
2384 19
2385 88
2386 24
2387 64
2388 105
2389 57
2390 43
2391 77
2392 11
2393 11
2394 65
2395 24
2396 10
2397 3
2398 56
2399 0
2400 5
2401 35
2402 138
2403 9
2404 23
2405 43
2406 68
2407 0
2408 19
2409 44
2410 25
2411 56
2412 39
2413 8
2414 0
2415 16
2416 3
2417 7
2418 1
2419 41
2420 67
2421 56
2422 124
2423 15
2424 30
2425 43
2426 53
2427 69
2428 85
2429 20
2430 1
2431 17
2432 40
2433 0
2434 8
2435 20
2436 27
2437 12
2438 86
2439 8
2440 27
2441 64
2442 74
2443 27
2444 30
2445 40
2446 7
2447 0
2448 0
2449 30
2450 2
2451 8
2452 3
2453 4
2454 21
2455 23
2456 39
2457 32
2458 7
2459 23
2460 4
2461 1
2462 0
2463 0
2464 20
2465 113
2466 18
2467 0
2468 0
2469 9
2470 20
2471 15
2472 11
2473 5
2474 1
2475 0
2476 0
2477 7
2478 0
2479 3
2480 10
2481 13
2482 7
2483 13
2484 22
2485 31
2486 12
2487 45
2488 8
2489 9
2490 2
2491 1
2492 0
2493 2
2494 18
2495 29
2496 9
2497 20
2498 3
2499 23
2500 15
2501 9
2502 10
2503 63
2504 3
2505 0
2506 4
2507 1
2508 1
2509 10
2510 6
2511 8
2512 7
2513 0
2514 0
2515 0
2516 4
2517 0
2518 0
2519 1
2520 8
2521 4
2522 7
2523 20
2524 0
2525 0
2526 0
2527 16
2528 0
2529 5
2530 6
2531 4
2532 1
2533 1
2534 47
2535 59
2536 11
2537 17
2538 24
2539 3
2540 0
2541 5
2542 68
2543 20
2544 24
2545 56
2546 5
2547 2
2548 19
2549 7
2550 4
2551 0
2552 15
2553 48
2554 12
2555 0
2556 0
2557 3
2558 9
2559 7
2560 31
2561 26
2562 8
2563 20
2564 7
2565 6
2566 13
2567 6
2568 7
2569 1
2570 6
2571 4
2572 0
2573 7
2574 0
2575 24
2576 3
2577 1
2578 1
2579 0
2580 0
2581 0
2582 0
2583 0
2584 0
2585 0
2586 0
2587 0
2588 0
2589 0
2590 0
2591 0
2592 0
2593 0
2594 0
2595 0
2596 0
2597 0
2598 0
