0 1799
1 39
2 162
3 68
4 554
5 996
6 63
7 51
8 39
9 96
10 406
11 1441
12 250
13 944
14 2634
15 1000
16 1823
17 371
18 203
19 4386
20 43
21 600
22 356
23 2857
24 14
25 1038
26 84
27 106
28 83
29 317
30 52
31 166
32 21
33 929
34 160
35 1675
36 143
37 432
38 271
39 330
40 587
41 161
42 217
43 191
44 2209
45 45
46 159
47 86
48 191
49 1928
50 1019
51 277
52 1756
53 1771
54 1677
55 141
56 344
57 1131
58 1759
59 187
60 361
61 2095
62 1689
63 224
64 274
65 4324
66 495
67 1538
68 778
69 57
70 341
71 338
72 113
73 77
74 1671
75 2873
76 152
77 1290
78 3064
79 2804
80 322
81 71
82 1193
83 607
84 213
85 101
86 1251
87 4244
88 3604
89 138
90 102
91 118
92 229
93 1228
94 360
95 22
96 365
97 2012
98 478
99 2218
100 61
101 210
102 1378
103 1700
104 342
105 712
106 2180
107 703
108 1912
109 1778
110 123
111 727
112 987
113 351
114 1299
115 637
116 2054
117 329
118 220
119 1021
120 53
121 885
122 3624
123 1107
124 350
125 91
126 285
127 354
128 482
129 873
130 432
131 911
132 265
133 14
134 144
135 3139
136 1572
137 7345
138 558
139 507
140 2705
141 2368
142 437
143 407
144 49
145 134
146 2022
147 459
148 2524
149 1588
150 685
151 0
152 29
153 754
154 562
155 960
156 360
157 656
158 6723
159 908
160 424
161 484
162 54
163 1112
164 1151
165 1583
166 2251
167 1266
168 675
169 495
170 2961
171 1747
172 664
173 504
174 2561
175 5008
176 3340
177 413
178 874
179 52
180 3120
181 272
182 7319
183 3699
184 1539
185 1195
186 5774
187 5176
188 2799
189 382
190 578
191 40
192 54
193 131
194 73
195 41
196 2814
197 1600
198 256
199 2326
200 1805
201 1639
202 613
203 2871
204 1780
205 4071
206 6370
207 1465
208 929
209 49
210 4350
211 135
212 589
213 1405
214 22
215 3482
216 203
217 873
218 1049
219 4982
220 1143
221 3787
222 3723
223 3436
224 5842
225 3219
226 2865
227 485
228 36
229 593
230 131
231 69
232 6
233 336
234 4
235 525
236 11
237 38
238 1685
239 6956
240 269
241 6857
242 3907
243 606
244 4214
245 998
246 1748
247 81
248 1130
249 776
250 614
251 212
252 394
253 15
254 154
255 677
256 10111
257 3288
258 565
259 90
260 16
261 16
262 242
263 1728
264 285
265 691
266 196
267 638
268 278
269 38
270 1097
271 2385
272 699
273 8
274 314
275 286
276 307
277 179
278 478
279 1860
280 220
281 88
282 894
283 6609
284 175
285 209
286 715
287 553
288 676
289 436
290 5495
291 1313
292 7744
293 2574
294 114
295 1545
296 2130
297 839
298 1077
299 526
300 1404
301 1089
302 1686
303 1282
304 6751
305 2170
306 1593
307 3419
308 41
309 1858
310 1292
311 1923
312 2559
313 402
314 434
315 2481
316 2112
317 2735
318 5662
319 235
320 883
321 1202
322 322
323 530
324 27
325 124
326 482
327 208
328 110
329 43
330 259
331 1465
332 406
333 3038
334 3723
335 3443
336 379
337 1366
338 4834
339 2926
340 48
341 138
342 243
343 68
344 270
345 133
346 940
347 173
348 2716
349 907
350 1374
351 5572
352 927
353 197
354 29
355 104
356 90
357 1466
358 43
359 1663
360 1750
361 4549
362 6124
363 187
364 9
365 41
366 499
367 846
368 2058
369 2358
370 860
371 546
372 549
373 834
374 434
375 573
376 1343
377 85
378 324
379 1449
380 1414
381 50
382 1270
383 95
384 1172
385 1960
386 30
387 76
388 1745
389 2271
390 3824
391 2504
392 4088
393 104
394 2308
395 998
396 4332
397 1471
398 14
399 2837
400 194
401 1340
402 683
403 793
404 2134
405 1730
406 3949
407 2945
408 838
409 99
410 320
411 765
412 1310
413 5529
414 3577
415 190
416 657
417 1262
418 236
419 1020
420 452
421 214
422 2316
423 2225
424 3008
425 1387
426 1041
427 459
428 1841
429 125
430 4386
431 273
432 412
433 762
434 115
435 252
436 3691
437 5472
438 7132
439 2640
440 4199
441 3468
442 1562
443 5898
444 894
445 879
446 748
447 183
448 2773
449 989
450 2124
451 1242
452 2054
453 3530
454 4016
455 649
456 2505
457 5028
458 3160
459 37
460 156
461 3773
462 2903
463 1733
464 1847
465 1416
466 296
467 2922
468 1782
469 4019
470 4805
471 5039
472 3287
473 1873
474 3525
475 1211
476 240
477 469
478 187
479 686
480 489
481 731
482 1089
483 193
484 2794
485 897
486 1513
487 2257
488 922
489 3973
490 1149
491 784
492 4082
493 7444
494 654
495 1628
496 885
497 491
498 4370
499 1376
500 1339
501 1271
502 1003
503 447
504 181
505 1371
506 2246
507 327
508 246
509 6311
510 575
511 814
512 2900
513 4854
514 1804
515 3046
516 1512
517 1200
518 81
519 1096
520 5135
521 4252
522 169
523 763
524 913
525 123
526 92
527 426
528 1740
529 436
530 300
531 554
532 3660
533 3414
534 384
535 2833
536 3052
537 488
538 484
539 2294
540 396
541 763
542 335
543 2787
544 3001
545 166
546 1568
547 23
548 2248
549 128
550 1047
551 305
552 3163
553 3142
554 4602
555 4135
556 811
557 435
558 1121
559 2177
560 630
561 1762
562 708
563 91
564 66
565 65
566 7
567 515
568 277
569 103
570 463
571 2060
572 1385
573 893
574 321
575 2317
576 707
577 1103
578 1238
579 861
580 296
581 83
582 242
583 1147
584 1864
585 1671
586 1367
587 484
588 2756
589 5958
590 175
591 110
592 1250
593 155
594 203
595 576
596 445
597 301
598 3283
599 4582
600 3221
601 6873
602 1346
603 1176
604 764
605 486
606 1505
607 1499
608 2745
609 775
610 2080
611 1051
612 3286
613 2141
614 4999
615 3388
616 3120
617 80
618 297
619 169
620 488
621 61
622 1068
623 509
624 661
625 3998
626 1872
627 5133
628 3317
629 2657
630 4168
631 583
632 1058
633 814
634 1251
635 747
636 1913
637 127
638 955
639 2124
640 305
641 1886
642 1683
643 4574
644 929
645 3448
646 2007
647 276
648 276
649 41
650 18
651 1301
652 1749
653 944
654 853
655 1090
656 700
657 283
658 3561
659 2588
660 236
661 1680
662 244
663 2377
664 458
665 252
666 2036
667 1508
668 129
669 897
670 1466
671 3295
672 380
673 256
674 525
675 122
676 2516
677 3345
678 2354
679 1396
680 3721
681 3185
682 171
683 778
684 508
685 1433
686 376
687 71
688 84
689 877
690 3824
691 2298
692 1442
693 61
694 439
695 583
696 533
697 365
698 332
699 1365
700 819
701 959
702 1623
703 154
704 462
705 2847
706 4345
707 1847
708 164
709 1920
710 155
711 17
712 361
713 301
714 6
715 292
716 1490
717 5867
718 2718
719 2161
720 5605
721 1194
722 657
723 69
724 895
725 583
726 1270
727 869
728 871
729 2133
730 1284
731 2872
732 518
733 1200
734 1504
735 646
736 2037
737 1540
738 3475
739 3928
740 1473
741 950
742 81
743 658
744 2766
745 105
746 48
747 22
748 2276
749 948
750 6141
751 227
752 2702
753 702
754 2179
755 184
756 1047
757 521
758 961
759 3593
760 1686
761 508
762 1546
763 587
764 4387
765 1359
766 1390
767 1223
768 80
769 694
770 4421
771 649
772 290
773 0
774 1043
775 1774
776 1041
777 1043
778 1019
779 138
780 32
781 304
782 1108
783 531
784 1517
785 749
786 2591
787 1740
788 329
789 3663
790 473
791 497
792 1035
793 2107
794 1916
795 0
796 1988
797 2626
798 1295
799 730
800 342
801 12
802 707
803 48
804 139
805 122
806 4053
807 1753
808 938
809 2898
810 1596
811 411
812 1287
813 1391
814 376
815 160
816 3
817 7
818 703
819 3092
820 3371
821 3351
822 1402
823 1944
824 410
825 1320
826 550
827 2572
828 1604
829 904
830 757
831 1232
832 1706
833 2185
834 2145
835 1004
836 1364
837 606
838 581
839 251
840 48
841 297
842 257
843 3
844 920
845 1477
846 1571
847 2546
848 1663
849 433
850 2091
851 85
852 1929
853 419
854 195
855 1286
856 523
857 2676
858 2364
859 432
860 455
861 998
862 2234
863 651
864 884
865 1356
866 369
867 1139
868 301
869 310
870 609
871 205
872 60
873 231
874 12
875 25
876 334
877 3872
878 1489
879 1153
880 5069
881 3333
882 511
883 413
884 1793
885 204
886 406
887 311
888 1177
889 5923
890 533
891 528
892 1376
893 589
894 533
895 1071
896 651
897 1357
898 445
899 233
900 2
901 60
902 468
903 6522
904 2929
905 631
906 2861
907 3882
908 2904
909 107
910 286
911 2161
912 68
913 161
914 847
915 2516
916 167
917 931
918 2453
919 696
920 2368
921 2995
922 1042
923 232
924 528
925 152
926 444
927 1143
928 0
929 103
930 1557
931 4827
932 1555
933 4920
934 2173
935 3642
936 610
937 401
938 2201
939 790
940 3031
941 1200
942 7
943 249
944 2669
945 3435
946 1193
947 77
948 33
949 2268
950 1612
951 163
952 1263
953 2732
954 1201
955 4829
956 5298
957 1037
958 699
959 1870
960 981
961 138
962 554
963 1751
964 1939
965 491
966 1470
967 1189
968 1424
969 3574
970 1367
971 79
972 1167
973 2765
974 941
975 1579
976 343
977 186
978 6351
979 980
980 5564
981 5867
982 1157
983 545
984 3582
985 3030
986 852
987 242
988 13
989 69
990 174
991 589
992 655
993 4308
994 2230
995 643
996 1281
997 413
998 671
999 1277
1000 549
1001 1464
1002 2630
1003 55
1004 27
1005 80
1006 28
1007 2437
1008 4407
1009 20
1010 688
1011 425
1012 207
1013 5
1014 34
1015 71
1016 1165
1017 3382
1018 345
1019 2744
1020 2372
1021 4042
1022 2561
1023 1003
1024 1424
1025 463
1026 1910
1027 4894
1028 986
1029 368
1030 384
1031 2465
1032 94
1033 172
1034 795
1035 1407
1036 716
1037 383
1038 3894
1039 2370
1040 3494
1041 1984
1042 142
1043 1177
1044 524
1045 864
1046 1607
1047 1288
1048 1716
1049 286
1050 309
1051 41
1052 80
1053 89
1054 180
1055 596
1056 898
1057 1409
1058 2076
1059 3513
1060 3551
1061 843
1062 9
1063 212
1064 0
1065 306
1066 218
1067 935
1068 324
1069 804
1070 880
1071 481
1072 3297
1073 1227
1074 2413
1075 254
1076 368
1077 36
1078 1506
1079 251
1080 2787
1081 1594
1082 643
1083 1172
1084 1038
1085 410
1086 47
1087 211
1088 70
1089 113
1090 2624
1091 4143
1092 3159
1093 4371
1094 2216
1095 367
1096 734
1097 263
1098 906
1099 4811
1100 151
1101 308
1102 410
1103 805
1104 258
1105 408
1106 4801
1107 4579
1108 896
1109 110
1110 9284
1111 2343
1112 260
1113 1714
1114 3210
1115 272
1116 61
1117 425
1118 439
1119 3340
1120 3236
1121 2868
1122 375
1123 158
1124 744
1125 111
1126 885
1127 33
1128 1159
1129 1778
1130 91
1131 78
1132 29
1133 1331
1134 878
1135 499
1136 8
1137 9
1138 45
1139 2363
1140 9766
1141 5715
1142 2261
1143 74
1144 322
1145 28
1146 577
1147 21
1148 150
1149 3593
1150 5593
1151 473
1152 582
1153 767
1154 1360
1155 4652
1156 3074
1157 2208
1158 606
1159 279
1160 619
1161 227
1162 1131
1163 13
1164 109
1165 38
1166 993
1167 1419
1168 3142
1169 522
1170 3166
1171 62
1172 58
1173 545
1174 161
1175 223
1176 2161
1177 4662
1178 633
1179 3845
1180 386
1181 2628
1182 1839
1183 3525
1184 1336
1185 2975
1186 1623
1187 1101
1188 199
1189 76
1190 71
1191 1520
1192 1457
1193 87
1194 389
1195 146
1196 436
1197 119
1198 1234
1199 1288
1200 740
1201 112
1202 56
1203 3740
1204 345
1205 193
1206 614
1207 133
1208 1024
1209 594
1210 2704
1211 2311
1212 5736
1213 468
1214 1557
1215 3048
1216 1421
1217 5659
1218 2777
1219 509
1220 1873
1221 1061
1222 450
1223 1376
1224 1111
1225 388
1226 924
1227 301
1228 1367
1229 2546
1230 949
1231 129
1232 755
1233 1460
1234 1668
1235 4987
1236 961
1237 1205
1238 1881
1239 96
1240 651
1241 27
1242 210
1243 2027
1244 69
1245 990
1246 600
1247 1949
1248 4302
1249 6394
1250 398
1251 2668
1252 4406
1253 5844
1254 9196
1255 1373
1256 1087
1257 413
1258 2675
1259 317
1260 1005
1261 376
1262 1001
1263 1080
1264 3141
1265 2352
1266 1429
1267 439
1268 157
1269 127
1270 232
1271 627
1272 1228
1273 1177
1274 8011
1275 3497
1276 312
1277 643
1278 783
1279 989
1280 113
1281 140
1282 92
1283 77
1284 58
1285 34
1286 2051
1287 4111
1288 1246
1289 3467
1290 2976
1291 2977
1292 1434
1293 1700
1294 23934
1295 8267
1296 936
1297 236
1298 1083
1299 2826
1300 482
1301 34
1302 786
1303 1470
1304 4432
1305 929
1306 549
1307 2659
1308 2001
1309 1801
1310 420
1311 1348
1312 44
1313 48
1314 73
1315 3857
1316 3375
1317 3711
1318 4627
1319 4247
1320 4192
1321 7495
1322 4364
1323 588
1324 511
1325 1239
1326 313
1327 523
1328 32
1329 879
1330 390
1331 1215
1332 4944
1333 1340
1334 394
1335 1042
1336 987
1337 3186
1338 2410
1339 8336
1340 10781
1341 1776
1342 754
1343 2820
1344 3427
1345 713
1346 531
1347 427
1348 343
1349 832
1350 4303
1351 386
1352 161
1353 3917
1354 452
1355 2120
1356 1915
1357 537
1358 673
1359 2167
1360 332
1361 49
1362 57
1363 1639
1364 5793
1365 6814
1366 1358
1367 1975
1368 1972
1369 4459
1370 3221
1371 3230
1372 39
1373 395
1374 74
1375 55
1376 213
1377 354
1378 1125
1379 4467
1380 4805
1381 633
1382 794
1383 944
1384 2179
1385 1012
1386 2977
1387 8486
1388 2488
1389 401
1390 2901
1391 2453
1392 549
1393 612
1394 370
1395 1369
1396 1433
1397 1053
1398 32
1399 472
1400 3102
1401 1938
1402 1550
1403 2053
1404 1863
1405 770
1406 874
1407 2347
1408 2270
1409 2666
1410 2179
1411 972
1412 830
1413 7
1414 471
1415 275
1416 2076
1417 2956
1418 1825
1419 4614
1420 2192
1421 5506
1422 1479
1423 124
1424 601
1425 123
1426 488
1427 2138
1428 6264
1429 8612
1430 5044
1431 6925
1432 4882
1433 2100
1434 2438
1435 3126
1436 2234
1437 4922
1438 117
1439 34
1440 1499
1441 1339
1442 7926
1443 1355
1444 1348
1445 3102
1446 4318
1447 935
1448 1324
1449 692
1450 569
1451 5137
1452 998
1453 2999
1454 1727
1455 272
1456 1315
1457 5241
1458 192
1459 5266
1460 1601
1461 873
1462 474
1463 1001
1464 45
1465 866
1466 1495
1467 1297
1468 398
1469 404
1470 145
1471 29
1472 278
1473 339
1474 293
1475 1648
1476 7684
1477 13850
1478 5581
1479 4262
1480 5793
1481 4849
1482 958
1483 3472
1484 2482
1485 52
1486 817
1487 301
1488 2389
1489 2059
1490 8886
1491 2192
1492 1169
1493 2444
1494 2636
1495 712
1496 4155
1497 4945
1498 688
1499 1798
1500 3310
1501 918
1502 1377
1503 558
1504 2246
1505 4016
1506 651
1507 1391
1508 3628
1509 832
1510 1435
1511 197
1512 304
1513 818
1514 5439
1515 1795
1516 1065
1517 181
1518 14
1519 6
1520 82
1521 202
1522 258
1523 223
1524 2232
1525 7838
1526 5461
1527 15842
1528 11870
1529 7787
1530 2857
1531 136
1532 1263
1533 4401
1534 372
1535 2473
1536 1497
1537 1587
1538 2745
1539 1776
1540 181
1541 2309
1542 616
1543 1586
1544 8699
1545 5043
1546 5577
1547 2640
1548 828
1549 1845
1550 3887
1551 910
1552 915
1553 1697
1554 881
1555 1089
1556 4708
1557 8763
1558 921
1559 1011
1560 1710
1561 5449
1562 3566
1563 3273
1564 93
1565 251
1566 1446
1567 1488
1568 4134
1569 91
1570 212
1571 804
1572 11463
1573 22313
1574 7611
1575 759
1576 7331
1577 3377
1578 2365
1579 5267
1580 6345
1581 2364
1582 2999
1583 2279
1584 1553
1585 418
1586 98
1587 1202
1588 3841
1589 444
1590 7531
1591 2605
1592 1885
1593 1900
1594 2030
1595 6128
1596 4219
1597 568
1598 213
1599 661
1600 5658
1601 1881
1602 5595
1603 744
1604 534
1605 68
1606 289
1607 892
1608 32
1609 72
1610 90
1611 31
1612 1684
1613 2075
1614 1112
1615 222
1616 2662
1617 9787
1618 7700
1619 13733
1620 6122
1621 9882
1622 8428
1623 3283
1624 2260
1625 372
1626 6427
1627 3635
1628 1605
1629 3687
1630 2187
1631 1913
1632 2208
1633 1817
1634 3005
1635 993
1636 1004
1637 1647
1638 1767
1639 2001
1640 3476
1641 828
1642 89
1643 217
1644 333
1645 6255
1646 10926
1647 2170
1648 3952
1649 1775
1650 1145
1651 3951
1652 9632
1653 358
1654 1376
1655 4254
1656 4582
1657 1207
1658 1999
1659 2954
1660 1458
1661 1987
1662 1893
1663 490
1664 2150
1665 3214
1666 2204
1667 5053
1668 4569
1669 112
1670 986
1671 1173
1672 31
1673 279
1674 69
1675 159
1676 157
1677 11096
1678 7432
1679 5770
1680 6311
1681 2345
1682 3481
1683 3480
1684 2009
1685 4366
1686 2732
1687 1135
1688 1664
1689 2523
1690 992
1691 2471
1692 664
1693 1566
1694 2499
1695 208
1696 1135
1697 346
1698 573
1699 782
1700 336
1701 5448
1702 608
1703 1778
1704 28
1705 94
1706 400
1707 1425
1708 106
1709 1943
1710 10357
1711 3170
1712 1974
1713 1610
1714 1564
1715 4435
1716 3089
1717 2259
1718 714
1719 1316
1720 223
1721 1694
1722 450
1723 382
1724 718
1725 506
1726 1433
1727 1112
1728 3705
1729 2983
1730 245
1731 458
1732 182
1733 1345
1734 657
1735 142
1736 1036
1737 2242
1738 4125
1739 3652
1740 2510
1741 875
1742 3236
1743 414
1744 1607
1745 2621
1746 1226
1747 88
1748 290
1749 506
1750 862
1751 2392
1752 3564
1753 365
1754 208
1755 1177
1756 736
1757 855
1758 1341
1759 94
1760 98
1761 3691
1762 1098
1763 1758
1764 1744
1765 1841
1766 1094
1767 3901
1768 2040
1769 75
1770 451
1771 966
1772 1910
1773 3533
1774 1644
1775 1251
1776 1391
1777 1904
1778 3405
1779 82
1780 574
1781 29
1782 2003
1783 163
1784 671
1785 1040
1786 156
1787 2585
1788 1356
1789 608
1790 1850
1791 109
1792 2550
1793 1103
1794 217
1795 9
1796 565
1797 4562
1798 4020
1799 8031
1800 6526
1801 1926
1802 2345
1803 677
1804 1471
1805 6244
1806 5925
1807 1444
1808 1701
1809 88
1810 2060
1811 988
1812 781
1813 881
1814 660
1815 807
1816 457
1817 111
1818 955
1819 284
1820 1859
1821 1250
1822 870
1823 1234
1824 4545
1825 1582
1826 460
1827 1496
1828 2088
1829 3577
1830 245
1831 2789
1832 732
1833 2758
1834 503
1835 3627
1836 1471
1837 368
1838 1387
1839 669
1840 1082
1841 970
1842 458
1843 1509
1844 4571
1845 3258
1846 994
1847 1224
1848 2852
1849 4778
1850 632
1851 378
1852 596
1853 2077
1854 832
1855 2356
1856 1511
1857 541
1858 3777
1859 4670
1860 1295
1861 3099
1862 3203
1863 166
1864 1315
1865 475
1866 1400
1867 12016
1868 2800
1869 1466
1870 391
1871 1615
1872 5354
1873 2885
1874 934
1875 356
1876 442
1877 1313
1878 1585
1879 1139
1880 129
1881 2802
1882 4582
1883 5522
1884 2989
1885 1260
1886 519
1887 515
1888 112
1889 2394
1890 2607
1891 852
1892 1711
1893 1891
1894 7800
1895 7813
1896 3338
1897 869
1898 815
1899 685
1900 3614
1901 2374
1902 453
1903 4919
1904 1656
1905 2347
1906 1633
1907 2434
1908 1337
1909 1498
1910 1497
1911 2107
1912 4086
1913 1958
1914 428
1915 173
1916 302
1917 2512
1918 1087
1919 2706
1920 1069
1921 1956
1922 437
1923 2198
1924 2099
1925 2298
1926 387
1927 438
1928 531
1929 549
1930 1153
1931 2016
1932 780
1933 263
1934 945
1935 2315
1936 2803
1937 393
1938 357
1939 704
1940 2703
1941 2181
1942 5767
1943 4629
1944 740
1945 908
1946 1009
1947 215
1948 1133
1949 882
1950 853
1951 2849
1952 1670
1953 2866
1954 1537
1955 4303
1956 666
1957 1581
1958 2356
1959 1325
1960 930
1961 341
1962 52
1963 439
1964 4811
1965 5072
1966 488
1967 2652
1968 4618
1969 2067
1970 1058
1971 1958
1972 4285
1973 565
1974 1127
1975 2608
1976 1106
1977 20
1978 254
1979 199
1980 2455
1981 4412
1982 1912
1983 472
1984 905
1985 4158
1986 1868
1987 196
1988 330
1989 3054
1990 1651
1991 2016
1992 1621
1993 801
1994 1811
1995 4043
1996 6542
1997 2295
1998 1171
1999 2714
2000 2677
2001 127
2002 454
2003 1514
2004 4014
2005 1989
2006 1028
2007 1470
2008 1111
2009 1711
2010 1805
2011 2429
2012 483
2013 455
2014 2756
2015 2102
2016 4064
2017 5162
2018 394
2019 3636
2020 1232
2021 1044
2022 808
2023 3781
2024 5839
2025 168
2026 1418
2027 1234
2028 1316
2029 756
2030 2477
2031 3217
2032 2165
2033 741
2034 2229
2035 3155
2036 4650
2037 1651
2038 1455
2039 1171
2040 764
2041 608
2042 944
2043 3316
2044 682
2045 1351
2046 1281
2047 1332
2048 3911
2049 4714
2050 3096
2051 3066
2052 278
2053 347
2054 2054
2055 6511
2056 1003
2057 1327
2058 1243
2059 1442
2060 1396
2061 2870
2062 1979
2063 1707
2064 446
2065 320
2066 3197
2067 2091
2068 121
2069 3277
2070 867
2071 1695
2072 3782
2073 3408
2074 1638
2075 2469
2076 3574
2077 907
2078 78
2079 463
2080 2265
2081 4212
2082 2928
2083 2230
2084 1423
2085 999
2086 2671
2087 1857
2088 2922
2089 2335
2090 1686
2091 1173
2092 991
2093 1154
2094 1865
2095 6412
2096 1764
2097 6956
2098 3411
2099 1929
2100 914
2101 465
2102 100
2103 4955
2104 4537
2105 1931
2106 99
2107 96
2108 763
2109 632
2110 3486
2111 2370
2112 3619
2113 2025
2114 1388
2115 2345
2116 1597
2117 1375
2118 4229
2119 4483
2120 804
2121 942
2122 311
2123 346
2124 3812
2125 433
2126 2311
2127 2305
2128 3463
2129 1106
2130 1670
2131 4059
2132 4561
2133 606
2134 20
2135 454
2136 118
2137 2516
2138 4853
2139 1247
2140 408
2141 62
2142 69
2143 113
2144 3234
2145 3367
2146 1280
2147 665
2148 4866
2149 2115
2150 5305
2151 734
2152 3157
2153 3890
2154 3011
2155 952
2156 238
2157 347
2158 237
2159 1488
2160 4183
2161 4204
2162 26
2163 194
2164 779
2165 3352
2166 1605
2167 1362
2168 772
2169 2043
2170 757
2171 322
2172 2570
2173 1725
2174 123
2175 1116
2176 105
2177 1979
2178 381
2179 901
2180 399
2181 1139
2182 832
2183 1392
2184 499
2185 9
2186 54
2187 2465
2188 1147
2189 843
2190 2877
2191 2226
2192 865
2193 3192
2194 506
2195 171
2196 54
2197 495
2198 264
2199 1470
2200 884
2201 1634
2202 2299
2203 3243
2204 570
2205 3234
2206 3285
2207 854
2208 120
2209 1457
2210 1314
2211 2732
2212 5000
2213 4004
2214 732
2215 1004
2216 195
2217 394
2218 204
2219 413
2220 1736
2221 66
2222 86
2223 876
2224 2108
2225 495
2226 331
2227 3253
2228 2697
2229 2420
2230 2922
2231 342
2232 1115
2233 1569
2234 97
2235 392
2236 155
2237 1099
2238 413
2239 63
2240 19
2241 264
2242 142
2243 3756
2244 1785
2245 362
2246 661
2247 2913
2248 5176
2249 703
2250 3708
2251 1918
2252 554
2253 1327
2254 4223
2255 2017
2256 2771
2257 702
2258 132
2259 503
2260 2948
2261 515
2262 237
2263 97
2264 108
2265 987
2266 4997
2267 3775
2268 3456
2269 4693
2270 4679
2271 2604
2272 139
2273 542
2274 5539
2275 3961
2276 1921
2277 4286
2278 1222
2279 314
2280 226
2281 3555
2282 4700
2283 521
2284 3
2285 418
2286 2654
2287 574
2288 913
2289 916
2290 3976
2291 5554
2292 486
2293 86
2294 4439
2295 3684
2296 994
2297 1903
2298 1166
2299 146
2300 1826
2301 2937
2302 1557
2303 58
2304 850
2305 194
2306 557
2307 1496
2308 4385
2309 1398
2310 1294
2311 1305
2312 959
2313 952
2314 2001
2315 1070
2316 4968
2317 1606
2318 39
2319 645
2320 3618
2321 2202
2322 1863
2323 0
2324 35
2325 481
2326 4364
2327 6818
2328 1333
2329 280
2330 460
2331 233
2332 869
2333 888
2334 6471
2335 8265
2336 966
2337 233
2338 1037
2339 2309
2340 1899
2341 602
2342 24
2343 4
2344 1493
2345 3043
2346 1619
2347 2476
2348 358
2349 1398
2350 2029
2351 3160
2352 2798
2353 4402
2354 2435
2355 607
2356 1911
2357 708
2358 299
2359 12
2360 91
2361 58
2362 85
2363 4201
2364 3781
2365 510
2366 3080
2367 2420
2368 641
2369 1624
2370 2893
2371 1891
2372 1613
2373 1042
2374 128
2375 2063
2376 3096
2377 74
2378 41
2379 398
2380 686
2381 194
2382 3896
2383 2104
2384 1426
2385 5093
2386 1439
2387 3635
2388 6286
2389 3613
2390 2395
2391 4369
2392 608
2393 589
2394 3964
2395 1351
2396 487
2397 86
2398 3511
2399 100
2400 354
2401 2153
2402 8503
2403 662
2404 1170
2405 2938
2406 3778
2407 2624
2408 1439
2409 2011
2410 1346
2411 3161
2412 2112
2413 447
2414 29
2415 919
2416 263
2417 569
2418 180
2419 2286
2420 4281
2421 3602
2422 7815
2423 1061
2424 2015
2425 2364
2426 3291
2427 4185
2428 5117
2429 1020
2430 68
2431 1106
2432 2653
2433 23
2434 448
2435 1308
2436 1503
2437 811
2438 4938
2439 555
2440 1899
2441 3879
2442 3982
2443 1737
2444 1827
2445 2035
2446 340
2447 33
2448 26
2449 1787
2450 201
2451 557
2452 287
2453 209
2454 1457
2455 1337
2456 2168
2457 1896
2458 340
2459 1291
2460 289
2461 177
2462 16
2463 216
2464 1213
2465 7605
2466 1152
2467 42
2468 500
2469 563
2470 1251
2471 888
2472 798
2473 190
2474 78
2475 105
2476 8
2477 424
2478 1892
2479 151
2480 651
2481 922
2482 321
2483 891
2484 1346
2485 1917
2486 910
2487 2800
2488 487
2489 684
2490 130
2491 65
2492 20
2493 61
2494 762
2495 1740
2496 636
2497 1110
2498 244
2499 1247
2500 708
2501 541
2502 692
2503 3430
2504 186
2505 37
2506 261
2507 70
2508 90
2509 660
2510 355
2511 587
2512 502
2513 999
2514 6
2515 8
2516 292
2517 27
2518 9
2519 100
2520 501
2521 281
2522 451
2523 1274
2524 55
2525 52
2526 1834
2527 850
2528 12
2529 376
2530 571
2531 306
2532 110
2533 87
2534 2871
2535 3642
2536 513
2537 1044
2538 1476
2539 269
2540 18
2541 255
2542 4143
2543 1122
2544 1460
2545 3517
2546 318
2547 160
2548 992
2549 468
2550 298
2551 159
2552 1241
2553 2282
2554 831
2555 32
2556 27
2557 261
2558 661
2559 534
2560 1896
2561 1666
2562 452
2563 1223
2564 399
2565 392
2566 773
2567 365
2568 353
2569 131
2570 387
2571 238
2572 5
2573 644
2574 45
2575 1578
2576 94
2577 116
2578 117
2579 69
2580 3
2581 18
2582 0
2583 0
2584 0
2585 4
2586 0
2587 1
2588 8
2589 2
2590 0
2591 0
2592 1
2593 0
2594 0
2595 7
2596 0
2597 2
2598 24
