0 117
1 0
2 17
3 0
4 56
5 73
6 4
7 1
8 0
9 6
10 26
11 94
12 21
13 66
14 170
15 71
16 135
17 24
18 9
19 331
20 5
21 40
22 14
23 201
24 0
25 85
26 0
27 6
28 6
29 28
30 2
31 7
32 0
33 61
34 15
35 134
36 8
37 30
38 25
39 18
40 44
41 0
42 15
43 19
44 169
45 5
46 15
47 3
48 0
49 109
50 86
51 26
52 108
53 125
54 117
55 8
56 30
57 90
58 140
59 15
60 29
61 159
62 116
63 20
64 23
65 304
66 35
67 118
68 69
69 8
70 22
71 32
72 4
73 0
74 156
75 207
76 0
77 98
78 199
79 204
80 28
81 0
82 91
83 45
84 18
85 9
86 0
87 299
88 286
89 0
90 7
91 11
92 14
93 85
94 19
95 0
96 15
97 121
98 39
99 176
100 5
101 14
102 103
103 89
104 24
105 45
106 167
107 49
108 163
109 127
110 5
111 51
112 77
113 25
114 87
115 56
116 148
117 32
118 10
119 66
120 4
121 63
122 204
123 75
124 24
125 5
126 22
127 24
128 49
129 72
130 35
131 75
132 10
133 0
134 13
135 236
136 121
137 524
138 0
139 0
140 171
141 0
142 37
143 31
144 0
145 0
146 115
147 36
148 185
149 113
150 56
151 0
152 0
153 52
154 45
155 59
156 26
157 52
158 453
159 71
160 0
161 24
162 0
163 76
164 70
165 122
166 150
167 90
168 40
169 27
170 246
171 127
172 46
173 33
174 203
175 340
176 229
177 30
178 58
179 0
180 243
181 12
182 516
183 248
184 86
185 67
186 365
187 402
188 186
189 24
190 37
191 0
192 0
193 14
194 4
195 0
196 217
197 108
198 15
199 184
200 137
201 112
202 54
203 216
204 114
205 280
206 427
207 90
208 49
209 8
210 327
211 6
212 36
213 120
214 0
215 240
216 26
217 60
218 69
219 341
220 96
221 311
222 248
223 256
224 421
225 213
226 213
227 33
228 0
229 38
230 9
231 7
232 0
233 29
234 0
235 25
236 0
237 7
238 142
239 451
240 17
241 473
242 281
243 40
244 299
245 53
246 132
247 6
248 66
249 50
250 42
251 13
252 35
253 0
254 14
255 62
256 619
257 247
258 41
259 5
260 1
261 0
262 15
263 129
264 10
265 51
266 13
267 47
268 19
269 0
270 67
271 163
272 48
273 0
274 31
275 0
276 12
277 14
278 0
279 129
280 10
281 4
282 67
283 435
284 14
285 10
286 40
287 30
288 34
289 26
290 376
291 117
292 550
293 164
294 7
295 111
296 154
297 69
298 68
299 25
300 97
301 64
302 108
303 111
304 429
305 170
306 122
307 248
308 0
309 107
310 87
311 134
312 160
313 29
314 30
315 163
316 150
317 205
318 387
319 10
320 64
321 88
322 18
323 34
324 2
325 7
326 39
327 21
328 0
329 0
330 17
331 101
332 24
333 215
334 0
335 252
336 23
337 122
338 279
339 200
340 0
341 7
342 15
343 2
344 20
345 0
346 72
347 12
348 176
349 69
350 98
351 359
352 46
353 10
354 0
355 3
356 3
357 0
358 0
359 121
360 109
361 317
362 426
363 17
364 0
365 0
366 43
367 0
368 132
369 193
370 63
371 27
372 28
373 54
374 39
375 49
376 0
377 0
378 15
379 84
380 90
381 0
382 103
383 9
384 92
385 154
386 0
387 4
388 107
389 161
390 254
391 146
392 243
393 10
394 0
395 63
396 348
397 118
398 0
399 188
400 20
401 94
402 41
403 61
404 158
405 124
406 254
407 208
408 54
409 0
410 30
411 43
412 106
413 390
414 231
415 0
416 50
417 104
418 18
419 59
420 51
421 15
422 180
423 152
424 203
425 97
426 81
427 30
428 125
429 14
430 304
431 21
432 37
433 51
434 0
435 18
436 257
437 360
438 492
439 209
440 306
441 253
442 120
443 389
444 58
445 68
446 39
447 18
448 197
449 70
450 161
451 94
452 147
453 290
454 262
455 38
456 153
457 373
458 229
459 3
460 13
461 279
462 199
463 132
464 155
465 84
466 18
467 207
468 112
469 278
470 340
471 350
472 222
473 130
474 254
475 86
476 23
477 22
478 8
479 33
480 37
481 66
482 0
483 12
484 203
485 67
486 109
487 155
488 54
489 302
490 95
491 62
492 0
493 531
494 71
495 124
496 59
497 0
498 263
499 99
500 107
501 83
502 54
503 35
504 13
505 106
506 181
507 16
508 16
509 470
510 41
511 60
512 205
513 338
514 137
515 215
516 107
517 86
518 9
519 85
520 361
521 245
522 11
523 69
524 78
525 10
526 11
527 30
528 127
529 33
530 16
531 0
532 248
533 270
534 39
535 189
536 204
537 38
538 33
539 160
540 35
541 51
542 16
543 207
544 202
545 11
546 100
547 0
548 159
549 8
550 95
551 14
552 202
553 237
554 334
555 320
556 52
557 30
558 82
559 141
560 35
561 119
562 50
563 4
564 6
565 4
566 0
567 37
568 33
569 13
570 34
571 142
572 89
573 52
574 22
575 172
576 54
577 68
578 84
579 74
580 16
581 6
582 12
583 76
584 129
585 144
586 82
587 41
588 200
589 415
590 19
591 0
592 98
593 11
594 15
595 56
596 34
597 30
598 217
599 0
600 231
601 487
602 87
603 66
604 50
605 25
606 86
607 106
608 190
609 52
610 136
611 61
612 216
613 145
614 364
615 235
616 232
617 7
618 17
619 9
620 30
621 7
622 67
623 25
624 42
625 299
626 149
627 332
628 224
629 154
630 291
631 37
632 65
633 55
634 103
635 49
636 152
637 7
638 62
639 150
640 19
641 128
642 112
643 320
644 74
645 263
646 142
647 18
648 19
649 0
650 0
651 89
652 134
653 61
654 64
655 62
656 38
657 19
658 253
659 180
660 14
661 112
662 21
663 181
664 47
665 21
666 119
667 115
668 14
669 44
670 113
671 222
672 22
673 18
674 29
675 17
676 172
677 216
678 137
679 98
680 277
681 220
682 12
683 43
684 25
685 106
686 25
687 0
688 0
689 56
690 263
691 164
692 117
693 3
694 20
695 28
696 28
697 33
698 0
699 107
700 57
701 53
702 140
703 15
704 35
705 189
706 286
707 104
708 15
709 109
710 4
711 0
712 0
713 23
714 0
715 30
716 101
717 407
718 192
719 146
720 370
721 76
722 52
723 2
724 68
725 28
726 92
727 53
728 71
729 160
730 86
731 198
732 30
733 84
734 90
735 45
736 134
737 110
738 244
739 264
740 98
741 68
742 6
743 45
744 185
745 10
746 0
747 0
748 184
749 84
750 401
751 9
752 192
753 57
754 179
755 13
756 59
757 28
758 56
759 238
760 152
761 48
762 113
763 44
764 0
765 73
766 79
767 97
768 0
769 50
770 280
771 53
772 27
773 0
774 72
775 108
776 62
777 64
778 69
779 11
780 0
781 28
782 75
783 27
784 105
785 40
786 183
787 0
788 19
789 246
790 22
791 42
792 49
793 142
794 137
795 0
796 152
797 179
798 100
799 0
800 24
801 0
802 53
803 0
804 11
805 1
806 267
807 115
808 77
809 220
810 126
811 30
812 94
813 94
814 22
815 7
816 0
817 0
818 46
819 244
820 225
821 227
822 121
823 150
824 0
825 108
826 31
827 0
828 123
829 65
830 71
831 95
832 105
833 169
834 139
835 72
836 106
837 44
838 40
839 17
840 2
841 18
842 22
843 0
844 74
845 128
846 102
847 165
848 0
849 28
850 127
851 2
852 139
853 34
854 0
855 89
856 38
857 178
858 163
859 26
860 30
861 71
862 172
863 43
864 45
865 111
866 32
867 76
868 27
869 20
870 43
871 20
872 7
873 14
874 0
875 4
876 30
877 293
878 0
879 77
880 349
881 227
882 37
883 30
884 140
885 14
886 35
887 25
888 91
889 427
890 43
891 35
892 100
893 40
894 34
895 66
896 48
897 82
898 39
899 24
900 0
901 0
902 27
903 442
904 240
905 51
906 225
907 278
908 202
909 5
910 15
911 146
912 4
913 13
914 64
915 170
916 10
917 61
918 170
919 46
920 146
921 233
922 53
923 21
924 41
925 8
926 39
927 81
928 0
929 0
930 111
931 266
932 108
933 326
934 165
935 278
936 42
937 17
938 153
939 66
940 211
941 83
942 0
943 12
944 185
945 226
946 79
947 0
948 1
949 154
950 94
951 0
952 0
953 208
954 90
955 302
956 420
957 69
958 48
959 139
960 69
961 16
962 33
963 128
964 140
965 35
966 102
967 84
968 103
969 261
970 97
971 0
972 70
973 169
974 0
975 96
976 19
977 7
978 448
979 80
980 394
981 419
982 89
983 42
984 276
985 202
986 56
987 26
988 0
989 0
990 18
991 30
992 56
993 338
994 166
995 35
996 97
997 21
998 41
999 89
1000 33
1001 117
1002 173
1003 0
1004 0
1005 4
1006 0
1007 153
1008 342
1009 0
1010 26
1011 21
1012 14
1013 0
1014 0
1015 5
1016 85
1017 247
1018 23
1019 204
1020 188
1021 277
1022 193
1023 66
1024 103
1025 34
1026 102
1027 334
1028 63
1029 27
1030 30
1031 186
1032 0
1033 0
1034 47
1035 113
1036 53
1037 25
1038 250
1039 132
1040 274
1041 134
1042 12
1043 89
1044 33
1045 72
1046 125
1047 81
1048 108
1049 20
1050 20
1051 3
1052 3
1053 4
1054 9
1055 45
1056 63
1057 88
1058 134
1059 271
1060 231
1061 56
1062 0
1063 0
1064 0
1065 24
1066 18
1067 78
1068 19
1069 59
1070 73
1071 27
1072 222
1073 81
1074 179
1075 21
1076 13
1077 0
1078 112
1079 22
1080 0
1081 106
1082 37
1083 82
1084 80
1085 30
1086 5
1087 20
1088 3
1089 6
1090 212
1091 251
1092 273
1093 311
1094 127
1095 12
1096 44
1097 22
1098 73
1099 335
1100 11
1101 19
1102 25
1103 63
1104 14
1105 38
1106 316
1107 310
1108 55
1109 10
1110 615
1111 0
1112 18
1113 111
1114 202
1115 35
1116 0
1117 27
1118 19
1119 233
1120 237
1121 196
1122 25
1123 11
1124 52
1125 6
1126 47
1127 0
1128 91
1129 118
1130 7
1131 4
1132 0
1133 88
1134 73
1135 39
1136 0
1137 0
1138 6
1139 160
1140 661
1141 387
1142 149
1143 0
1144 23
1145 0
1146 42
1147 0
1148 9
1149 260
1150 400
1151 40
1152 42
1153 52
1154 72
1155 347
1156 208
1157 149
1158 31
1159 19
1160 43
1161 15
1162 73
1163 0
1164 0
1165 0
1166 72
1167 104
1168 215
1169 35
1170 238
1171 1
1172 0
1173 33
1174 6
1175 15
1176 149
1177 328
1178 39
1179 237
1180 29
1181 174
1182 128
1183 230
1184 101
1185 0
1186 110
1187 70
1188 0
1189 1
1190 0
1191 107
1192 114
1193 0
1194 32
1195 5
1196 32
1197 11
1198 99
1199 81
1200 42
1201 7
1202 8
1203 274
1204 15
1205 10
1206 40
1207 10
1208 75
1209 45
1210 161
1211 148
1212 371
1213 42
1214 93
1215 212
1216 96
1217 405
1218 192
1219 43
1220 122
1221 75
1222 27
1223 96
1224 86
1225 20
1226 54
1227 13
1228 107
1229 168
1230 56
1231 8
1232 60
1233 110
1234 129
1235 335
1236 66
1237 74
1238 142
1239 3
1240 55
1241 0
1242 9
1243 146
1244 0
1245 62
1246 41
1247 110
1248 323
1249 466
1250 22
1251 183
1252 314
1253 391
1254 668
1255 96
1256 64
1257 31
1258 183
1259 24
1260 73
1261 22
1262 65
1263 97
1264 240
1265 137
1266 87
1267 35
1268 9
1269 0
1270 14
1271 40
1272 83
1273 82
1274 561
1275 265
1276 16
1277 60
1278 48
1279 48
1280 9
1281 6
1282 8
1283 6
1284 0
1285 0
1286 163
1287 291
1288 85
1289 272
1290 217
1291 231
1292 104
1293 130
1294 1682
1295 505
1296 64
1297 23
1298 73
1299 199
1300 35
1301 0
1302 43
1303 93
1304 309
1305 74
1306 34
1307 182
1308 107
1309 127
1310 24
1311 110
1312 0
1313 0
1314 6
1315 286
1316 268
1317 244
1318 339
1319 254
1320 284
1321 526
1322 292
1323 35
1324 27
1325 85
1326 21
1327 38
1328 0
1329 61
1330 27
1331 72
1332 340
1333 93
1334 31
1335 82
1336 70
1337 225
1338 177
1339 584
1340 773
1341 141
1342 47
1343 211
1344 248
1345 50
1346 33
1347 24
1348 22
1349 59
1350 293
1351 0
1352 12
1353 298
1354 39
1355 148
1356 142
1357 51
1358 47
1359 158
1360 17
1361 0
1362 1
1363 88
1364 416
1365 424
1366 85
1367 144
1368 144
1369 303
1370 213
1371 214
1372 0
1373 28
1374 6
1375 4
1376 9
1377 21
1378 91
1379 305
1380 339
1381 27
1382 57
1383 58
1384 0
1385 86
1386 234
1387 610
1388 168
1389 30
1390 184
1391 160
1392 39
1393 39
1394 23
1395 0
1396 107
1397 56
1398 0
1399 30
1400 198
1401 105
1402 106
1403 149
1404 113
1405 42
1406 64
1407 164
1408 162
1409 219
1410 175
1411 61
1412 49
1413 0
1414 34
1415 20
1416 157
1417 207
1418 0
1419 326
1420 153
1421 369
1422 98
1423 10
1424 33
1425 0
1426 33
1427 165
1428 418
1429 592
1430 0
1431 487
1432 350
1433 148
1434 167
1435 216
1436 148
1437 371
1438 7
1439 4
1440 0
1441 95
1442 517
1443 94
1444 85
1445 219
1446 321
1447 68
1448 99
1449 61
1450 45
1451 345
1452 71
1453 198
1454 123
1455 16
1456 95
1457 388
1458 14
1459 398
1460 102
1461 71
1462 39
1463 68
1464 3
1465 64
1466 113
1467 98
1468 31
1469 0
1470 9
1471 0
1472 30
1473 18
1474 20
1475 126
1476 547
1477 1006
1478 385
1479 325
1480 390
1481 371
1482 68
1483 0
1484 167
1485 0
1486 53
1487 26
1488 174
1489 132
1490 621
1491 170
1492 75
1493 174
1494 0
1495 47
1496 267
1497 395
1498 41
1499 131
1500 218
1501 40
1502 92
1503 47
1504 172
1505 250
1506 43
1507 102
1508 238
1509 60
1510 98
1511 12
1512 32
1513 77
1514 378
1515 115
1516 84
1517 14
1518 0
1519 0
1520 4
1521 0
1522 18
1523 11
1524 153
1525 541
1526 396
1527 1100
1528 802
1529 560
1530 222
1531 0
1532 80
1533 311
1534 31
1535 165
1536 111
1537 114
1538 181
1539 159
1540 17
1541 177
1542 38
1543 116
1544 576
1545 347
1546 0
1547 194
1548 61
1549 145
1550 283
1551 66
1552 56
1553 117
1554 71
1555 82
1556 333
1557 602
1558 66
1559 73
1560 125
1561 415
1562 238
1563 242
1564 9
1565 16
1566 99
1567 111
1568 338
1569 0
1570 16
1571 60
1572 822
1573 1601
1574 499
1575 39
1576 548
1577 208
1578 152
1579 365
1580 412
1581 167
1582 231
1583 177
1584 106
1585 31
1586 0
1587 110
1588 271
1589 32
1590 542
1591 174
1592 137
1593 101
1594 135
1595 437
1596 295
1597 40
1598 8
1599 40
1600 347
1601 129
1602 393
1603 42
1604 40
1605 4
1606 20
1607 56
1608 0
1609 5
1610 10
1611 0
1612 144
1613 150
1614 77
1615 22
1616 204
1617 673
1618 484
1619 1005
1620 389
1621 694
1622 600
1623 224
1624 140
1625 20
1626 433
1627 271
1628 114
1629 250
1630 165
1631 115
1632 147
1633 121
1634 213
1635 78
1636 66
1637 86
1638 137
1639 141
1640 234
1641 60
1642 3
1643 21
1644 31
1645 432
1646 752
1647 156
1648 307
1649 117
1650 98
1651 263
1652 645
1653 34
1654 86
1655 302
1656 320
1657 0
1658 125
1659 192
1660 109
1661 148
1662 143
1663 52
1664 144
1665 224
1666 139
1667 355
1668 307
1669 8
1670 87
1671 76
1672 3
1673 19
1674 1
1675 13
1676 5
1677 763
1678 535
1679 405
1680 468
1681 170
1682 273
1683 255
1684 133
1685 307
1686 187
1687 64
1688 125
1689 168
1690 0
1691 195
1692 57
1693 101
1694 175
1695 14
1696 87
1697 23
1698 46
1699 57
1700 29
1701 0
1702 46
1703 139
1704 0
1705 7
1706 29
1707 101
1708 8
1709 145
1710 655
1711 197
1712 146
1713 96
1714 113
1715 271
1716 222
1717 147
1718 39
1719 102
1720 19
1721 119
1722 31
1723 31
1724 47
1725 41
1726 92
1727 86
1728 296
1729 0
1730 17
1731 36
1732 6
1733 97
1734 51
1735 0
1736 69
1737 157
1738 265
1739 263
1740 0
1741 71
1742 213
1743 31
1744 125
1745 190
1746 86
1747 3
1748 15
1749 41
1750 76
1751 170
1752 229
1753 0
1754 13
1755 67
1756 52
1757 68
1758 108
1759 8
1760 6
1761 294
1762 96
1763 127
1764 133
1765 110
1766 81
1767 281
1768 144
1769 4
1770 25
1771 58
1772 135
1773 250
1774 122
1775 97
1776 120
1777 133
1778 264
1779 1
1780 30
1781 0
1782 123
1783 17
1784 46
1785 75
1786 19
1787 0
1788 101
1789 0
1790 125
1791 4
1792 167
1793 81
1794 19
1795 0
1796 30
1797 316
1798 270
1799 518
1800 471
1801 141
1802 160
1803 58
1804 101
1805 425
1806 434
1807 93
1808 124
1809 5
1810 158
1811 79
1812 53
1813 66
1814 51
1815 51
1816 36
1817 9
1818 74
1819 18
1820 160
1821 91
1822 77
1823 76
1824 322
1825 100
1826 35
1827 106
1828 157
1829 241
1830 16
1831 208
1832 54
1833 233
1834 29
1835 256
1836 128
1837 23
1838 83
1839 47
1840 54
1841 66
1842 47
1843 110
1844 333
1845 234
1846 94
1847 82
1848 183
1849 366
1850 54
1851 21
1852 34
1853 128
1854 52
1855 166
1856 136
1857 37
1858 277
1859 321
1860 83
1861 206
1862 212
1863 0
1864 81
1865 22
1866 111
1867 832
1868 199
1869 106
1870 34
1871 122
1872 395
1873 203
1874 61
1875 22
1876 31
1877 82
1878 117
1879 91
1880 0
1881 183
1882 340
1883 384
1884 207
1885 97
1886 31
1887 40
1888 6
1889 133
1890 161
1891 66
1892 137
1893 129
1894 496
1895 0
1896 246
1897 60
1898 62
1899 43
1900 238
1901 142
1902 30
1903 323
1904 132
1905 133
1906 132
1907 209
1908 93
1909 117
1910 116
1911 171
1912 282
1913 143
1914 31
1915 11
1916 15
1917 160
1918 86
1919 188
1920 63
1921 101
1922 33
1923 153
1924 141
1925 157
1926 25
1927 42
1928 30
1929 39
1930 91
1931 120
1932 48
1933 25
1934 74
1935 170
1936 224
1937 31
1938 23
1939 57
1940 158
1941 152
1942 403
1943 314
1944 53
1945 48
1946 61
1947 7
1948 88
1949 68
1950 71
1951 191
1952 96
1953 208
1954 99
1955 307
1956 48
1957 125
1958 168
1959 77
1960 65
1961 29
1962 0
1963 31
1964 340
1965 372
1966 43
1967 170
1968 323
1969 142
1970 82
1971 162
1972 302
1973 52
1974 80
1975 183
1976 50
1977 0
1978 19
1979 18
1980 170
1981 328
1982 151
1983 33
1984 58
1985 271
1986 136
1987 14
1988 22
1989 189
1990 0
1991 138
1992 110
1993 58
1994 132
1995 294
1996 473
1997 154
1998 76
1999 201
2000 198
2001 8
2002 27
2003 120
2004 314
2005 142
2006 77
2007 114
2008 63
2009 123
2010 116
2011 152
2012 41
2013 16
2014 189
2015 163
2016 275
2017 417
2018 20
2019 246
2020 78
2021 72
2022 65
2023 251
2024 419
2025 12
2026 93
2027 102
2028 111
2029 58
2030 174
2031 243
2032 151
2033 48
2034 135
2035 225
2036 332
2037 111
2038 109
2039 65
2040 83
2041 68
2042 77
2043 253
2044 51
2045 83
2046 87
2047 100
2048 247
2049 339
2050 212
2051 200
2052 18
2053 27
2054 137
2055 421
2056 74
2057 100
2058 76
2059 124
2060 93
2061 193
2062 151
2063 111
2064 31
2065 18
2066 221
2067 150
2068 0
2069 209
2070 61
2071 145
2072 268
2073 228
2074 122
2075 156
2076 242
2077 49
2078 4
2079 41
2080 159
2081 0
2082 199
2083 167
2084 97
2085 0
2086 179
2087 148
2088 201
2089 180
2090 136
2091 87
2092 74
2093 70
2094 145
2095 437
2096 147
2097 464
2098 252
2099 147
2100 55
2101 30
2102 0
2103 365
2104 339
2105 166
2106 6
2107 12
2108 58
2109 51
2110 204
2111 146
2112 254
2113 131
2114 113
2115 0
2116 100
2117 116
2118 310
2119 337
2120 58
2121 68
2122 23
2123 27
2124 282
2125 34
2126 167
2127 171
2128 237
2129 82
2130 112
2131 279
2132 342
2133 32
2134 0
2135 31
2136 7
2137 177
2138 329
2139 83
2140 27
2141 0
2142 3
2143 15
2144 234
2145 226
2146 100
2147 53
2148 339
2149 143
2150 365
2151 68
2152 218
2153 279
2154 232
2155 61
2156 22
2157 26
2158 24
2159 106
2160 298
2161 299
2162 1
2163 16
2164 36
2165 223
2166 109
2167 77
2168 57
2169 136
2170 60
2171 26
2172 221
2173 102
2174 8
2175 74
2176 6
2177 155
2178 19
2179 55
2180 29
2181 96
2182 51
2183 103
2184 31
2185 0
2186 0
2187 149
2188 88
2189 62
2190 198
2191 169
2192 51
2193 229
2194 42
2195 9
2196 4
2197 41
2198 21
2199 131
2200 54
2201 118
2202 159
2203 231
2204 39
2205 228
2206 203
2207 68
2208 14
2209 90
2210 109
2211 200
2212 349
2213 268
2214 32
2215 81
2216 10
2217 30
2218 14
2219 33
2220 117
2221 7
2222 0
2223 65
2224 150
2225 31
2226 39
2227 240
2228 194
2229 165
2230 222
2231 15
2232 80
2233 102
2234 0
2235 21
2236 11
2237 88
2238 28
2239 3
2240 0
2241 6
2242 10
2243 238
2244 111
2245 27
2246 36
2247 205
2248 381
2249 0
2250 262
2251 102
2252 35
2253 109
2254 278
2255 154
2256 188
2257 62
2258 9
2259 44
2260 211
2261 40
2262 16
2263 13
2264 8
2265 71
2266 312
2267 274
2268 211
2269 316
2270 302
2271 163
2272 7
2273 27
2274 411
2275 277
2276 132
2277 293
2278 89
2279 25
2280 16
2281 269
2282 312
2283 41
2284 0
2285 34
2286 210
2287 51
2288 62
2289 88
2290 272
2291 371
2292 32
2293 9
2294 266
2295 267
2296 72
2297 146
2298 83
2299 18
2300 143
2301 0
2302 110
2303 4
2304 53
2305 0
2306 40
2307 100
2308 283
2309 99
2310 88
2311 98
2312 75
2313 65
2314 139
2315 62
2316 375
2317 109
2318 1
2319 35
2320 249
2321 148
2322 136
2323 0
2324 0
2325 35
2326 308
2327 517
2328 80
2329 20
2330 32
2331 20
2332 55
2333 64
2334 462
2335 565
2336 71
2337 19
2338 69
2339 162
2340 134
2341 0
2342 0
2343 0
2344 98
2345 229
2346 120
2347 164
2348 24
2349 106
2350 148
2351 257
2352 216
2353 296
2354 157
2355 43
2356 141
2357 50
2358 28
2359 0
2360 4
2361 2
2362 9
2363 261
2364 262
2365 42
2366 208
2367 187
2368 40
2369 104
2370 200
2371 137
2372 122
2373 66
2374 7
2375 137
2376 209
2377 0
2378 4
2379 30
2380 57
2381 0
2382 258
2383 150
2384 102
2385 359
2386 93
2387 262
2388 432
2389 240
2390 162
2391 303
2392 0
2393 41
2394 256
2395 92
2396 29
2397 5
2398 260
2399 11
2400 0
2401 143
2402 628
2403 45
2404 92
2405 217
2406 261
2407 176
2408 106
2409 149
2410 103
2411 241
2412 150
2413 28
2414 0
2415 60
2416 16
2417 37
2418 8
2419 139
2420 328
2421 241
2422 538
2423 81
2424 120
2425 195
2426 220
2427 285
2428 350
2429 89
2430 1
2431 82
2432 216
2433 0
2434 25
2435 87
2436 85
2437 56
2438 354
2439 41
2440 139
2441 290
2442 299
2443 116
2444 140
2445 152
2446 19
2447 0
2448 0
2449 116
2450 12
2451 0
2452 17
2453 17
2454 115
2455 103
2456 136
2457 151
2458 28
2459 92
2460 21
2461 8
2462 3
2463 20
2464 82
2465 564
2466 74
2467 0
2468 26
2469 41
2470 96
2471 62
2472 53
2473 11
2474 4
2475 4
2476 0
2477 0
2478 127
2479 4
2480 39
2481 64
2482 22
2483 62
2484 77
2485 140
2486 45
2487 190
2488 39
2489 44
2490 8
2491 0
2492 0
2493 5
2494 61
2495 115
2496 31
2497 70
2498 15
2499 92
2500 41
2501 57
2502 41
2503 259
2504 13
2505 0
2506 20
2507 0
2508 8
2509 43
2510 27
2511 50
2512 42
2513 58
2514 0
2515 0
2516 22
2517 0
2518 0
2519 3
2520 39
2521 21
2522 23
2523 68
2524 3
2525 6
2526 119
2527 64
2528 0
2529 28
2530 50
2531 32
2532 7
2533 9
2534 217
2535 233
2536 35
2537 73
2538 100
2539 11
2540 0
2541 20
2542 303
2543 77
2544 102
2545 243
2546 26
2547 11
2548 67
2549 41
2550 22
2551 10
2552 89
2553 143
2554 55
2555 1
2556 0
2557 23
2558 52
2559 34
2560 122
2561 128
2562 28
2563 85
2564 32
2565 24
2566 45
2567 28
2568 29
2569 0
2570 0
2571 24
2572 0
2573 41
2574 3
2575 121
2576 6
2577 7
2578 11
2579 5
2580 0
2581 0
2582 0
2583 0
2584 0
2585 0
2586 0
2587 0
2588 0
2589 0
2590 0
2591 0
2592 0
2593 0
2594 0
2595 0
2596 0
2597 0
2598 0
