0 217
1 676
2 256
3 451
4 499
5 406
6 298
7 236
8 764
9 582
10 251
11 223
12 254
13 241
14 230
15 402
16 228
17 470
18 239
19 234
20 230
21 234
22 467
23 227
24 0
25 481
26 213
27 229
28 551
29 297
30 227
31 216
32 759
33 238
34 483
35 228
36 489
37 393
38 236
39 221
40 228
41 222
42 229
43 232
44 247
45 507
46 220
47 521
48 424
49 229
50 225
51 404
52 224
53 227
54 225
55 230
56 220
57 232
58 238
59 229
60 408
61 227
62 228
63 536
64 226
65 227
66 460
67 235
68 228
69 550
70 234
71 224
72 631
73 685
74 227
75 229
76 235
77 231
78 460
79 234
80 223
81 571
82 393
83 226
84 484
85 408
86 230
87 235
88 225
89 294
90 218
91 414
92 210
93 394
94 212
95 220
96 218
97 226
98 746
99 218
100 223
101 674
102 283
103 232
104 232
105 505
106 569
107 282
108 320
109 232
110 226
111 517
112 245
113 207
114 236
115 223
116 400
117 224
118 474
119 273
120 222
121 542
122 235
123 221
124 229
125 226
126 273
127 261
128 221
129 210
130 215
131 223
132 298
133 535
134 630
135 467
136 229
137 229
138 233
139 418
140 265
141 228
142 297
143 216
144 229
145 511
146 224
147 274
148 396
149 234
150 421
151 0
152 489
153 228
154 221
155 223
156 220
157 270
158 217
159 231
160 300
161 278
162 456
163 460
164 398
165 229
166 235
167 232
168 413
169 400
170 509
171 222
172 222
173 223
174 229
175 230
176 212
177 218
178 693
179 299
180 233
181 515
182 226
183 478
184 209
185 235
186 410
187 413
188 400
189 228
190 403
191 427
192 410
193 231
194 635
195 401
196 554
197 237
198 446
199 226
200 217
201 634
202 237
203 231
204 237
205 409
206 475
207 403
208 399
209 232
210 407
211 524
212 530
213 490
214 254
215 231
216 227
217 438
218 231
219 395
220 265
221 403
222 271
223 223
224 270
225 231
226 412
227 266
228 225
229 228
230 405
231 499
232 0
233 211
234 0
235 392
236 0
237 295
238 537
239 230
240 481
241 258
242 211
243 240
244 412
245 219
246 236
247 484
248 617
249 757
250 397
251 389
252 401
253 0
254 228
255 221
256 233
257 255
258 525
259 443
260 248
261 210
262 406
263 415
264 552
265 509
266 501
267 445
268 224
269 224
270 399
271 300
272 211
273 0
274 391
275 296
276 225
277 444
278 239
279 298
280 457
281 227
282 222
283 229
284 223
285 228
286 442
287 469
288 398
289 327
290 235
291 217
292 225
293 218
294 256
295 226
296 433
297 234
298 404
299 524
300 386
301 235
302 302
303 218
304 726
305 223
306 234
307 220
308 471
309 228
310 445
311 413
312 298
313 539
314 232
315 223
316 258
317 229
318 571
319 305
320 227
321 218
322 483
323 287
324 441
325 536
326 293
327 556
328 524
329 545
330 557
331 218
332 464
333 229
334 577
335 232
336 233
337 480
338 226
339 221
340 391
341 230
342 485
343 396
344 231
345 388
346 225
347 405
348 405
349 441
350 275
351 221
352 410
353 234
354 234
355 300
356 556
357 443
358 471
359 519
360 561
361 475
362 272
363 226
364 0
365 231
366 452
367 228
368 231
369 441
370 680
371 249
372 434
373 275
374 221
375 233
376 415
377 541
378 306
379 236
380 399
381 291
382 224
383 451
384 411
385 270
386 410
387 405
388 511
389 398
390 554
391 379
392 219
393 398
394 404
395 231
396 300
397 213
398 0
399 225
400 517
401 394
402 400
403 395
404 230
405 493
406 455
407 540
408 489
409 453
410 227
411 226
412 230
413 271
414 265
415 441
416 610
417 510
418 269
419 432
420 406
421 227
422 448
423 521
424 232
425 416
426 376
427 212
428 436
429 233
430 222
431 230
432 222
433 519
434 496
435 297
436 533
437 226
438 229
439 550
440 456
441 524
442 221
443 227
444 221
445 229
446 477
447 226
448 234
449 403
450 237
451 230
452 226
453 236
454 407
455 227
456 229
457 220
458 234
459 228
460 233
461 235
462 235
463 216
464 223
465 227
466 466
467 576
468 221
469 221
470 234
471 490
472 415
473 412
474 242
475 291
476 456
477 234
478 226
479 234
480 224
481 468
482 221
483 416
484 414
485 461
486 475
487 412
488 226
489 467
490 515
491 265
492 230
493 228
494 232
495 267
496 224
497 220
498 240
499 408
500 221
501 216
502 221
503 232
504 223
505 227
506 233
507 422
508 218
509 221
510 410
511 238
512 226
513 233
514 482
515 469
516 230
517 300
518 221
519 229
520 222
521 223
522 222
523 268
524 229
525 438
526 232
527 222
528 233
529 226
530 293
531 232
532 395
533 205
534 223
535 387
536 556
537 335
538 219
539 224
540 231
541 481
542 231
543 230
544 297
545 259
546 232
547 0
548 389
549 233
550 234
551 226
552 332
553 234
554 496
555 268
556 276
557 229
558 308
559 222
560 222
561 233
562 247
563 306
564 228
565 227
566 0
567 232
568 233
569 217
570 352
571 475
572 533
573 553
574 407
575 249
576 270
577 235
578 384
579 218
580 224
581 396
582 225
583 266
584 276
585 270
586 306
587 223
588 305
589 267
590 459
591 227
592 222
593 218
594 411
595 232
596 230
597 406
598 520
599 231
600 215
601 420
602 230
603 459
604 413
605 239
606 232
607 248
608 226
609 234
610 322
611 216
612 260
613 234
614 232
615 230
616 220
617 236
618 219
619 225
620 230
621 233
622 231
623 233
624 224
625 230
626 226
627 444
628 216
629 214
630 305
631 245
632 227
633 229
634 228
635 232
636 228
637 219
638 455
639 271
640 270
641 273
642 229
643 222
644 223
645 237
646 226
647 541
648 231
649 228
650 0
651 223
652 230
653 225
654 564
655 585
656 503
657 493
658 224
659 236
660 485
661 411
662 243
663 267
664 449
665 300
666 273
667 462
668 391
669 236
670 219
671 657
672 287
673 226
674 266
675 242
676 222
677 275
678 271
679 301
680 308
681 234
682 224
683 233
684 230
685 223
686 249
687 228
688 234
689 619
690 535
691 220
692 492
693 212
694 469
695 231
696 390
697 420
698 265
699 229
700 306
701 489
702 308
703 241
704 710
705 404
706 410
707 247
708 223
709 298
710 220
711 292
712 466
713 231
714 0
715 497
716 533
717 229
718 472
719 219
720 227
721 222
722 229
723 269
724 250
725 211
726 305
727 232
728 397
729 484
730 467
731 337
732 214
733 223
734 214
735 226
736 233
737 233
738 239
739 219
740 292
741 238
742 485
743 231
744 232
745 230
746 235
747 226
748 272
749 303
750 375
751 467
752 225
753 299
754 526
755 532
756 433
757 479
758 231
759 304
760 225
761 224
762 235
763 272
764 277
765 221
766 223
767 231
768 237
769 221
770 226
771 232
772 233
773 0
774 228
775 413
776 477
777 478
778 242
779 229
780 227
781 396
782 418
783 467
784 294
785 436
786 218
787 214
788 441
789 279
790 474
791 300
792 227
793 230
794 475
795 0
796 231
797 223
798 267
799 232
800 224
801 221
802 255
803 237
804 293
805 486
806 474
807 394
808 220
809 235
810 489
811 533
812 751
813 220
814 543
815 218
816 0
817 0
818 267
819 303
820 232
821 249
822 219
823 458
824 632
825 569
826 544
827 470
828 229
829 220
830 227
831 226
832 236
833 227
834 477
835 274
836 224
837 242
838 228
839 228
840 291
841 297
842 224
843 0
844 712
845 215
846 486
847 230
848 303
849 741
850 227
851 460
852 461
853 221
854 211
855 466
856 230
857 486
858 480
859 240
860 260
861 230
862 231
863 641
864 225
865 295
866 224
867 225
868 476
869 290
870 232
871 267
872 295
873 270
874 0
875 450
876 469
877 231
878 302
879 512
880 255
881 750
882 467
883 230
884 452
885 709
886 472
887 226
888 468
889 482
890 230
891 306
892 440
893 217
894 227
895 445
896 296
897 231
898 224
899 226
900 0
901 569
902 407
903 504
904 410
905 217
906 469
907 233
908 234
909 728
910 217
911 554
912 468
913 490
914 468
915 496
916 231
917 463
918 237
919 448
920 229
921 231
922 247
923 253
924 229
925 240
926 244
927 383
928 0
929 406
930 238
931 265
932 295
933 448
934 419
935 467
936 412
937 218
938 568
939 462
940 355
941 217
942 509
943 217
944 446
945 479
946 216
947 234
948 466
949 293
950 228
951 216
952 776
953 617
954 471
955 228
956 306
957 626
958 507
959 391
960 232
961 447
962 445
963 495
964 209
965 722
966 474
967 222
968 463
969 274
970 208
971 213
972 452
973 215
974 219
975 224
976 300
977 219
978 448
979 437
980 232
981 221
982 576
983 697
984 229
985 500
986 305
987 419
988 0
989 276
990 229
991 301
992 462
993 415
994 468
995 228
996 214
997 233
998 219
999 549
1000 717
1001 223
1002 299
1003 296
1004 0
1005 223
1006 230
1007 477
1008 248
1009 244
1010 217
1011 634
1012 235
1013 0
1014 0
1015 712
1016 582
1017 450
1018 221
1019 219
1020 398
1021 509
1022 480
1023 309
1024 448
1025 645
1026 524
1027 531
1028 225
1029 227
1030 299
1031 227
1032 228
1033 226
1034 478
1035 691
1036 238
1037 663
1038 224
1039 226
1040 225
1041 299
1042 212
1043 295
1044 754
1045 212
1046 232
1047 222
1048 490
1049 500
1050 231
1051 224
1052 232
1053 264
1054 533
1055 230
1056 443
1057 299
1058 221
1059 472
1060 224
1061 470
1062 0
1063 478
1064 0
1065 390
1066 235
1067 375
1068 753
1069 222
1070 223
1071 225
1072 231
1073 226
1074 238
1075 287
1076 607
1077 474
1078 217
1079 481
1080 526
1081 302
1082 614
1083 269
1084 215
1085 221
1086 233
1087 305
1088 658
1089 564
1090 221
1091 631
1092 223
1093 222
1094 216
1095 213
1096 215
1097 214
1098 657
1099 400
1100 470
1101 417
1102 224
1103 234
1104 214
1105 221
1106 303
1107 224
1108 236
1109 369
1110 223
1111 276
1112 666
1113 667
1114 581
1115 224
1116 251
1117 632
1118 214
1119 233
1120 503
1121 271
1122 233
1123 207
1124 576
1125 263
1126 209
1127 216
1128 243
1129 502
1130 233
1131 271
1132 211
1133 269
1134 227
1135 445
1136 0
1137 0
1138 214
1139 236
1140 396
1141 227
1142 485
1143 550
1144 542
1145 465
1146 228
1147 0
1148 442
1149 540
1150 447
1151 298
1152 225
1153 239
1154 239
1155 624
1156 424
1157 417
1158 220
1159 674
1160 235
1161 232
1162 231
1163 294
1164 465
1165 609
1166 556
1167 230
1168 231
1169 480
1170 301
1171 731
1172 446
1173 213
1174 204
1175 543
1176 504
1177 749
1178 412
1179 532
1180 496
1181 469
1182 216
1183 518
1184 226
1185 303
1186 415
1187 237
1188 221
1189 230
1190 219
1191 278
1192 279
1193 303
1194 217
1195 229
1196 226
1197 220
1198 205
1199 237
1200 223
1201 542
1202 405
1203 232
1204 400
1205 468
1206 474
1207 720
1208 525
1209 453
1210 277
1211 471
1212 463
1213 556
1214 584
1215 216
1216 404
1217 256
1218 228
1219 510
1220 445
1221 460
1222 502
1223 223
1224 251
1225 396
1226 269
1227 207
1228 265
1229 231
1230 229
1231 238
1232 222
1233 298
1234 217
1235 534
1236 280
1237 284
1238 470
1239 288
1240 230
1241 477
1242 238
1243 401
1244 404
1245 222
1246 491
1247 217
1248 232
1249 518
1250 1809
1251 229
1252 420
1253 765
1254 439
1255 515
1256 234
1257 523
1258 206
1259 604
1260 229
1261 217
1262 221
1263 221
1264 232
1265 237
1266 233
1267 226
1268 229
1269 226
1270 239
1271 221
1272 290
1273 214
1274 439
1275 239
1276 208
1277 219
1278 291
1279 303
1280 295
1281 595
1282 577
1283 587
1284 586
1285 266
1286 310
1287 385
1288 235
1289 474
1290 751
1291 221
1292 445
1293 446
1294 636
1295 422
1296 278
1297 222
1298 678
1299 217
1300 216
1301 233
1302 219
1303 231
1304 225
1305 232
1306 206
1307 231
1308 231
1309 222
1310 220
1311 473
1312 234
1313 303
1314 217
1315 580
1316 217
1317 310
1318 239
1319 305
1320 204
1321 252
1322 267
1323 469
1324 215
1325 467
1326 469
1327 570
1328 586
1329 474
1330 463
1331 215
1332 469
1333 238
1334 470
1335 241
1336 469
1337 418
1338 477
1339 224
1340 233
1341 224
1342 520
1343 269
1344 406
1345 226
1346 241
1347 222
1348 264
1349 220
1350 261
1351 1299
1352 208
1353 237
1354 227
1355 272
1356 236
1357 220
1358 226
1359 467
1360 226
1361 395
1362 218
1363 469
1364 227
1365 237
1366 547
1367 472
1368 559
1369 468
1370 267
1371 290
1372 560
1373 476
1374 493
1375 691
1376 406
1377 468
1378 220
1379 221
1380 463
1381 301
1382 273
1383 476
1384 409
1385 225
1386 408
1387 420
1388 658
1389 429
1390 215
1391 534
1392 392
1393 223
1394 222
1395 463
1396 224
1397 229
1398 212
1399 461
1400 301
1401 226
1402 210
1403 471
1404 233
1405 395
1406 413
1407 305
1408 459
1409 216
1410 229
1411 221
1412 285
1413 0
1414 238
1415 268
1416 469
1417 217
1418 206
1419 422
1420 470
1421 435
1422 467
1423 463
1424 471
1425 626
1426 210
1427 239
1428 417
1429 584
1430 232
1431 230
1432 498
1433 228
1434 243
1435 276
1436 535
1437 422
1438 225
1439 233
1440 393
1441 220
1442 236
1443 224
1444 225
1445 228
1446 231
1447 226
1448 224
1449 301
1450 231
1451 237
1452 530
1453 415
1454 230
1455 703
1456 224
1457 218
1458 228
1459 227
1460 265
1461 297
1462 221
1463 307
1464 265
1465 230
1466 402
1467 220
1468 213
1469 468
1470 458
1471 0
1472 502
1473 219
1474 228
1475 469
1476 442
1477 225
1478 646
1479 485
1480 268
1481 489
1482 622
1483 281
1484 403
1485 524
1486 418
1487 493
1488 461
1489 222
1490 230
1491 231
1492 224
1493 230
1494 226
1495 229
1496 228
1497 227
1498 230
1499 460
1500 221
1501 271
1502 301
1503 208
1504 241
1505 229
1506 218
1507 505
1508 271
1509 216
1510 228
1511 233
1512 219
1513 211
1514 236
1515 401
1516 478
1517 209
1518 119
1519 0
1520 455
1521 466
1522 302
1523 230
1524 247
1525 491
1526 489
1527 697
1528 478
1529 468
1530 408
1531 469
1532 520
1533 519
1534 627
1535 588
1536 207
1537 220
1538 224
1539 230
1540 233
1541 233
1542 226
1543 231
1544 231
1545 246
1546 304
1547 237
1548 222
1549 214
1550 301
1551 227
1552 293
1553 407
1554 299
1555 213
1556 533
1557 299
1558 225
1559 231
1560 231
1561 299
1562 211
1563 272
1564 304
1565 274
1566 440
1567 270
1568 586
1569 465
1570 222
1571 209
1572 482
1573 247
1574 233
1575 224
1576 227
1577 228
1578 254
1579 481
1580 285
1581 279
1582 230
1583 494
1584 405
1585 217
1586 231
1587 225
1588 226
1589 220
1590 229
1591 231
1592 231
1593 226
1594 215
1595 215
1596 215
1597 292
1598 459
1599 222
1600 584
1601 481
1602 285
1603 258
1604 236
1605 215
1606 279
1607 231
1608 210
1609 217
1610 294
1611 296
1612 473
1613 411
1614 221
1615 467
1616 209
1617 481
1618 465
1619 247
1620 469
1621 472
1622 615
1623 217
1624 247
1625 409
1626 400
1627 279
1628 214
1629 537
1630 227
1631 228
1632 228
1633 240
1634 228
1635 274
1636 226
1637 398
1638 228
1639 529
1640 233
1641 232
1642 218
1643 464
1644 473
1645 215
1646 232
1647 210
1648 216
1649 216
1650 478
1651 462
1652 219
1653 465
1654 473
1655 466
1656 426
1657 235
1658 210
1659 227
1660 235
1661 213
1662 230
1663 237
1664 284
1665 295
1666 230
1667 273
1668 467
1669 216
1670 283
1671 305
1672 220
1673 223
1674 462
1675 223
1676 267
1677 629
1678 232
1679 231
1680 273
1681 471
1682 471
1683 577
1684 234
1685 222
1686 313
1687 265
1688 331
1689 441
1690 719
1691 238
1692 225
1693 230
1694 215
1695 223
1696 232
1697 222
1698 230
1699 207
1700 223
1701 226
1702 251
1703 301
1704 412
1705 402
1706 524
1707 280
1708 231
1709 460
1710 464
1711 234
1712 468
1713 698
1714 661
1715 229
1716 217
1717 467
1718 769
1719 227
1720 220
1721 390
1722 548
1723 227
1724 223
1725 227
1726 221
1727 225
1728 208
1729 266
1730 218
1731 296
1732 214
1733 226
1734 472
1735 215
1736 295
1737 721
1738 481
1739 232
1740 224
1741 410
1742 465
1743 221
1744 290
1745 219
1746 272
1747 217
1748 277
1749 447
1750 236
1751 297
1752 235
1753 220
1754 398
1755 471
1756 220
1757 446
1758 408
1759 217
1760 406
1761 702
1762 228
1763 280
1764 469
1765 218
1766 231
1767 472
1768 529
1769 394
1770 218
1771 434
1772 219
1773 420
1774 441
1775 225
1776 492
1777 219
1778 481
1779 231
1780 214
1781 291
1782 222
1783 531
1784 464
1785 675
1786 419
1787 242
1788 417
1789 474
1790 209
1791 216
1792 231
1793 456
1794 408
1795 238
1796 422
1797 470
1798 227
1799 220
1800 236
1801 217
1802 223
1803 473
1804 216
1805 305
1806 238
1807 230
1808 263
1809 390
1810 417
1811 228
1812 207
1813 229
1814 287
1815 417
1816 268
1817 408
1818 474
1819 212
1820 234
1821 234
1822 220
1823 462
1824 459
1825 468
1826 227
1827 471
1828 470
1829 222
1830 408
1831 516
1832 213
1833 419
1834 213
1835 228
1836 223
1837 226
1838 218
1839 221
1840 610
1841 459
1842 218
1843 219
1844 509
1845 411
1846 477
1847 406
1848 438
1849 218
1850 216
1851 489
1852 216
1853 394
1854 217
1855 220
1856 233
1857 468
1858 217
1859 234
1860 226
1861 226
1862 233
1863 217
1864 305
1865 284
1866 409
1867 239
1868 217
1869 277
1870 212
1871 411
1872 480
1873 224
1874 232
1875 225
1876 229
1877 292
1878 216
1879 464
1880 226
1881 232
1882 218
1883 216
1884 241
1885 218
1886 217
1887 222
1888 214
1889 401
1890 217
1891 209
1892 230
1893 403
1894 413
1895 242
1896 220
1897 276
1898 223
1899 407
1900 503
1901 412
1902 411
1903 231
1904 217
1905 264
1906 270
1907 220
1908 222
1909 214
1910 218
1911 277
1912 216
1913 218
1914 214
1915 227
1916 425
1917 221
1918 218
1919 233
1920 217
1921 234
1922 405
1923 227
1924 219
1925 457
1926 219
1927 215
1928 281
1929 443
1930 441
1931 209
1932 282
1933 210
1934 220
1935 211
1936 634
1937 282
1938 216
1939 224
1940 229
1941 296
1942 223
1943 466
1944 228
1945 236
1946 225
1947 221
1948 214
1949 218
1950 210
1951 466
1952 245
1953 393
1954 215
1955 417
1956 412
1957 220
1958 411
1959 428
1960 227
1961 445
1962 206
1963 227
1964 218
1965 229
1966 462
1967 275
1968 214
1969 221
1970 209
1971 209
1972 214
1973 216
1974 219
1975 218
1976 452
1977 409
1978 492
1979 218
1980 461
1981 237
1982 217
1983 223
1984 215
1985 220
1986 214
1987 482
1988 416
1989 217
1990 428
1991 531
1992 462
1993 216
1994 216
1995 212
1996 216
1997 221
1998 219
1999 231
2000 237
2001 221
2002 221
2003 221
2004 230
2005 215
2006 404
2007 404
2008 217
2009 226
2010 221
2011 470
2012 409
2013 467
2014 406
2015 464
2016 246
2017 271
2018 217
2019 226
2020 214
2021 221
2022 217
2023 227
2024 228
2025 236
2026 220
2027 214
2028 211
2029 219
2030 242
2031 214
2032 450
2033 479
2034 413
2035 452
2036 240
2037 227
2038 208
2039 454
2040 272
2041 269
2042 300
2043 476
2044 214
2045 229
2046 215
2047 218
2048 229
2049 234
2050 231
2051 219
2052 221
2053 218
2054 225
2055 241
2056 251
2057 464
2058 402
2059 464
2060 409
2061 407
2062 540
2063 225
2064 269
2065 467
2066 411
2067 220
2068 219
2069 223
2070 240
2071 216
2072 222
2073 222
2074 220
2075 221
2076 221
2077 215
2078 212
2079 215
2080 217
2081 223
2082 283
2083 224
2084 274
2085 289
2086 212
2087 463
2088 414
2089 224
2090 218
2091 214
2092 470
2093 413
2094 216
2095 220
2096 222
2097 220
2098 304
2099 216
2100 215
2101 210
2102 211
2103 221
2104 222
2105 219
2106 222
2107 231
2108 237
2109 219
2110 479
2111 227
2112 417
2113 240
2114 430
2115 287
2116 500
2117 228
2118 227
2119 227
2120 526
2121 249
2122 541
2123 414
2124 238
2125 225
2126 231
2127 222
2128 410
2129 236
2130 232
2131 295
2132 211
2133 397
2134 400
2135 220
2136 412
2137 480
2138 219
2139 409
2140 211
2141 221
2142 218
2143 217
2144 220
2145 228
2146 232
2147 212
2148 269
2149 237
2150 228
2151 280
2152 218
2153 278
2154 406
2155 240
2156 222
2157 413
2158 215
2159 223
2160 298
2161 278
2162 484
2163 217
2164 222
2165 213
2166 226
2167 220
2168 218
2169 228
2170 216
2171 488
2172 236
2173 451
2174 471
2175 239
2176 242
2177 405
2178 221
2179 215
2180 214
2181 211
2182 213
2183 221
2184 218
2185 0
2186 228
2187 279
2188 225
2189 208
2190 220
2191 269
2192 507
2193 214
2194 208
2195 224
2196 219
2197 214
2198 210
2199 436
2200 237
2201 216
2202 218
2203 215
2204 231
2205 208
2206 224
2207 211
2208 467
2209 467
2210 229
2211 494
2212 429
2213 222
2214 209
2215 440
2216 209
2217 227
2218 521
2219 219
2220 220
2221 215
2222 580
2223 233
2224 471
2225 217
2226 209
2227 221
2228 513
2229 214
2230 514
2231 218
2232 535
2233 251
2234 208
2235 534
2236 579
2237 521
2238 249
2239 476
2240 199
2241 230
2242 215
2243 216
2244 224
2245 397
2246 267
2247 506
2248 412
2249 472
2250 413
2251 485
2252 294
2253 236
2254 531
2255 514
2256 505
2257 223
2258 216
2259 234
2260 222
2261 213
2262 218
2263 528
2264 221
2265 286
2266 217
2267 222
2268 222
2269 285
2270 495
2271 410
2272 431
2273 232
2274 223
2275 473
2276 542
2277 475
2278 426
2279 497
2280 229
2281 227
2282 212
2283 214
2284 0
2285 238
2286 229
2287 209
2288 230
2289 221
2290 449
2291 446
2292 272
2293 482
2294 220
2295 223
2296 216
2297 517
2298 438
2299 638
2300 415
2301 221
2302 530
2303 616
2304 497
2305 211
2306 443
2307 502
2308 223
2309 217
2310 283
2311 447
2312 438
2313 435
2314 223
2315 442
2316 217
2317 432
2318 434
2319 444
2320 495
2321 219
2322 209
2323 0
2324 213
2325 218
2326 224
2327 231
2328 224
2329 450
2330 278
2331 218
2332 230
2333 504
2334 504
2335 457
2336 213
2337 217
2338 421
2339 433
2340 212
2341 229
2342 0
2343 0
2344 214
2345 214
2346 222
2347 220
2348 224
2349 223
2350 213
2351 589
2352 521
2353 219
2354 471
2355 210
2356 219
2357 238
2358 289
2359 0
2360 213
2361 228
2362 233
2363 227
2364 231
2365 216
2366 222
2367 465
2368 221
2369 234
2370 443
2371 450
2372 464
2373 492
2374 522
2375 517
2376 509
2377 267
2378 232
2379 438
2380 237
2381 222
2382 545
2383 222
2384 219
2385 224
2386 549
2387 460
2388 740
2389 216
2390 224
2391 538
2392 524
2393 298
2394 493
2395 278
2396 228
2397 228
2398 217
2399 213
2400 418
2401 220
2402 225
2403 215
2404 211
2405 217
2406 738
2407 219
2408 282
2409 236
2410 212
2411 464
2412 229
2413 520
2414 255
2415 233
2416 211
2417 407
2418 292
2419 212
2420 220
2421 224
2422 700
2423 425
2424 215
2425 474
2426 221
2427 235
2428 461
2429 223
2430 515
2431 211
2432 450
2433 483
2434 226
2435 216
2436 217
2437 221
2438 219
2439 215
2440 272
2441 227
2442 218
2443 242
2444 494
2445 232
2446 215
2447 537
2448 215
2449 291
2450 218
2451 1552
2452 223
2453 530
2454 529
2455 522
2456 215
2457 434
2458 538
2459 240
2460 547
2461 395
2462 714
2463 218
2464 222
2465 451
2466 218
2467 403
2468 229
2469 412
2470 491
2471 211
2472 408
2473 208
2474 217
2475 546
2476 0
2477 225
2478 229
2479 230
2480 234
2481 501
2482 216
2483 219
2484 212
2485 210
2486 217
2487 455
2488 441
2489 480
2490 767
2491 219
2492 222
2493 225
2494 215
2495 219
2496 211
2497 219
2498 214
2499 218
2500 220
2501 217
2502 218
2503 486
2504 218
2505 298
2506 655
2507 267
2508 218
2509 209
2510 214
2511 225
2512 282
2513 225
2514 0
2515 231
2516 223
2517 223
2518 0
2519 580
2520 220
2521 266
2522 527
2523 254
2524 568
2525 407
2526 415
2527 223
2528 0
2529 592
2530 215
2531 335
2532 421
2533 687
2534 465
2535 725
2536 530
2537 285
2538 218
2539 213
2540 213
2541 272
2542 459
2543 231
2544 233
2545 292
2546 472
2547 212
2548 408
2549 479
2550 484
2551 231
2552 387
2553 217
2554 223
2555 216
2556 0
2557 495
2558 412
2559 229
2560 208
2561 227
2562 230
2563 205
2564 456
2565 216
2566 400
2567 493
2568 222
2569 223
2570 216
2571 228
2572 0
2573 592
2574 223
2575 414
2576 214
2577 214
2578 218
2579 209
2580 0
