0 14
1 0
2 0
3 0
4 4
5 12
6 0
7 0
8 0
9 1
10 3
11 17
12 0
13 12
14 34
15 11
16 22
17 3
18 2
19 45
20 0
21 3
22 0
23 36
24 0
25 9
26 0
27 0
28 0
29 2
30 0
31 1
32 0
33 9
34 2
35 19
36 1
37 3
38 2
39 3
40 5
41 1
42 1
43 1
44 22
45 0
46 3
47 0
48 2
49 21
50 7
51 2
52 18
53 19
54 18
55 0
56 2
57 10
58 14
59 1
60 0
61 22
62 17
63 2
64 5
65 43
66 3
67 12
68 11
69 0
70 3
71 3
72 0
73 0
74 15
75 31
76 1
77 11
78 29
79 26
80 2
81 0
82 12
83 6
84 3
85 1
86 11
87 48
88 41
89 2
90 0
91 1
92 3
93 15
94 5
95 0
96 2
97 20
98 0
99 20
100 0
101 0
102 12
103 19
104 3
105 5
106 25
107 5
108 21
109 19
110 0
111 6
112 12
113 3
114 0
115 6
116 20
117 4
118 1
119 11
120 0
121 10
122 34
123 8
124 5
125 0
126 2
127 4
128 6
129 8
130 3
131 12
132 1
133 0
134 0
135 29
136 17
137 76
138 4
139 7
140 28
141 19
142 5
143 3
144 0
145 0
146 17
147 4
148 24
149 15
150 5
151 0
152 0
153 0
154 5
155 13
156 3
157 9
158 65
159 12
160 3
161 5
162 0
163 8
164 13
165 15
166 19
167 13
168 7
169 4
170 29
171 18
172 10
173 4
174 25
175 52
176 31
177 0
178 7
179 0
180 29
181 1
182 0
183 39
184 17
185 13
186 58
187 51
188 29
189 3
190 5
191 0
192 0
193 2
194 0
195 0
196 31
197 16
198 2
199 24
200 18
201 15
202 5
203 30
204 18
205 40
206 64
207 15
208 9
209 1
210 43
211 0
212 7
213 15
214 0
215 34
216 0
217 7
218 0
219 57
220 12
221 40
222 39
223 35
224 57
225 29
226 32
227 5
228 0
229 5
230 0
231 0
232 0
233 3
234 0
235 5
236 0
237 0
238 15
239 68
240 0
241 73
242 43
243 7
244 47
245 12
246 19
247 1
248 9
249 6
250 7
251 2
252 2
253 0
254 2
255 7
256 111
257 35
258 6
259 1
260 0
261 0
262 2
263 19
264 3
265 8
266 1
267 6
268 4
269 0
270 10
271 24
272 6
273 0
274 3
275 3
276 3
277 0
278 5
279 0
280 4
281 0
282 8
283 66
284 0
285 3
286 5
287 5
288 6
289 3
290 57
291 12
292 82
293 31
294 0
295 16
296 17
297 9
298 10
299 5
300 11
301 10
302 15
303 11
304 70
305 20
306 18
307 40
308 0
309 15
310 14
311 16
312 28
313 3
314 2
315 23
316 23
317 29
318 59
319 1
320 9
321 11
322 2
323 3
324 0
325 0
326 5
327 1
328 0
329 0
330 3
331 15
332 5
333 31
334 37
335 34
336 2
337 13
338 48
339 24
340 0
341 2
342 1
343 0
344 3
345 3
346 6
347 0
348 31
349 11
350 12
351 55
352 10
353 2
354 0
355 0
356 0
357 15
358 0
359 21
360 17
361 41
362 69
363 2
364 0
365 0
366 4
367 9
368 24
369 0
370 9
371 7
372 5
373 8
374 4
375 7
376 14
377 1
378 3
379 0
380 14
381 0
382 14
383 1
384 10
385 23
386 0
387 0
388 17
389 21
390 44
391 22
392 44
393 0
394 25
395 10
396 44
397 13
398 0
399 29
400 2
401 12
402 7
403 5
404 22
405 17
406 42
407 0
408 9
409 0
410 3
411 8
412 13
413 55
414 32
415 3
416 6
417 14
418 3
419 11
420 0
421 2
422 23
423 20
424 31
425 11
426 10
427 2
428 16
429 1
430 48
431 2
432 3
433 7
434 0
435 2
436 36
437 53
438 75
439 26
440 46
441 35
442 15
443 57
444 9
445 9
446 7
447 1
448 0
449 9
450 23
451 12
452 22
453 37
454 39
455 0
456 23
457 57
458 32
459 0
460 0
461 45
462 27
463 21
464 20
465 9
466 2
467 28
468 21
469 37
470 54
471 51
472 32
473 16
474 0
475 9
476 2
477 3
478 1
479 5
480 7
481 9
482 10
483 1
484 25
485 10
486 18
487 20
488 9
489 46
490 13
491 7
492 0
493 74
494 6
495 14
496 12
497 5
498 37
499 14
500 17
501 13
502 12
503 5
504 1
505 14
506 23
507 4
508 2
509 65
510 6
511 9
512 26
513 44
514 23
515 28
516 16
517 10
518 0
519 10
520 50
521 43
522 1
523 6
524 11
525 1
526 0
527 4
528 18
529 5
530 0
531 7
532 33
533 40
534 3
535 30
536 31
537 5
538 4
539 21
540 3
541 0
542 4
543 32
544 33
545 0
546 16
547 0
548 24
549 1
550 11
551 3
552 27
553 0
554 50
555 41
556 9
557 4
558 11
559 25
560 8
561 21
562 8
563 0
564 1
565 0
566 0
567 5
568 2
569 0
570 6
571 26
572 16
573 11
574 2
575 22
576 8
577 12
578 14
579 8
580 2
581 1
582 1
583 8
584 22
585 18
586 14
587 5
588 28
589 59
590 2
591 0
592 10
593 2
594 2
595 4
596 4
597 3
598 32
599 45
600 42
601 69
602 13
603 10
604 11
605 4
606 16
607 13
608 0
609 6
610 26
611 10
612 31
613 19
614 51
615 35
616 27
617 1
618 2
619 2
620 6
621 0
622 12
623 7
624 8
625 40
626 15
627 53
628 36
629 24
630 40
631 5
632 8
633 10
634 11
635 8
636 19
637 1
638 10
639 23
640 3
641 21
642 16
643 41
644 10
645 32
646 19
647 2
648 2
649 0
650 0
651 11
652 21
653 10
654 8
655 10
656 8
657 3
658 36
659 28
660 3
661 19
662 2
663 27
664 3
665 2
666 18
667 18
668 0
669 11
670 16
671 34
672 5
673 2
674 4
675 2
676 24
677 34
678 20
679 14
680 37
681 35
682 0
683 8
684 4
685 0
686 4
687 0
688 0
689 10
690 41
691 25
692 14
693 0
694 4
695 7
696 7
697 4
698 3
699 13
700 7
701 9
702 18
703 0
704 0
705 30
706 43
707 19
708 2
709 23
710 2
711 0
712 3
713 3
714 0
715 2
716 16
717 58
718 26
719 25
720 52
721 12
722 5
723 0
724 11
725 7
726 14
727 9
728 9
729 23
730 12
731 25
732 5
733 17
734 17
735 7
736 20
737 19
738 38
739 42
740 20
741 10
742 0
743 8
744 24
745 0
746 0
747 0
748 26
749 0
750 66
751 1
752 30
753 7
754 18
755 2
756 8
757 6
758 9
759 0
760 16
761 7
762 15
763 5
764 45
765 0
766 13
767 12
768 0
769 9
770 44
771 6
772 3
773 0
774 9
775 16
776 13
777 11
778 12
779 3
780 0
781 3
782 12
783 6
784 14
785 7
786 26
787 17
788 3
789 41
790 5
791 0
792 10
793 20
794 20
795 0
796 23
797 28
798 13
799 8
800 6
801 0
802 6
803 0
804 1
805 1
806 44
807 16
808 12
809 31
810 18
811 3
812 11
813 15
814 5
815 0
816 0
817 0
818 9
819 33
820 32
821 0
822 17
823 19
824 3
825 13
826 6
827 25
828 17
829 10
830 9
831 12
832 16
833 23
834 22
835 9
836 14
837 5
838 6
839 2
840 0
841 3
842 2
843 0
844 7
845 14
846 14
847 27
848 17
849 4
850 24
851 1
852 19
853 5
854 0
855 11
856 6
857 25
858 23
859 3
860 3
861 8
862 21
863 6
864 8
865 15
866 4
867 12
868 0
869 0
870 2
871 3
872 0
873 1
874 0
875 0
876 4
877 41
878 13
879 13
880 58
881 37
882 5
883 4
884 18
885 1
886 3
887 1
888 10
889 58
890 8
891 5
892 13
893 5
894 6
895 13
896 6
897 14
898 3
899 3
900 0
901 0
902 4
903 72
904 29
905 6
906 29
907 39
908 29
909 2
910 3
911 18
912 0
913 1
914 11
915 22
916 1
917 12
918 28
919 6
920 24
921 30
922 13
923 2
924 4
925 1
926 4
927 12
928 0
929 1
930 19
931 50
932 16
933 47
934 23
935 37
936 4
937 3
938 22
939 9
940 29
941 12
942 0
943 2
944 27
945 34
946 12
947 0
948 1
949 22
950 14
951 1
952 11
953 29
954 11
955 53
956 57
957 11
958 10
959 18
960 9
961 1
962 5
963 18
964 23
965 3
966 15
967 14
968 16
969 37
970 16
971 0
972 15
973 25
974 10
975 21
976 3
977 1
978 64
979 9
980 64
981 63
982 11
983 5
984 34
985 34
986 8
987 4
988 0
989 0
990 0
991 7
992 7
993 42
994 17
995 10
996 13
997 2
998 0
999 13
1000 7
1001 16
1002 30
1003 0
1004 0
1005 0
1006 0
1007 23
1008 47
1009 0
1010 6
1011 2
1012 2
1013 0
1014 0
1015 1
1016 11
1017 37
1018 4
1019 31
1020 21
1021 42
1022 27
1023 13
1024 14
1025 7
1026 19
1027 49
1028 11
1029 4
1030 4
1031 27
1032 0
1033 2
1034 8
1035 18
1036 7
1037 3
1038 38
1039 22
1040 37
1041 19
1042 1
1043 0
1044 5
1045 10
1046 18
1047 12
1048 18
1049 1
1050 4
1051 0
1052 0
1053 0
1054 2
1055 6
1056 9
1057 15
1058 22
1059 41
1060 36
1061 0
1062 0
1063 0
1064 0
1065 4
1066 3
1067 8
1068 1
1069 10
1070 9
1071 3
1072 39
1073 15
1074 26
1075 0
1076 4
1077 0
1078 17
1079 4
1080 27
1081 14
1082 6
1083 14
1084 10
1085 4
1086 0
1087 5
1088 0
1089 0
1090 31
1091 44
1092 34
1093 51
1094 24
1095 0
1096 9
1097 2
1098 9
1099 44
1100 0
1101 3
1102 2
1103 6
1104 3
1105 4
1106 47
1107 54
1108 8
1109 0
1110 87
1111 25
1112 3
1113 18
1114 27
1115 0
1116 1
1117 4
1118 5
1119 37
1120 27
1121 24
1122 4
1123 1
1124 7
1125 3
1126 0
1127 0
1128 13
1129 19
1130 1
1131 0
1132 0
1133 16
1134 8
1135 5
1136 0
1137 0
1138 0
1139 22
1140 91
1141 58
1142 20
1143 0
1144 3
1145 0
1146 5
1147 0
1148 3
1149 32
1150 64
1151 6
1152 7
1153 9
1154 14
1155 53
1156 36
1157 25
1158 6
1159 0
1160 5
1161 3
1162 13
1163 0
1164 0
1165 0
1166 9
1167 15
1168 35
1169 0
1170 32
1171 0
1172 1
1173 8
1174 1
1175 2
1176 23
1177 41
1178 7
1179 42
1180 3
1181 25
1182 19
1183 36
1184 16
1185 29
1186 15
1187 12
1188 2
1189 0
1190 0
1191 13
1192 0
1193 2
1194 2
1195 2
1196 7
1197 1
1198 13
1199 15
1200 7
1201 0
1202 0
1203 34
1204 2
1205 0
1206 8
1207 1
1208 11
1209 7
1210 29
1211 21
1212 64
1213 3
1214 16
1215 33
1216 16
1217 60
1218 27
1219 6
1220 20
1221 12
1222 4
1223 13
1224 17
1225 2
1226 7
1227 2
1228 14
1229 29
1230 7
1231 1
1232 7
1233 16
1234 16
1235 56
1236 10
1237 8
1238 22
1239 0
1240 7
1241 0
1242 1
1243 24
1244 0
1245 11
1246 7
1247 22
1248 43
1249 61
1250 4
1251 32
1252 50
1253 62
1254 98
1255 16
1256 8
1257 3
1258 29
1259 3
1260 10
1261 3
1262 12
1263 14
1264 33
1265 22
1266 0
1267 4
1268 2
1269 0
1270 1
1271 7
1272 12
1273 0
1274 78
1275 36
1276 2
1277 6
1278 6
1279 10
1280 0
1281 1
1282 0
1283 0
1284 0
1285 0
1286 19
1287 47
1288 11
1289 40
1290 33
1291 35
1292 15
1293 17
1294 249
1295 93
1296 7
1297 2
1298 12
1299 33
1300 0
1301 0
1302 9
1303 17
1304 44
1305 10
1306 8
1307 29
1308 22
1309 20
1310 4
1311 14
1312 0
1313 0
1314 0
1315 41
1316 35
1317 37
1318 47
1319 47
1320 0
1321 78
1322 39
1323 7
1324 8
1325 10
1326 1
1327 5
1328 0
1329 8
1330 6
1331 11
1332 47
1333 14
1334 6
1335 12
1336 0
1337 28
1338 26
1339 90
1340 109
1341 20
1342 7
1343 24
1344 39
1345 7
1346 6
1347 5
1348 0
1349 7
1350 46
1351 4
1352 2
1353 39
1354 5
1355 28
1356 16
1357 6
1358 6
1359 25
1360 2
1361 0
1362 0
1363 18
1364 56
1365 66
1366 15
1367 19
1368 18
1369 46
1370 38
1371 35
1372 0
1373 6
1374 0
1375 0
1376 1
1377 3
1378 9
1379 46
1380 0
1381 6
1382 8
1383 9
1384 23
1385 12
1386 30
1387 88
1388 24
1389 3
1390 29
1391 22
1392 5
1393 7
1394 4
1395 12
1396 17
1397 12
1398 0
1399 4
1400 34
1401 21
1402 17
1403 24
1404 18
1405 6
1406 8
1407 26
1408 23
1409 27
1410 26
1411 10
1412 12
1413 0
1414 6
1415 2
1416 25
1417 31
1418 22
1419 43
1420 19
1421 60
1422 13
1423 0
1424 4
1425 0
1426 8
1427 19
1428 58
1429 101
1430 55
1431 72
1432 50
1433 19
1434 26
1435 30
1436 22
1437 52
1438 1
1439 0
1440 12
1441 14
1442 82
1443 11
1444 13
1445 34
1446 49
1447 9
1448 10
1449 7
1450 5
1451 55
1452 10
1453 32
1454 21
1455 3
1456 14
1457 63
1458 3
1459 58
1460 15
1461 11
1462 5
1463 11
1464 0
1465 10
1466 14
1467 13
1468 3
1469 2
1470 1
1471 0
1472 4
1473 2
1474 2
1475 19
1476 81
1477 139
1478 61
1479 40
1480 59
1481 49
1482 15
1483 37
1484 21
1485 0
1486 8
1487 0
1488 26
1489 21
1490 100
1491 29
1492 11
1493 21
1494 31
1495 5
1496 39
1497 53
1498 7
1499 13
1500 34
1501 9
1502 10
1503 6
1504 26
1505 47
1506 6
1507 17
1508 36
1509 13
1510 15
1511 2
1512 3
1513 6
1514 62
1515 22
1516 11
1517 2
1518 0
1519 0
1520 0
1521 1
1522 2
1523 2
1524 26
1525 75
1526 56
1527 159
1528 131
1529 80
1530 30
1531 0
1532 9
1533 45
1534 3
1535 27
1536 15
1537 15
1538 31
1539 20
1540 1
1541 20
1542 4
1543 15
1544 92
1545 58
1546 58
1547 25
1548 7
1549 24
1550 41
1551 10
1552 10
1553 14
1554 8
1555 8
1556 54
1557 89
1558 11
1559 11
1560 16
1561 59
1562 34
1563 31
1564 0
1565 2
1566 16
1567 12
1568 38
1569 0
1570 2
1571 8
1572 115
1573 233
1574 71
1575 7
1576 76
1577 35
1578 22
1579 51
1580 62
1581 26
1582 30
1583 25
1584 16
1585 4
1586 0
1587 16
1588 40
1589 4
1590 82
1591 26
1592 19
1593 21
1594 18
1595 63
1596 46
1597 6
1598 1
1599 6
1600 61
1601 17
1602 59
1603 7
1604 3
1605 0
1606 0
1607 7
1608 0
1609 1
1610 0
1611 0
1612 18
1613 21
1614 13
1615 1
1616 27
1617 114
1618 80
1619 130
1620 67
1621 96
1622 94
1623 36
1624 24
1625 3
1626 64
1627 39
1628 15
1629 39
1630 20
1631 18
1632 27
1633 23
1634 32
1635 8
1636 10
1637 17
1638 17
1639 17
1640 33
1641 9
1642 0
1643 1
1644 4
1645 61
1646 130
1647 22
1648 42
1649 17
1650 13
1651 0
1652 106
1653 3
1654 16
1655 47
1656 44
1657 11
1658 20
1659 28
1660 16
1661 18
1662 20
1663 6
1664 25
1665 33
1666 28
1667 53
1668 48
1669 1
1670 10
1671 13
1672 0
1673 4
1674 0
1675 0
1676 1
1677 113
1678 81
1679 63
1680 66
1681 0
1682 39
1683 38
1684 20
1685 47
1686 32
1687 8
1688 19
1689 28
1690 12
1691 27
1692 7
1693 19
1694 26
1695 0
1696 15
1697 3
1698 6
1699 6
1700 4
1701 60
1702 7
1703 19
1704 0
1705 0
1706 5
1707 14
1708 1
1709 22
1710 110
1711 27
1712 20
1713 16
1714 15
1715 46
1716 39
1717 20
1718 7
1719 0
1720 1
1721 16
1722 5
1723 3
1724 0
1725 6
1726 14
1727 10
1728 38
1729 32
1730 2
1731 2
1732 2
1733 14
1734 5
1735 1
1736 11
1737 20
1738 46
1739 40
1740 25
1741 9
1742 38
1743 2
1744 16
1745 28
1746 14
1747 0
1748 1
1749 3
1750 11
1751 28
1752 35
1753 3
1754 0
1755 10
1756 6
1757 7
1758 16
1759 0
1760 1
1761 42
1762 9
1763 22
1764 18
1765 20
1766 11
1767 39
1768 25
1769 1
1770 5
1771 0
1772 21
1773 35
1774 19
1775 14
1776 15
1777 20
1778 30
1779 0
1780 5
1781 0
1782 21
1783 0
1784 6
1785 9
1786 1
1787 24
1788 13
1789 5
1790 17
1791 1
1792 0
1793 12
1794 1
1795 0
1796 5
1797 43
1798 46
1799 80
1800 71
1801 23
1802 20
1803 7
1804 0
1805 65
1806 65
1807 14
1808 18
1809 1
1810 26
1811 9
1812 6
1813 9
1814 8
1815 9
1816 8
1817 0
1818 11
1819 2
1820 20
1821 12
1822 11
1823 11
1824 42
1825 13
1826 5
1827 16
1828 23
1829 33
1830 2
1831 29
1832 8
1833 28
1834 5
1835 32
1836 14
1837 3
1838 14
1839 6
1840 11
1841 11
1842 5
1843 17
1844 45
1845 32
1846 12
1847 11
1848 30
1849 50
1850 4
1851 3
1852 4
1853 23
1854 8
1855 26
1856 16
1857 6
1858 44
1859 51
1860 11
1861 32
1862 34
1863 1
1864 13
1865 4
1866 15
1867 125
1868 29
1869 19
1870 4
1871 17
1872 56
1873 31
1874 8
1875 4
1876 5
1877 14
1878 19
1879 12
1880 0
1881 33
1882 49
1883 56
1884 32
1885 12
1886 5
1887 6
1888 0
1889 21
1890 32
1891 7
1892 21
1893 24
1894 83
1895 80
1896 31
1897 9
1898 6
1899 5
1900 37
1901 25
1902 3
1903 58
1904 15
1905 28
1906 15
1907 24
1908 13
1909 15
1910 14
1911 25
1912 41
1913 19
1914 4
1915 0
1916 1
1917 28
1918 17
1919 27
1920 9
1921 20
1922 4
1923 25
1924 23
1925 22
1926 4
1927 5
1928 5
1929 7
1930 11
1931 20
1932 8
1933 2
1934 12
1935 25
1936 31
1937 3
1938 2
1939 8
1940 30
1941 20
1942 58
1943 45
1944 8
1945 8
1946 10
1947 0
1948 12
1949 9
1950 10
1951 31
1952 17
1953 33
1954 13
1955 47
1956 7
1957 14
1958 27
1959 12
1960 9
1961 3
1962 0
1963 5
1964 52
1965 56
1966 3
1967 33
1968 42
1969 29
1970 12
1971 21
1972 43
1973 5
1974 11
1975 30
1976 11
1977 0
1978 2
1979 1
1980 24
1981 45
1982 19
1983 7
1984 8
1985 44
1986 20
1987 0
1988 4
1989 30
1990 13
1991 19
1992 17
1993 8
1994 18
1995 47
1996 67
1997 25
1998 13
1999 27
2000 24
2001 0
2002 3
2003 14
2004 44
2005 22
2006 12
2007 12
2008 14
2009 17
2010 20
2011 27
2012 3
2013 4
2014 24
2015 25
2016 46
2017 57
2018 2
2019 38
2020 14
2021 10
2022 9
2023 46
2024 59
2025 2
2026 14
2027 11
2028 12
2029 8
2030 28
2031 30
2032 25
2033 8
2034 20
2035 37
2036 47
2037 17
2038 14
2039 11
2040 9
2041 5
2042 9
2043 35
2044 8
2045 15
2046 15
2047 14
2048 43
2049 46
2050 31
2051 33
2052 3
2053 3
2054 25
2055 63
2056 11
2057 16
2058 14
2059 17
2060 13
2061 30
2062 18
2063 16
2064 5
2065 2
2066 29
2067 19
2068 0
2069 32
2070 7
2071 20
2072 38
2073 35
2074 20
2075 27
2076 42
2077 10
2078 0
2079 5
2080 26
2081 42
2082 30
2083 0
2084 11
2085 11
2086 25
2087 19
2088 27
2089 24
2090 15
2091 13
2092 10
2093 9
2094 17
2095 63
2096 12
2097 72
2098 34
2099 17
2100 11
2101 5
2102 0
2103 53
2104 41
2105 23
2106 1
2107 0
2108 7
2109 5
2110 38
2111 26
2112 32
2113 17
2114 12
2115 26
2116 17
2117 15
2118 49
2119 51
2120 9
2121 9
2122 2
2123 2
2124 41
2125 4
2126 29
2127 23
2128 40
2129 11
2130 17
2131 40
2132 50
2133 6
2134 0
2135 4
2136 1
2137 33
2138 62
2139 0
2140 3
2141 0
2142 1
2143 0
2144 29
2145 35
2146 11
2147 5
2148 55
2149 17
2150 58
2151 0
2152 30
2153 38
2154 29
2155 9
2156 2
2157 3
2158 2
2159 13
2160 50
2161 48
2162 0
2163 3
2164 7
2165 34
2166 16
2167 14
2168 7
2169 18
2170 6
2171 6
2172 25
2173 16
2174 0
2175 14
2176 0
2177 20
2178 3
2179 10
2180 4
2181 14
2182 8
2183 16
2184 5
2185 0
2186 0
2187 26
2188 13
2189 8
2190 27
2191 26
2192 6
2193 29
2194 3
2195 2
2196 0
2197 7
2198 2
2199 12
2200 8
2201 14
2202 21
2203 35
2204 4
2205 35
2206 0
2207 7
2208 1
2209 17
2210 11
2211 24
2212 60
2213 42
2214 8
2215 9
2216 1
2217 4
2218 0
2219 0
2220 21
2221 0
2222 1
2223 9
2224 17
2225 5
2226 2
2227 34
2228 25
2229 28
2230 32
2231 3
2232 11
2233 0
2234 1
2235 5
2236 2
2237 11
2238 4
2239 0
2240 0
2241 3
2242 1
2243 42
2244 20
2245 5
2246 6
2247 33
2248 50
2249 7
2250 43
2251 16
2252 7
2253 0
2254 41
2255 24
2256 28
2257 9
2258 0
2259 3
2260 30
2261 3
2262 0
2263 0
2264 0
2265 9
2266 49
2267 38
2268 35
2269 47
2270 48
2271 26
2272 2
2273 4
2274 62
2275 44
2276 22
2277 46
2278 13
2279 5
2280 0
2281 38
2282 44
2283 5
2284 0
2285 5
2286 21
2287 6
2288 8
2289 12
2290 0
2291 54
2292 3
2293 1
2294 43
2295 38
2296 10
2297 19
2298 13
2299 2
2300 19
2301 31
2302 16
2303 2
2304 9
2305 2
2306 5
2307 16
2308 48
2309 16
2310 13
2311 11
2312 11
2313 9
2314 21
2315 9
2316 47
2317 19
2318 1
2319 6
2320 31
2321 23
2322 14
2323 0
2324 0
2325 3
2326 43
2327 72
2328 13
2329 3
2330 4
2331 1
2332 6
2333 8
2334 0
2335 84
2336 12
2337 0
2338 12
2339 21
2340 20
2341 6
2342 0
2343 0
2344 15
2345 28
2346 0
2347 26
2348 2
2349 16
2350 14
2351 32
2352 31
2353 50
2354 24
2355 7
2356 19
2357 6
2358 1
2359 0
2360 1
2361 0
2362 0
2363 38
2364 37
2365 4
2366 28
2367 25
2368 5
2369 20
2370 28
2371 20
2372 17
2373 10
2374 1
2375 23
2376 27
2377 0
2378 0
2379 4
2380 6
2381 1
2382 40
2383 27
2384 13
2385 55
2386 12
2387 37
2388 66
2389 37
2390 28
2391 46
2392 5
2393 7
2394 41
2395 14
2396 3
2397 1
2398 41
2399 1
2400 4
2401 18
2402 78
2403 5
2404 13
2405 31
2406 42
2407 0
2408 17
2409 22
2410 16
2411 33
2412 20
2413 2
2414 0
2415 8
2416 3
2417 7
2418 1
2419 23
2420 40
2421 39
2422 77
2423 14
2424 22
2425 28
2426 39
2427 49
2428 48
2429 6
2430 1
2431 0
2432 27
2433 0
2434 3
2435 12
2436 13
2437 9
2438 58
2439 7
2440 16
2441 45
2442 43
2443 21
2444 19
2445 23
2446 2
2447 0
2448 0
2449 21
2450 2
2451 5
2452 4
2453 1
2454 14
2455 13
2456 25
2457 17
2458 3
2459 15
2460 4
2461 0
2462 0
2463 1
2464 14
2465 76
2466 15
2467 0
2468 4
2469 7
2470 12
2471 9
2472 9
2473 2
2474 0
2475 1
2476 0
2477 4
2478 20
2479 2
2480 8
2481 12
2482 3
2483 8
2484 15
2485 22
2486 9
2487 27
2488 5
2489 8
2490 1
2491 0
2492 0
2493 0
2494 10
2495 18
2496 7
2497 13
2498 2
2499 14
2500 6
2501 6
2502 6
2503 39
2504 0
2505 0
2506 3
2507 0
2508 0
2509 6
2510 4
2511 4
2512 0
2513 11
2514 0
2515 0
2516 3
2517 0
2518 0
2519 1
2520 6
2521 3
2522 3
2523 13
2524 0
2525 0
2526 20
2527 9
2528 0
2529 3
2530 6
2531 1
2532 1
2533 1
2534 29
2535 38
2536 9
2537 8
2538 16
2539 2
2540 0
2541 3
2542 48
2543 11
2544 15
2545 35
2546 4
2547 2
2548 9
2549 6
2550 2
2551 0
2552 15
2553 19
2554 8
2555 0
2556 0
2557 0
2558 6
2559 7
2560 19
2561 18
2562 2
2563 17
2564 2
2565 4
2566 6
2567 3
2568 4
2569 1
2570 3
2571 2
2572 0
2573 6
2574 0
2575 18
2576 0
2577 0
2578 1
2579 0
2580 0
2581 0
2582 0
2583 0
2584 0
2585 0
2586 0
2587 0
2588 0
2589 0
2590 0
2591 0
2592 0
2593 0
2594 0
2595 0
2596 0
2597 0
2598 0
