0 50
1 0
2 63
3 0
4 125
5 103
6 0
7 0
8 0
9 142
10 57
11 50
12 64
13 56
14 56
15 97
16 55
17 115
18 53
19 56
20 0
21 56
22 120
23 53
24 0
25 123
26 48
27 0
28 140
29 75
30 0
31 49
32 0
33 59
34 187
35 59
36 106
37 98
38 55
39 52
40 58
41 0
42 54
43 58
44 61
45 0
46 52
47 0
48 95
49 56
50 59
51 98
52 58
53 56
54 55
55 54
56 55
57 57
58 57
59 59
60 106
61 55
62 55
63 138
64 54
65 56
66 115
67 54
68 56
69 0
70 56
71 54
72 0
73 0
74 55
75 57
76 48
77 57
78 113
79 56
80 56
81 0
82 96
83 53
84 115
85 0
86 59
87 54
88 59
89 68
90 51
91 80
92 58
93 97
94 54
95 0
96 55
97 53
98 183
99 52
100 0
101 167
102 65
103 55
104 55
105 129
106 140
107 68
108 82
109 54
110 52
111 130
112 54
113 51
114 59
115 57
116 99
117 54
118 116
119 66
120 0
121 130
122 57
123 51
124 56
125 0
126 65
127 69
128 52
129 54
130 50
131 52
132 74
133 0
134 161
135 112
136 56
137 56
138 56
139 100
140 66
141 57
142 74
143 49
144 0
145 111
146 55
147 67
148 96
149 55
150 103
151 0
152 0
153 53
154 52
155 53
156 56
157 66
158 54
159 58
160 78
161 63
162 0
163 107
164 97
165 55
166 57
167 57
168 107
169 109
170 123
171 56
172 57
173 53
174 57
175 57
176 51
177 48
178 170
179 0
180 58
181 131
182 57
183 116
184 56
185 61
186 103
187 98
188 96
189 52
190 100
191 0
192 0
193 0
194 0
195 0
196 139
197 57
198 102
199 56
200 53
201 152
202 56
203 59
204 61
205 105
206 118
207 103
208 97
209 0
210 97
211 130
212 129
213 114
214 0
215 57
216 58
217 114
218 54
219 103
220 65
221 105
222 65
223 57
224 67
225 55
226 94
227 65
228 0
229 53
230 0
231 0
232 0
233 47
234 0
235 96
236 0
237 72
238 130
239 58
240 116
241 65
242 51
243 56
244 101
245 53
246 56
247 0
248 155
249 187
250 103
251 98
252 96
253 0
254 60
255 57
256 54
257 61
258 132
259 103
260 0
261 0
262 91
263 103
264 137
265 129
266 114
267 108
268 52
269 0
270 101
271 71
272 53
273 0
274 101
275 72
276 53
277 115
278 54
279 69
280 109
281 0
282 53
283 53
284 54
285 56
286 113
287 121
288 96
289 78
290 60
291 57
292 53
293 52
294 54
295 54
296 113
297 57
298 102
299 127
300 95
301 58
302 73
303 51
304 183
305 54
306 59
307 52
308 0
309 54
310 110
311 101
312 73
313 143
314 55
315 55
316 64
317 56
318 140
319 70
320 55
321 55
322 115
323 73
324 0
325 135
326 75
327 133
328 125
329 0
330 133
331 52
332 118
333 54
334 149
335 59
336 60
337 115
338 57
339 54
340 0
341 0
342 110
343 0
344 60
345 0
346 53
347 106
348 97
349 108
350 62
351 52
352 104
353 52
354 0
355 74
356 0
357 114
358 0
359 132
360 137
361 118
362 66
363 56
364 0
365 0
366 111
367 57
368 54
369 113
370 164
371 60
372 108
373 64
374 55
375 55
376 103
377 0
378 71
379 56
380 94
381 0
382 56
383 0
384 101
385 69
386 0
387 0
388 126
389 100
390 138
391 98
392 54
393 0
394 100
395 55
396 76
397 54
398 0
399 60
400 126
401 95
402 101
403 97
404 57
405 118
406 114
407 127
408 118
409 0
410 56
411 55
412 56
413 66
414 64
415 108
416 147
417 122
418 68
419 109
420 98
421 57
422 113
423 126
424 55
425 103
426 97
427 52
428 110
429 0
430 54
431 50
432 60
433 128
434 0
435 79
436 129
437 59
438 51
439 139
440 114
441 127
442 53
443 55
444 54
445 58
446 118
447 57
448 57
449 100
450 56
451 58
452 53
453 56
454 105
455 52
456 55
457 53
458 58
459 0
460 48
461 58
462 60
463 50
464 53
465 56
466 114
467 144
468 55
469 57
470 56
471 121
472 104
473 102
474 52
475 71
476 115
477 58
478 54
479 57
480 52
481 116
482 54
483 107
484 103
485 114
486 117
487 98
488 56
489 120
490 127
491 66
492 56
493 53
494 56
495 66
496 55
497 55
498 56
499 99
500 59
501 54
502 59
503 55
504 56
505 56
506 57
507 104
508 53
509 55
510 103
511 56
512 55
513 57
514 117
515 118
516 54
517 76
518 0
519 60
520 62
521 52
522 0
523 63
524 53
525 101
526 0
527 54
528 60
529 51
530 74
531 57
532 98
533 53
534 57
535 97
536 127
537 86
538 52
539 58
540 59
541 112
542 54
543 55
544 73
545 58
546 54
547 0
548 97
549 0
550 58
551 54
552 82
553 59
554 119
555 69
556 67
557 54
558 72
559 57
560 55
561 57
562 59
563 72
564 0
565 0
566 0
567 57
568 54
569 44
570 87
571 121
572 132
573 132
574 103
575 60
576 62
577 55
578 95
579 56
580 53
581 0
582 54
583 64
584 64
585 64
586 75
587 54
588 74
589 59
590 114
591 54
592 58
593 55
594 103
595 59
596 54
597 95
598 124
599 58
600 54
601 106
602 50
603 115
604 100
605 52
606 55
607 60
608 56
609 55
610 81
611 56
612 64
613 57
614 56
615 54
616 53
617 0
618 58
619 57
620 57
621 0
622 61
623 54
624 57
625 57
626 54
627 111
628 50
629 53
630 76
631 59
632 60
633 57
634 53
635 58
636 59
637 0
638 114
639 66
640 61
641 63
642 59
643 61
644 54
645 57
646 59
647 136
648 56
649 0
650 0
651 59
652 59
653 56
654 143
655 144
656 124
657 120
658 56
659 59
660 117
661 99
662 57
663 63
664 109
665 70
666 66
667 115
668 98
669 55
670 52
671 159
672 70
673 52
674 64
675 63
676 56
677 67
678 69
679 76
680 71
681 58
682 54
683 54
684 53
685 57
686 64
687 0
688 0
689 155
690 131
691 54
692 114
693 0
694 117
695 56
696 103
697 99
698 67
699 57
700 73
701 121
702 74
703 56
704 174
705 101
706 107
707 60
708 0
709 72
710 54
711 0
712 117
713 60
714 0
715 252
716 138
717 53
718 113
719 49
720 56
721 55
722 58
723 0
724 60
725 56
726 76
727 57
728 103
729 118
730 116
731 83
732 52
733 55
734 54
735 54
736 56
737 56
738 67
739 54
740 75
741 57
742 116
743 52
744 56
745 53
746 0
747 0
748 69
749 72
750 91
751 113
752 55
753 74
754 126
755 137
756 110
757 119
758 55
759 75
760 55
761 57
762 56
763 69
764 67
765 52
766 54
767 55
768 0
769 56
770 56
771 57
772 55
773 0
774 54
775 97
776 117
777 117
778 58
779 0
780 0
781 100
782 108
783 117
784 73
785 105
786 52
787 51
788 109
789 70
790 117
791 70
792 54
793 56
794 117
795 0
796 57
797 58
798 70
799 55
800 53
801 0
802 60
803 0
804 0
805 109
806 120
807 100
808 57
809 54
810 117
811 132
812 181
813 53
814 135
815 58
816 0
817 0
818 68
819 77
820 59
821 60
822 56
823 118
824 158
825 148
826 135
827 116
828 55
829 59
830 56
831 57
832 57
833 54
834 115
835 69
836 56
837 55
838 59
839 54
840 0
841 75
842 51
843 0
844 321
845 51
846 116
847 58
848 77
849 178
850 59
851 0
852 113
853 57
854 50
855 113
856 55
857 124
858 117
859 56
860 69
861 57
862 54
863 158
864 54
865 74
866 55
867 58
868 113
869 72
870 57
871 52
872 0
873 64
874 0
875 0
876 114
877 56
878 68
879 125
880 66
881 178
882 118
883 55
884 114
885 0
886 118
887 55
888 114
889 117
890 53
891 74
892 111
893 55
894 58
895 107
896 71
897 58
898 54
899 52
900 0
901 131
902 102
903 127
904 101
905 55
906 116
907 55
908 59
909 0
910 55
911 140
912 0
913 122
914 119
915 118
916 49
917 113
918 58
919 117
920 56
921 57
922 62
923 62
924 54
925 52
926 61
927 93
928 0
929 0
930 52
931 62
932 79
933 116
934 107
935 117
936 99
937 53
938 140
939 113
940 92
941 52
942 0
943 52
944 112
945 111
946 55
947 53
948 0
949 73
950 54
951 44
952 190
953 146
954 116
955 56
956 75
957 154
958 128
959 102
960 58
961 114
962 110
963 128
964 53
965 116
966 116
967 60
968 114
969 65
970 53
971 0
972 111
973 51
974 54
975 58
976 74
977 55
978 111
979 105
980 60
981 54
982 145
983 174
984 54
985 124
986 73
987 102
988 0
989 0
990 52
991 72
992 116
993 99
994 109
995 57
996 54
997 54
998 55
999 132
1000 178
1001 55
1002 74
1003 0
1004 0
1005 0
1006 0
1007 117
1008 63
1009 0
1010 53
1011 151
1012 57
1013 0
1014 0
1015 0
1016 139
1017 108
1018 55
1019 54
1020 99
1021 129
1022 126
1023 72
1024 109
1025 161
1026 131
1027 127
1028 54
1029 56
1030 70
1031 55
1032 0
1033 50
1034 116
1035 174
1036 56
1037 167
1038 55
1039 57
1040 57
1041 73
1042 52
1043 71
1044 192
1045 50
1046 55
1047 57
1048 124
1049 108
1050 57
1051 0
1052 0
1053 0
1054 130
1055 53
1056 112
1057 72
1058 52
1059 115
1060 55
1061 116
1062 0
1063 96
1064 0
1065 100
1066 54
1067 89
1068 187
1069 56
1070 56
1071 53
1072 54
1073 57
1074 55
1075 65
1076 153
1077 0
1078 56
1079 119
1080 137
1081 72
1082 157
1083 65
1084 56
1085 53
1086 0
1087 74
1088 0
1089 0
1090 54
1091 155
1092 56
1093 55
1094 49
1095 54
1096 49
1097 55
1098 161
1099 95
1100 0
1101 101
1102 52
1103 54
1104 53
1105 56
1106 72
1107 52
1108 55
1109 0
1110 52
1111 68
1112 146
1113 166
1114 151
1115 54
1116 0
1117 155
1118 48
1119 57
1120 120
1121 66
1122 58
1123 54
1124 145
1125 67
1126 53
1127 0
1128 55
1129 125
1130 0
1131 0
1132 0
1133 63
1134 55
1135 110
1136 0
1137 0
1138 0
1139 60
1140 99
1141 55
1142 121
1143 0
1144 131
1145 0
1146 53
1147 0
1148 98
1149 136
1150 112
1151 76
1152 52
1153 54
1154 56
1155 155
1156 103
1157 105
1158 53
1159 158
1160 57
1161 54
1162 58
1163 0
1164 0
1165 0
1166 136
1167 53
1168 57
1169 119
1170 78
1171 184
1172 0
1173 52
1174 48
1175 129
1176 127
1177 181
1178 101
1179 132
1180 122
1181 110
1182 54
1183 125
1184 58
1185 74
1186 101
1187 62
1188 55
1189 0
1190 0
1191 67
1192 65
1193 0
1194 54
1195 51
1196 55
1197 0
1198 53
1199 56
1200 50
1201 0
1202 0
1203 57
1204 101
1205 111
1206 117
1207 182
1208 133
1209 110
1210 67
1211 118
1212 116
1213 136
1214 149
1215 55
1216 98
1217 65
1218 56
1219 131
1220 111
1221 120
1222 124
1223 52
1224 59
1225 98
1226 66
1227 56
1228 64
1229 56
1230 60
1231 57
1232 53
1233 76
1234 57
1235 143
1236 69
1237 70
1238 118
1239 0
1240 56
1241 0
1242 56
1243 101
1244 0
1245 54
1246 115
1247 51
1248 59
1249 127
1250 109
1251 56
1252 101
1253 266
1254 106
1255 129
1256 57
1257 127
1258 54
1259 153
1260 55
1261 51
1262 55
1263 53
1264 56
1265 58
1266 57
1267 56
1268 58
1269 53
1270 59
1271 52
1272 74
1273 49
1274 109
1275 53
1276 49
1277 51
1278 73
1279 75
1280 0
1281 139
1282 0
1283 0
1284 0
1285 0
1286 72
1287 94
1288 59
1289 125
1290 188
1291 57
1292 110
1293 107
1294 161
1295 104
1296 67
1297 53
1298 166
1299 55
1300 52
1301 0
1302 57
1303 56
1304 55
1305 51
1306 53
1307 53
1308 56
1309 53
1310 54
1311 115
1312 0
1313 0
1314 0
1315 144
1316 56
1317 70
1318 59
1319 74
1320 53
1321 63
1322 71
1323 113
1324 51
1325 119
1326 118
1327 147
1328 0
1329 116
1330 119
1331 53
1332 117
1333 54
1334 118
1335 58
1336 116
1337 106
1338 119
1339 58
1340 59
1341 56
1342 128
1343 66
1344 102
1345 55
1346 57
1347 56
1348 59
1349 53
1350 66
1351 56
1352 52
1353 57
1354 55
1355 64
1356 61
1357 58
1358 51
1359 113
1360 56
1361 0
1362 0
1363 113
1364 54
1365 60
1366 136
1367 116
1368 142
1369 117
1370 69
1371 71
1372 0
1373 113
1374 125
1375 0
1376 105
1377 113
1378 51
1379 57
1380 109
1381 73
1382 66
1383 113
1384 101
1385 56
1386 109
1387 104
1388 165
1389 105
1390 52
1391 262
1392 98
1393 59
1394 57
1395 115
1396 53
1397 58
1398 0
1399 114
1400 72
1401 54
1402 58
1403 117
1404 56
1405 98
1406 102
1407 73
1408 113
1409 55
1410 56
1411 57
1412 70
1413 0
1414 54
1415 60
1416 115
1417 51
1418 54
1419 106
1420 115
1421 103
1422 112
1423 106
1424 111
1425 137
1426 53
1427 58
1428 101
1429 144
1430 57
1431 54
1432 120
1433 53
1434 60
1435 68
1436 136
1437 104
1438 0
1439 0
1440 90
1441 54
1442 54
1443 58
1444 57
1445 56
1446 56
1447 58
1448 55
1449 76
1450 58
1451 57
1452 125
1453 102
1454 56
1455 171
1456 58
1457 53
1458 50
1459 56
1460 68
1461 75
1462 51
1463 76
1464 0
1465 55
1466 95
1467 52
1468 55
1469 116
1470 118
1471 0
1472 121
1473 52
1474 59
1475 118
1476 109
1477 53
1478 153
1479 118
1480 65
1481 122
1482 152
1483 70
1484 101
1485 0
1486 106
1487 118
1488 107
1489 54
1490 54
1491 54
1492 50
1493 53
1494 54
1495 58
1496 56
1497 53
1498 58
1499 121
1500 58
1501 67
1502 74
1503 50
1504 55
1505 59
1506 54
1507 124
1508 67
1509 52
1510 55
1511 53
1512 49
1513 54
1514 56
1515 95
1516 121
1517 53
1518 0
1519 0
1520 111
1521 112
1522 70
1523 56
1524 55
1525 122
1526 123
1527 174
1528 115
1529 114
1530 103
1531 114
1532 126
1533 125
1534 155
1535 140
1536 51
1537 55
1538 60
1539 57
1540 52
1541 58
1542 56
1543 57
1544 57
1545 62
1546 71
1547 60
1548 54
1549 50
1550 76
1551 57
1552 75
1553 99
1554 75
1555 55
1556 127
1557 77
1558 55
1559 53
1560 52
1561 76
1562 52
1563 67
1564 0
1565 65
1566 109
1567 65
1568 143
1569 0
1570 52
1571 54
1572 114
1573 59
1574 57
1575 56
1576 53
1577 54
1578 61
1579 119
1580 74
1581 70
1582 59
1583 123
1584 98
1585 57
1586 52
1587 55
1588 56
1589 55
1590 58
1591 58
1592 53
1593 57
1594 54
1595 50
1596 53
1597 73
1598 115
1599 52
1600 147
1601 124
1602 72
1603 65
1604 57
1605 0
1606 66
1607 55
1608 0
1609 0
1610 63
1611 0
1612 115
1613 98
1614 51
1615 110
1616 50
1617 115
1618 119
1619 52
1620 121
1621 116
1622 154
1623 51
1624 59
1625 106
1626 98
1627 65
1628 53
1629 132
1630 57
1631 57
1632 56
1633 55
1634 55
1635 67
1636 56
1637 96
1638 57
1639 129
1640 54
1641 57
1642 53
1643 117
1644 116
1645 49
1646 54
1647 50
1648 52
1649 52
1650 119
1651 111
1652 52
1653 114
1654 118
1655 118
1656 107
1657 57
1658 53
1659 60
1660 57
1661 56
1662 54
1663 57
1664 67
1665 74
1666 56
1667 66
1668 118
1669 52
1670 71
1671 69
1672 0
1673 55
1674 0
1675 51
1676 68
1677 156
1678 59
1679 54
1680 65
1681 113
1682 112
1683 136
1684 54
1685 54
1686 79
1687 65
1688 82
1689 115
1690 173
1691 56
1692 56
1693 57
1694 54
1695 57
1696 57
1697 58
1698 61
1699 55
1700 55
1701 52
1702 61
1703 73
1704 0
1705 0
1706 131
1707 67
1708 0
1709 119
1710 119
1711 55
1712 110
1713 175
1714 164
1715 61
1716 51
1717 113
1718 192
1719 53
1720 52
1721 95
1722 139
1723 57
1724 57
1725 56
1726 53
1727 55
1728 54
1729 68
1730 55
1731 72
1732 49
1733 55
1734 115
1735 51
1736 73
1737 180
1738 114
1739 60
1740 54
1741 100
1742 117
1743 58
1744 74
1745 53
1746 65
1747 0
1748 67
1749 110
1750 52
1751 75
1752 58
1753 53
1754 96
1755 115
1756 57
1757 109
1758 100
1759 0
1760 104
1761 183
1762 57
1763 70
1764 114
1765 57
1766 58
1767 118
1768 134
1769 0
1770 53
1771 105
1772 51
1773 101
1774 108
1775 56
1776 119
1777 58
1778 117
1779 57
1780 55
1781 0
1782 56
1783 134
1784 119
1785 170
1786 99
1787 61
1788 103
1789 113
1790 56
1791 0
1792 56
1793 112
1794 103
1795 0
1796 104
1797 117
1798 59
1799 52
1800 59
1801 51
1802 54
1803 111
1804 57
1805 73
1806 57
1807 53
1808 68
1809 93
1810 101
1811 57
1812 51
1813 61
1814 73
1815 102
1816 64
1817 0
1818 118
1819 46
1820 57
1821 60
1822 54
1823 116
1824 115
1825 119
1826 58
1827 114
1828 118
1829 51
1830 100
1831 132
1832 54
1833 101
1834 57
1835 55
1836 55
1837 58
1838 56
1839 54
1840 156
1841 116
1842 56
1843 54
1844 122
1845 98
1846 114
1847 99
1848 108
1849 50
1850 51
1851 124
1852 52
1853 99
1854 57
1855 59
1856 54
1857 113
1858 55
1859 56
1860 53
1861 54
1862 56
1863 52
1864 76
1865 68
1866 98
1867 57
1868 50
1869 65
1870 51
1871 104
1872 118
1873 57
1874 54
1875 57
1876 56
1877 70
1878 55
1879 116
1880 55
1881 56
1882 51
1883 51
1884 56
1885 53
1886 53
1887 53
1888 46
1889 102
1890 52
1891 49
1892 58
1893 102
1894 101
1895 57
1896 54
1897 67
1898 50
1899 100
1900 128
1901 101
1902 102
1903 56
1904 53
1905 65
1906 64
1907 51
1908 51
1909 52
1910 52
1911 68
1912 53
1913 53
1914 57
1915 56
1916 102
1917 54
1918 55
1919 55
1920 54
1921 62
1922 103
1923 55
1924 54
1925 115
1926 55
1927 52
1928 68
1929 116
1930 112
1931 54
1932 73
1933 52
1934 53
1935 55
1936 162
1937 67
1938 50
1939 57
1940 60
1941 66
1942 56
1943 112
1944 59
1945 57
1946 57
1947 53
1948 56
1949 55
1950 50
1951 121
1952 57
1953 102
1954 52
1955 102
1956 104
1957 52
1958 105
1959 102
1960 54
1961 110
1962 0
1963 61
1964 54
1965 50
1966 115
1967 65
1968 56
1969 51
1970 50
1971 51
1972 51
1973 56
1974 53
1975 49
1976 109
1977 0
1978 51
1979 55
1980 116
1981 55
1982 54
1983 53
1984 52
1985 55
1986 54
1987 121
1988 101
1989 57
1990 113
1991 133
1992 117
1993 50
1994 54
1995 53
1996 54
1997 54
1998 55
1999 57
2000 55
2001 0
2002 52
2003 55
2004 56
2005 56
2006 97
2007 99
2008 54
2009 59
2010 53
2011 119
2012 101
2013 117
2014 102
2015 116
2016 59
2017 63
2018 54
2019 60
2020 53
2021 56
2022 51
2023 52
2024 56
2025 56
2026 54
2027 51
2028 51
2029 53
2030 56
2031 50
2032 123
2033 119
2034 101
2035 108
2036 58
2037 57
2038 54
2039 108
2040 62
2041 66
2042 72
2043 115
2044 54
2045 58
2046 51
2047 52
2048 61
2049 55
2050 55
2051 53
2052 59
2053 50
2054 55
2055 59
2056 66
2057 119
2058 101
2059 115
2060 102
2061 104
2062 135
2063 57
2064 67
2065 117
2066 107
2067 51
2068 0
2069 58
2070 59
2071 50
2072 54
2073 57
2074 53
2075 52
2076 54
2077 52
2078 0
2079 53
2080 53
2081 53
2082 71
2083 56
2084 72
2085 67
2086 56
2087 118
2088 97
2089 53
2090 52
2091 52
2092 115
2093 102
2094 54
2095 54
2096 54
2097 53
2098 72
2099 50
2100 54
2101 55
2102 0
2103 53
2104 54
2105 54
2106 0
2107 0
2108 62
2109 53
2110 121
2111 55
2112 103
2113 58
2114 108
2115 70
2116 119
2117 55
2118 54
2119 54
2120 134
2121 61
2122 130
2123 102
2124 56
2125 49
2126 54
2127 53
2128 99
2129 57
2130 58
2131 74
2132 52
2133 100
2134 0
2135 56
2136 95
2137 118
2138 53
2139 103
2140 54
2141 0
2142 0
2143 46
2144 52
2145 57
2146 56
2147 54
2148 69
2149 55
2150 55
2151 66
2152 50
2153 67
2154 98
2155 59
2156 61
2157 104
2158 55
2159 56
2160 73
2161 68
2162 0
2163 47
2164 56
2165 55
2166 57
2167 53
2168 54
2169 50
2170 53
2171 123
2172 58
2173 111
2174 0
2175 56
2176 58
2177 102
2178 54
2179 52
2180 55
2181 51
2182 50
2183 54
2184 55
2185 0
2186 0
2187 68
2188 55
2189 55
2190 51
2191 68
2192 122
2193 53
2194 48
2195 54
2196 0
2197 54
2198 52
2199 108
2200 58
2201 56
2202 50
2203 50
2204 55
2205 56
2206 53
2207 52
2208 112
2209 111
2210 57
2211 120
2212 111
2213 53
2214 53
2215 111
2216 56
2217 55
2218 133
2219 53
2220 53
2221 0
2222 0
2223 58
2224 118
2225 53
2226 52
2227 49
2228 128
2229 54
2230 131
2231 50
2232 130
2233 60
2234 0
2235 141
2236 148
2237 133
2238 58
2239 0
2240 0
2241 57
2242 0
2243 52
2244 54
2245 100
2246 73
2247 125
2248 97
2249 114
2250 98
2251 122
2252 74
2253 57
2254 136
2255 121
2256 129
2257 323
2258 50
2259 57
2260 58
2261 51
2262 55
2263 123
2264 52
2265 72
2266 52
2267 54
2268 56
2269 75
2270 117
2271 104
2272 0
2273 61
2274 55
2275 120
2276 141
2277 121
2278 104
2279 123
2280 53
2281 51
2282 54
2283 49
2284 0
2285 57
2286 57
2287 52
2288 57
2289 55
2290 111
2291 112
2292 69
2293 0
2294 54
2295 55
2296 57
2297 130
2298 107
2299 0
2300 103
2301 50
2302 126
2303 0
2304 191
2305 52
2306 112
2307 119
2308 55
2309 52
2310 65
2311 114
2312 112
2313 109
2314 54
2315 109
2316 53
2317 107
2318 0
2319 114
2320 122
2321 55
2322 52
2323 0
2324 0
2325 53
2326 53
2327 53
2328 49
2329 111
2330 65
2331 54
2332 55
2333 124
2334 123
2335 116
2336 53
2337 52
2338 106
2339 108
2340 52
2341 55
2342 0
2343 0
2344 53
2345 52
2346 53
2347 53
2348 52
2349 57
2350 53
2351 152
2352 125
2353 51
2354 115
2355 53
2356 56
2357 56
2358 68
2359 0
2360 0
2361 50
2362 0
2363 58
2364 51
2365 52
2366 54
2367 110
2368 55
2369 60
2370 109
2371 115
2372 113
2373 122
2374 116
2375 126
2376 127
2377 0
2378 0
2379 108
2380 61
2381 0
2382 138
2383 52
2384 51
2385 55
2386 132
2387 120
2388 182
2389 54
2390 55
2391 133
2392 135
2393 72
2394 126
2395 68
2396 56
2397 0
2398 47
2399 55
2400 100
2401 51
2402 50
2403 321
2404 56
2405 52
2406 181
2407 55
2408 72
2409 55
2410 52
2411 114
2412 54
2413 131
2414 0
2415 61
2416 50
2417 100
2418 72
2419 50
2420 48
2421 54
2422 171
2423 107
2424 56
2425 111
2426 51
2427 57
2428 111
2429 56
2430 0
2431 52
2432 112
2433 0
2434 51
2435 52
2436 55
2437 53
2438 53
2439 54
2440 68
2441 54
2442 52
2443 54
2444 121
2445 55
2446 53
2447 0
2448 0
2449 72
2450 50
2451 53
2452 53
2453 136
2454 134
2455 130
2456 52
2457 106
2458 136
2459 57
2460 129
2461 89
2462 0
2463 49
2464 55
2465 106
2466 50
2467 0
2468 61
2469 104
2470 127
2471 50
2472 97
2473 0
2474 0
2475 0
2476 0
2477 52
2478 55
2479 57
2480 59
2481 123
2482 53
2483 54
2484 52
2485 49
2486 56
2487 111
2488 109
2489 116
2490 0
2491 0
2492 0
2493 0
2494 57
2495 57
2496 52
2497 50
2498 52
2499 49
2500 52
2501 52
2502 53
2503 119
2504 46
2505 0
2506 161
2507 0
2508 49
2509 53
2510 53
2511 60
2512 71
2513 51
2514 0
2515 0
2516 56
2517 0
2518 0
2519 139
2520 54
2521 67
2522 127
2523 62
2524 0
2525 0
2526 98
2527 55
2528 0
2529 145
2530 53
2531 81
2532 95
2533 0
2534 116
2535 180
2536 140
2537 70
2538 53
2539 52
2540 0
2541 65
2542 112
2543 54
2544 55
2545 73
2546 116
2547 50
2548 105
2549 116
2550 124
2551 0
2552 98
2553 51
2554 56
2555 0
2556 0
2557 127
2558 104
2559 55
2560 52
2561 57
2562 53
2563 54
2564 109
2565 47
2566 96
2567 126
2568 52
2569 54
2570 53
2571 53
2572 0
2573 144
2574 0
2575 105
2576 49
2577 0
2578 0
2579 0
2580 0
