0 326
1 995
2 378
3 676
4 737
5 586
6 443
7 354
8 1152
9 869
10 385
11 338
12 382
13 335
14 356
15 594
16 331
17 708
18 355
19 353
20 348
21 335
22 695
23 334
24 905
25 745
26 320
27 328
28 849
29 449
30 356
31 328
32 1138
33 377
34 1140
35 352
36 714
37 590
38 343
39 340
40 351
41 330
42 347
43 352
44 398
45 761
46 335
47 774
48 646
49 341
50 332
51 611
52 346
53 336
54 338
55 345
56 331
57 341
58 354
59 343
60 618
61 355
62 343
63 810
64 338
65 346
66 708
67 337
68 329
69 852
70 358
71 332
72 931
73 1033
74 344
75 346
76 338
77 334
78 704
79 349
80 355
81 835
82 593
83 335
84 721
85 618
86 348
87 343
88 347
89 432
90 330
91 615
92 329
93 595
94 325
95 334
96 318
97 353
98 1145
99 348
100 350
101 1003
102 423
103 335
104 343
105 787
106 856
107 427
108 488
109 340
110 339
111 779
112 372
113 323
114 359
115 342
116 586
117 338
118 698
119 409
120 324
121 798
122 350
123 333
124 353
125 343
126 401
127 392
128 336
129 319
130 324
131 344
132 454
133 788
134 952
135 700
136 336
137 357
138 339
139 610
140 403
141 332
142 448
143 328
144 334
145 784
146 343
147 401
148 594
149 348
150 605
151 0
152 722
153 339
154 333
155 339
156 342
157 396
158 355
159 348
160 444
161 393
162 709
163 680
164 601
165 336
166 348
167 348
168 599
169 627
170 760
171 349
172 342
173 331
174 362
175 348
176 335
177 312
178 1051
179 453
180 347
181 783
182 352
183 719
184 333
185 347
186 605
187 609
188 589
189 350
190 605
191 642
192 589
193 333
194 962
195 617
196 853
197 350
198 668
199 344
200 316
201 931
202 354
203 352
204 346
205 627
206 719
207 608
208 600
209 343
210 620
211 778
212 786
213 724
214 384
215 354
216 354
217 676
218 343
219 626
220 403
221 610
222 407
223 341
224 406
225 348
226 604
227 401
228 345
229 335
230 598
231 764
232 0
233 325
234 0
235 593
236 676
237 453
238 785
239 358
240 727
241 392
242 324
243 349
244 618
245 329
246 343
247 725
248 927
249 1143
250 583
251 602
252 599
253 824
254 339
255 339
256 349
257 392
258 798
259 670
260 379
261 347
262 602
263 615
264 824
265 756
266 762
267 670
268 337
269 327
270 601
271 448
272 323
273 0
274 608
275 441
276 338
277 673
278 360
279 438
280 669
281 335
282 324
283 333
284 334
285 349
286 681
287 702
288 592
289 478
290 342
291 328
292 337
293 326
294 387
295 341
296 673
297 358
298 604
299 794
300 579
301 345
302 447
303 1127
304 1095
305 349
306 345
307 339
308 698
309 335
310 667
311 624
312 456
313 848
314 342
315 330
316 371
317 339
318 859
319 449
320 338
321 331
322 738
323 448
324 683
325 819
326 446
327 837
328 781
329 854
330 831
331 325
332 703
333 334
334 866
335 348
336 340
337 717
338 337
339 334
340 590
341 343
342 722
343 599
344 353
345 595
346 331
347 613
348 618
349 672
350 406
351 327
352 619
353 347
354 354
355 434
356 440
357 665
358 700
359 792
360 824
361 711
362 410
363 337
364 329
365 343
366 667
367 350
368 344
369 677
370 1023
371 379
372 664
373 417
374 333
375 349
376 603
377 815
378 442
379 348
380 590
381 453
382 337
383 673
384 611
385 412
386 587
387 609
388 761
389 605
390 823
391 592
392 342
393 599
394 615
395 342
396 445
397 320
398 668
399 349
400 772
401 579
402 604
403 600
404 351
405 766
406 672
407 803
408 737
409 672
410 341
411 337
412 339
413 413
414 410
415 681
416 915
417 764
418 416
419 675
420 608
421 344
422 684
423 776
424 350
425 627
426 545
427 317
428 676
429 336
430 355
431 337
432 338
433 779
434 748
435 447
436 799
437 349
438 330
439 856
440 683
441 781
442 341
443 355
444 334
445 347
446 710
447 347
448 346
449 614
450 352
451 341
452 337
453 353
454 639
455 345
456 338
457 350
458 353
459 347
460 340
461 354
462 350
463 320
464 339
465 343
466 671
467 838
468 340
469 339
470 350
471 741
472 599
473 624
474 355
475 450
476 696
477 343
478 344
479 339
480 340
481 712
482 335
483 623
484 626
485 700
486 697
487 621
488 336
489 716
490 747
491 405
492 343
493 345
494 353
495 404
496 346
497 335
498 351
499 621
500 339
501 334
502 351
503 350
504 347
505 346
506 352
507 623
508 344
509 327
510 617
511 353
512 339
513 358
514 723
515 702
516 353
517 455
518 331
519 353
520 348
521 328
522 335
523 396
524 343
525 649
526 349
527 330
528 354
529 330
530 446
531 350
532 600
533 336
534 346
535 587
536 834
537 506
538 330
539 343
540 342
541 718
542 341
543 341
544 452
545 376
546 338
547 1552
548 595
549 359
550 346
551 348
552 494
553 347
554 739
555 405
556 410
557 338
558 446
559 353
560 329
561 343
562 376
563 450
564 343
565 334
566 0
567 349
568 341
569 334
570 525
571 713
572 804
573 818
574 609
575 386
576 398
577 345
578 579
579 340
580 340
581 583
582 343
583 405
584 396
585 415
586 455
587 341
588 454
589 377
590 669
591 339
592 339
593 355
594 622
595 343
596 340
597 601
598 769
599 352
600 329
601 634
602 348
603 701
604 617
605 349
606 343
607 358
608 347
609 349
610 492
611 312
612 403
613 342
614 349
615 335
616 323
617 339
618 340
619 349
620 342
621 341
622 351
623 341
624 344
625 353
626 344
627 664
628 332
629 333
630 442
631 361
632 333
633 348
634 340
635 352
636 350
637 331
638 702
639 407
640 404
641 407
642 348
643 358
644 326
645 353
646 340
647 784
648 350
649 347
650 345
651 340
652 343
653 344
654 853
655 871
656 721
657 743
658 345
659 350
660 322
661 627
662 347
663 392
664 679
665 445
666 399
667 714
668 587
669 352
670 331
671 994
672 421
673 347
674 406
675 375
676 344
677 407
678 406
679 457
680 449
681 346
682 341
683 346
684 353
685 344
686 361
687 349
688 339
689 925
690 807
691 334
692 723
693 307
694 700
695 345
696 614
697 623
698 395
699 343
700 451
701 735
702 450
703 370
704 1069
705 622
706 609
707 372
708 341
709 453
710 340
711 441
712 708
713 336
714 338
715 1135
716 816
717 343
718 689
719 326
720 335
721 337
722 341
723 402
724 382
725 326
726 439
727 346
728 600
729 732
730 701
731 492
732 330
733 332
734 329
735 331
736 349
737 338
738 372
739 342
740 457
741 359
742 726
743 343
744 353
745 346
746 337
747 349
748 404
749 455
750 562
751 678
752 329
753 447
754 771
755 794
756 656
757 725
758 350
759 452
760 338
761 334
762 335
763 417
764 405
765 336
766 342
767 342
768 358
769 334
770 342
771 346
772 343
773 0
774 337
775 619
776 700
777 724
778 345
779 340
780 346
781 608
782 626
783 709
784 445
785 651
786 338
787 332
788 669
789 435
790 705
791 458
792 344
793 339
794 710
795 0
796 339
797 341
798 413
799 354
800 325
801 337
802 384
803 378
804 455
805 744
806 712
807 596
808 340
809 347
810 717
811 817
812 1138
813 331
814 834
815 341
816 0
817 0
818 404
819 458
820 364
821 377
822 333
823 716
824 946
825 862
826 803
827 702
828 343
829 341
830 348
831 343
832 341
833 343
834 693
835 421
836 339
837 345
838 342
839 347
840 458
841 449
842 327
843 0
844 1460
845 315
846 712
847 355
848 454
849 1115
850 349
851 700
852 667
853 337
854 330
855 703
856 345
857 738
858 735
859 344
860 401
861 342
862 338
863 958
864 327
865 453
866 340
867 337
868 685
869 450
870 345
871 407
872 442
873 396
874 0
875 667
876 703
877 344
878 451
879 774
880 392
881 1123
882 689
883 338
884 696
885 1070
886 733
887 320
888 704
889 712
890 346
891 439
892 669
893 335
894 342
895 670
896 438
897 346
898 336
899 340
900 0
901 861
902 625
903 765
904 620
905 325
906 701
907 348
908 354
909 1880
910 332
911 839
912 706
913 748
914 696
915 740
916 346
917 704
918 350
919 666
920 344
921 337
922 399
923 370
924 337
925 337
926 372
927 580
928 0
929 611
930 352
931 393
932 451
933 682
934 631
935 697
936 614
937 319
938 852
939 698
940 539
941 322
942 0
943 327
944 674
945 704
946 328
947 352
948 699
949 450
950 349
951 320
952 1160
953 938
954 707
955 337
956 457
957 923
958 771
959 596
960 349
961 680
962 681
963 732
964 329
965 1488
966 695
967 350
968 702
969 408
970 329
971 337
972 669
973 324
974 337
975 344
976 450
977 329
978 665
979 656
980 357
981 331
982 863
983 1035
984 343
985 759
986 450
987 618
988 0
989 397
990 346
991 447
992 704
993 610
994 696
995 346
996 330
997 349
998 327
999 800
1000 1064
1001 343
1002 451
1003 453
1004 338
1005 329
1006 350
1007 704
1008 393
1009 367
1010 326
1011 945
1012 347
1013 0
1014 911
1015 1076
1016 874
1017 667
1018 336
1019 328
1020 602
1021 765
1022 734
1023 450
1024 679
1025 951
1026 819
1027 776
1028 331
1029 341
1030 448
1031 339
1032 348
1033 338
1034 709
1035 1023
1036 362
1037 1000
1038 349
1039 353
1040 345
1041 441
1042 335
1043 453
1044 1138
1045 326
1046 337
1047 348
1048 748
1049 746
1050 344
1051 344
1052 335
1053 391
1054 799
1055 341
1056 666
1057 451
1058 338
1059 712
1060 344
1061 710
1062 348
1063 732
1064 0
1065 586
1066 344
1067 565
1068 1138
1069 335
1070 347
1071 344
1072 342
1073 343
1074 349
1075 422
1076 921
1077 728
1078 325
1079 714
1080 796
1081 469
1082 918
1083 407
1084 335
1085 329
1086 334
1087 463
1088 993
1089 856
1090 334
1091 957
1092 331
1093 329
1094 314
1095 323
1096 317
1097 321
1098 972
1099 584
1100 709
1101 627
1102 339
1103 340
1104 326
1105 336
1106 452
1107 328
1108 336
1109 560
1110 331
1111 400
1112 992
1113 1000
1114 882
1115 321
1116 371
1117 950
1118 328
1119 348
1120 738
1121 414
1122 345
1123 329
1124 848
1125 404
1126 317
1127 331
1128 357
1129 754
1130 345
1131 401
1132 343
1133 411
1134 344
1135 667
1136 0
1137 0
1138 329
1139 351
1140 606
1141 341
1142 732
1143 808
1144 804
1145 701
1146 336
1147 442
1148 664
1149 812
1150 691
1151 454
1152 346
1153 354
1154 352
1155 937
1156 629
1157 613
1158 331
1159 978
1160 361
1161 353
1162 348
1163 443
1164 701
1165 920
1166 841
1167 348
1168 337
1169 716
1170 450
1171 1088
1172 680
1173 326
1174 317
1175 812
1176 754
1177 1124
1178 618
1179 803
1180 723
1181 700
1182 332
1183 765
1184 326
1185 452
1186 605
1187 367
1188 344
1189 343
1190 322
1191 407
1192 414
1193 451
1194 345
1195 345
1196 333
1197 330
1198 324
1199 348
1200 332
1201 812
1202 608
1203 357
1204 605
1205 697
1206 707
1207 1075
1208 797
1209 673
1210 399
1211 701
1212 709
1213 834
1214 887
1215 333
1216 598
1217 394
1218 345
1219 776
1220 667
1221 681
1222 745
1223 322
1224 380
1225 605
1226 399
1227 316
1228 404
1229 344
1230 348
1231 345
1232 331
1233 454
1234 341
1235 823
1236 421
1237 428
1238 712
1239 449
1240 350
1241 711
1242 333
1243 617
1244 623
1245 329
1246 705
1247 321
1248 342
1249 776
1250 1090
1251 343
1252 625
1253 1546
1254 651
1255 787
1256 347
1257 781
1258 334
1259 914
1260 348
1261 327
1262 343
1263 331
1264 347
1265 355
1266 340
1267 336
1268 346
1269 345
1270 382
1271 323
1272 449
1273 322
1274 673
1275 351
1276 329
1277 321
1278 442
1279 447
1280 437
1281 891
1282 877
1283 872
1284 861
1285 400
1286 454
1287 572
1288 351
1289 711
1290 1152
1291 342
1292 665
1293 687
1294 937
1295 611
1296 409
1297 341
1298 1026
1299 332
1300 327
1301 334
1302 348
1303 354
1304 351
1305 346
1306 310
1307 355
1308 331
1309 353
1310 330
1311 713
1312 346
1313 458
1314 333
1315 876
1316 341
1317 452
1318 370
1319 440
1320 320
1321 386
1322 415
1323 703
1324 327
1325 696
1326 736
1327 857
1328 865
1329 697
1330 696
1331 332
1332 698
1333 344
1334 702
1335 356
1336 696
1337 613
1338 718
1339 348
1340 340
1341 334
1342 788
1343 409
1344 614
1345 341
1346 352
1347 349
1348 390
1349 333
1350 385
1351 1547
1352 315
1353 348
1354 344
1355 408
1356 356
1357 344
1358 336
1359 706
1360 343
1361 621
1362 350
1363 698
1364 355
1365 347
1366 833
1367 696
1368 826
1369 703
1370 399
1371 429
1372 857
1373 707
1374 732
1375 1033
1376 609
1377 708
1378 326
1379 346
1380 717
1381 450
1382 399
1383 705
1384 625
1385 329
1386 617
1387 628
1388 998
1389 642
1390 327
1391 1615
1392 591
1393 328
1394 337
1395 704
1396 338
1397 333
1398 322
1399 700
1400 449
1401 343
1402 329
1403 697
1404 345
1405 592
1406 605
1407 454
1408 665
1409 323
1410 344
1411 342
1412 439
1413 0
1414 346
1415 411
1416 703
1417 334
1418 321
1419 623
1420 709
1421 618
1422 702
1423 705
1424 699
1425 929
1426 315
1427 359
1428 611
1429 881
1430 347
1431 344
1432 728
1433 329
1434 362
1435 406
1436 808
1437 612
1438 338
1439 345
1440 593
1441 331
1442 358
1443 336
1444 342
1445 343
1446 347
1447 340
1448 335
1449 456
1450 337
1451 345
1452 778
1453 611
1454 345
1455 1053
1456 344
1457 325
1458 317
1459 339
1460 402
1461 439
1462 325
1463 452
1464 401
1465 339
1466 594
1467 332
1468 326
1469 703
1470 701
1471 704
1472 767
1473 339
1474 353
1475 717
1476 668
1477 335
1478 963
1479 735
1480 395
1481 730
1482 932
1483 417
1484 618
1485 804
1486 620
1487 739
1488 669
1489 325
1490 361
1491 337
1492 335
1493 343
1494 336
1495 347
1496 339
1497 345
1498 351
1499 694
1500 342
1501 413
1502 456
1503 323
1504 349
1505 347
1506 322
1507 779
1508 406
1509 337
1510 345
1511 350
1512 322
1513 323
1514 346
1515 623
1516 700
1517 328
1518 326
1519 0
1520 704
1521 697
1522 454
1523 342
1524 350
1525 737
1526 726
1527 1049
1528 709
1529 702
1530 614
1531 712
1532 772
1533 783
1534 947
1535 875
1536 325
1537 329
1538 332
1539 344
1540 343
1541 345
1542 354
1543 344
1544 351
1545 379
1546 445
1547 355
1548 337
1549 331
1550 451
1551 334
1552 450
1553 613
1554 448
1555 318
1556 799
1557 449
1558 350
1559 341
1560 342
1561 455
1562 323
1563 411
1564 442
1565 417
1566 666
1567 416
1568 875
1569 710
1570 339
1571 325
1572 718
1573 385
1574 355
1575 341
1576 344
1577 351
1578 375
1579 707
1580 431
1581 437
1582 362
1583 739
1584 604
1585 329
1586 338
1587 347
1588 324
1589 330
1590 353
1591 330
1592 339
1593 351
1594 341
1595 315
1596 315
1597 449
1598 693
1599 334
1600 878
1601 713
1602 429
1603 399
1604 344
1605 330
1606 411
1607 350
1608 318
1609 324
1610 450
1611 449
1612 694
1613 623
1614 326
1615 698
1616 327
1617 703
1618 708
1619 377
1620 710
1621 695
1622 921
1623 327
1624 354
1625 644
1626 602
1627 424
1628 319
1629 816
1630 347
1631 336
1632 354
1633 346
1634 348
1635 410
1636 353
1637 582
1638 355
1639 799
1640 345
1641 335
1642 330
1643 692
1644 707
1645 332
1646 338
1647 326
1648 317
1649 318
1650 701
1651 718
1652 334
1653 702
1654 706
1655 708
1656 621
1657 348
1658 326
1659 345
1660 344
1661 333
1662 342
1663 340
1664 415
1665 456
1666 330
1667 402
1668 713
1669 328
1670 418
1671 443
1672 332
1673 348
1674 703
1675 323
1676 413
1677 956
1678 349
1679 333
1680 420
1681 707
1682 701
1683 844
1684 328
1685 342
1686 476
1687 404
1688 511
1689 677
1690 1044
1691 350
1692 336
1693 344
1694 317
1695 346
1696 336
1697 340
1698 351
1699 313
1700 323
1701 328
1702 366
1703 448
1704 618
1705 609
1706 789
1707 423
1708 346
1709 703
1710 725
1711 344
1712 703
1713 1052
1714 983
1715 365
1716 321
1717 689
1718 1145
1719 346
1720 320
1721 607
1722 816
1723 330
1724 348
1725 335
1726 341
1727 338
1728 335
1729 413
1730 319
1731 448
1732 321
1733 351
1734 709
1735 322
1736 457
1737 1072
1738 714
1739 347
1740 333
1741 610
1742 706
1743 326
1744 437
1745 324
1746 406
1747 326
1748 406
1749 668
1750 336
1751 443
1752 339
1753 324
1754 603
1755 694
1756 319
1757 676
1758 607
1759 326
1760 600
1761 1073
1762 342
1763 413
1764 703
1765 332
1766 345
1767 722
1768 774
1769 601
1770 328
1771 646
1772 317
1773 630
1774 673
1775 343
1776 723
1777 331
1778 697
1779 349
1780 326
1781 434
1782 328
1783 804
1784 694
1785 1017
1786 632
1787 351
1788 626
1789 697
1790 320
1791 324
1792 343
1793 700
1794 620
1795 0
1796 647
1797 701
1798 341
1799 332
1800 348
1801 333
1802 327
1803 718
1804 330
1805 462
1806 346
1807 326
1808 405
1809 592
1810 616
1811 341
1812 314
1813 339
1814 418
1815 612
1816 410
1817 612
1818 718
1819 323
1820 345
1821 337
1822 335
1823 735
1824 711
1825 697
1826 339
1827 700
1828 713
1829 326
1830 618
1831 774
1832 325
1833 624
1834 328
1835 1159
1836 328
1837 339
1838 324
1839 325
1840 904
1841 697
1842 334
1843 330
1844 751
1845 627
1846 711
1847 616
1848 659
1849 338
1850 332
1851 743
1852 318
1853 597
1854 315
1855 329
1856 343
1857 708
1858 332
1859 344
1860 340
1861 348
1862 353
1863 326
1864 444
1865 433
1866 628
1867 365
1868 319
1869 418
1870 329
1871 622
1872 720
1873 331
1874 348
1875 335
1876 353
1877 431
1878 327
1879 698
1880 350
1881 350
1882 318
1883 329
1884 360
1885 328
1886 321
1887 337
1888 329
1889 598
1890 335
1891 318
1892 348
1893 619
1894 627
1895 367
1896 332
1897 398
1898 324
1899 613
1900 765
1901 635
1902 606
1903 333
1904 333
1905 404
1906 407
1907 331
1908 325
1909 318
1910 324
1911 417
1912 319
1913 324
1914 338
1915 343
1916 606
1917 343
1918 337
1919 351
1920 327
1921 342
1922 620
1923 339
1924 313
1925 721
1926 322
1927 330
1928 405
1929 682
1930 670
1931 320
1932 429
1933 318
1934 324
1935 315
1936 951
1937 406
1938 322
1939 344
1940 351
1941 432
1942 343
1943 702
1944 345
1945 347
1946 322
1947 325
1948 333
1949 325
1950 320
1951 711
1952 348
1953 588
1954 327
1955 611
1956 615
1957 320
1958 630
1959 626
1960 335
1961 686
1962 324
1963 367
1964 325
1965 339
1966 702
1967 407
1968 326
1969 331
1970 321
1971 324
1972 327
1973 341
1974 322
1975 328
1976 673
1977 613
1978 1139
1979 337
1980 684
1981 342
1982 319
1983 322
1984 327
1985 320
1986 329
1987 738
1988 608
1989 335
1990 657
1991 785
1992 688
1993 321
1994 323
1995 318
1996 340
1997 339
1998 332
1999 342
2000 345
2001 360
2002 319
2003 347
2004 351
2005 326
2006 607
2007 614
2008 339
2009 348
2010 327
2011 714
2012 599
2013 701
2014 613
2015 697
2016 363
2017 408
2018 328
2019 344
2020 325
2021 346
2022 334
2023 329
2024 338
2025 338
2026 325
2027 319
2028 322
2029 331
2030 355
2031 324
2032 702
2033 703
2034 621
2035 678
2036 362
2037 343
2038 323
2039 674
2040 394
2041 405
2042 446
2043 702
2044 329
2045 335
2046 330
2047 317
2048 361
2049 356
2050 338
2051 328
2052 326
2053 324
2054 344
2055 363
2056 395
2057 716
2058 616
2059 701
2060 603
2061 624
2062 800
2063 339
2064 407
2065 696
2066 622
2067 325
2068 313
2069 339
2070 347
2071 328
2072 323
2073 322
2074 333
2075 335
2076 349
2077 313
2078 320
2079 321
2080 332
2081 336
2082 428
2083 333
2084 418
2085 422
2086 333
2087 704
2088 627
2089 328
2090 333
2091 336
2092 711
2093 621
2094 338
2095 336
2096 321
2097 331
2098 457
2099 316
2100 328
2101 316
2102 317
2103 331
2104 328
2105 328
2106 343
2107 344
2108 349
2109 326
2110 713
2111 326
2112 634
2113 352
2114 663
2115 428
2116 761
2117 339
2118 331
2119 324
2120 805
2121 373
2122 809
2123 607
2124 346
2125 329
2126 344
2127 336
2128 608
2129 350
2130 354
2131 457
2132 323
2133 607
2134 592
2135 327
2136 625
2137 713
2138 324
2139 615
2140 320
2141 316
2142 328
2143 327
2144 330
2145 346
2146 347
2147 315
2148 413
2149 357
2150 361
2151 407
2152 326
2153 422
2154 616
2155 354
2156 345
2157 619
2158 315
2159 330
2160 449
2161 408
2162 323
2163 314
2164 333
2165 312
2166 346
2167 337
2168 338
2169 342
2170 329
2171 747
2172 360
2173 677
2174 716
2175 350
2176 366
2177 630
2178 323
2179 323
2180 328
2181 332
2182 324
2183 334
2184 336
2185 405
2186 338
2187 412
2188 341
2189 310
2190 326
2191 409
2192 739
2193 329
2194 324
2195 331
2196 329
2197 327
2198 317
2199 662
2200 363
2201 318
2202 331
2203 330
2204 345
2205 322
2206 326
2207 322
2208 682
2209 710
2210 355
2211 766
2212 662
2213 328
2214 324
2215 670
2216 320
2217 340
2218 770
2219 322
2220 321
2221 332
2222 875
2223 354
2224 699
2225 324
2226 320
2227 333
2228 784
2229 330
2230 769
2231 331
2232 793
2233 372
2234 330
2235 823
2236 891
2237 789
2238 364
2239 700
2240 328
2241 347
2242 323
2243 316
2244 323
2245 613
2246 399
2247 748
2248 609
2249 697
2250 602
2251 749
2252 444
2253 352
2254 800
2255 783
2256 772
2257 327
2258 327
2259 347
2260 332
2261 326
2262 327
2263 784
2264 327
2265 446
2266 328
2267 326
2268 331
2269 430
2270 722
2271 617
2272 656
2273 351
2274 338
2275 707
2276 830
2277 721
2278 636
2279 739
2280 335
2281 329
2282 327
2283 312
2284 0
2285 359
2286 346
2287 321
2288 331
2289 338
2290 656
2291 670
2292 417
2293 698
2294 318
2295 345
2296 327
2297 783
2298 643
2299 944
2300 619
2301 330
2302 809
2303 932
2304 356
2305 335
2306 665
2307 745
2308 328
2309 326
2310 395
2311 673
2312 654
2313 660
2314 328
2315 670
2316 325
2317 648
2318 641
2319 665
2320 743
2321 321
2322 319
2323 0
2324 321
2325 319
2326 336
2327 340
2328 321
2329 675
2330 412
2331 330
2332 348
2333 758
2334 757
2335 670
2336 318
2337 321
2338 651
2339 640
2340 317
2341 337
2342 322
2343 0
2344 328
2345 321
2346 332
2347 335
2348 330
2349 342
2350 331
2351 867
2352 790
2353 314
2354 694
2355 317
2356 339
2357 342
2358 427
2359 329
2360 334
2361 330
2362 353
2363 349
2364 343
2365 326
2366 320
2367 696
2368 319
2369 350
2370 685
2371 673
2372 684
2373 741
2374 797
2375 776
2376 770
2377 408
2378 341
2379 658
2380 346
2381 324
2382 810
2383 330
2384 326
2385 339
2386 813
2387 695
2388 1136
2389 338
2390 334
2391 812
2392 795
2393 441
2394 745
2395 409
2396 344
2397 333
2398 327
2399 322
2400 627
2401 333
2402 331
2403 331
2404 319
2405 329
2406 1115
2407 331
2408 421
2409 344
2410 319
2411 713
2412 334
2413 791
2414 382
2415 360
2416 318
2417 617
2418 422
2419 324
2420 329
2421 319
2422 1037
2423 634
2424 328
2425 700
2426 333
2427 357
2428 683
2429 325
2430 766
2431 332
2432 675
2433 731
2434 316
2435 336
2436 327
2437 319
2438 322
2439 328
2440 408
2441 322
2442 338
2443 362
2444 749
2445 337
2446 321
2447 807
2448 317
2449 446
2450 326
2451 722
2452 327
2453 789
2454 795
2455 786
2456 323
2457 678
2458 806
2459 339
2460 808
2461 586
2462 1080
2463 332
2464 329
2465 684
2466 318
2467 614
2468 356
2469 623
2470 727
2471 326
2472 609
2473 327
2474 330
2475 811
2476 0
2477 333
2478 347
2479 354
2480 350
2481 772
2482 330
2483 332
2484 322
2485 317
2486 327
2487 669
2488 655
2489 716
2490 1133
2491 331
2492 316
2493 351
2494 330
2495 329
2496 330
2497 321
2498 318
2499 322
2500 338
2501 333
2502 326
2503 731
2504 325
2505 450
2506 972
2507 410
2508 327
2509 319
2510 327
2511 338
2512 417
2513 333
2514 0
2515 349
2516 333
2517 336
2518 0
2519 874
2520 330
2521 392
2522 805
2523 378
2524 862
2525 610
2526 612
2527 346
2528 680
2529 880
2530 319
2531 507
2532 634
2533 1027
2534 701
2535 1090
2536 801
2537 426
2538 325
2539 320
2540 323
2541 420
2542 683
2543 351
2544 349
2545 448
2546 695
2547 316
2548 601
2549 721
2550 725
2551 345
2552 609
2553 325
2554 344
2555 333
2556 726
2557 754
2558 621
2559 348
2560 334
2561 333
2562 347
2563 328
2564 668
2565 322
2566 610
2567 757
2568 336
2569 331
2570 323
2571 339
2572 0
2573 887
2574 349
2575 606
2576 328
2577 326
2578 319
2579 325
2580 320
