0 19
1 0
2 1
3 0
4 5
5 10
6 0
7 0
8 0
9 0
10 3
11 14
12 3
13 9
14 22
15 12
16 19
17 2
18 1
19 41
20 0
21 5
22 3
23 29
24 0
25 12
26 0
27 0
28 1
29 3
30 0
31 1
32 0
33 11
34 1
35 18
36 1
37 4
38 2
39 2
40 0
41 1
42 2
43 1
44 26
45 0
46 0
47 0
48 2
49 18
50 11
51 1
52 13
53 16
54 14
55 0
56 3
57 11
58 17
59 2
60 3
61 20
62 14
63 1
64 0
65 48
66 5
67 12
68 8
69 0
70 3
71 2
72 0
73 1
74 18
75 24
76 0
77 13
78 29
79 29
80 2
81 0
82 12
83 5
84 2
85 1
86 12
87 37
88 35
89 0
90 0
91 1
92 1
93 13
94 2
95 0
96 3
97 22
98 3
99 22
100 0
101 1
102 13
103 18
104 3
105 8
106 22
107 6
108 22
109 16
110 0
111 0
112 8
113 2
114 14
115 5
116 22
117 2
118 1
119 10
120 0
121 8
122 30
123 8
124 3
125 0
126 0
127 4
128 3
129 0
130 3
131 8
132 3
133 0
134 1
135 28
136 14
137 76
138 3
139 3
140 31
141 24
142 4
143 3
144 0
145 0
146 18
147 5
148 24
149 11
150 6
151 0
152 0
153 6
154 6
155 10
156 3
157 7
158 62
159 10
160 4
161 4
162 0
163 11
164 11
165 11
166 17
167 10
168 4
169 4
170 33
171 17
172 5
173 2
174 23
175 55
176 35
177 5
178 10
179 0
180 27
181 2
182 70
183 30
184 15
185 9
186 55
187 51
188 28
189 3
190 6
191 0
192 0
193 0
194 1
195 0
196 27
197 15
198 1
199 25
200 13
201 16
202 4
203 27
204 14
205 41
206 63
207 14
208 8
209 0
210 40
211 0
212 4
213 14
214 0
215 34
216 3
217 5
218 10
219 51
220 9
221 35
222 29
223 34
224 51
225 31
226 28
227 4
228 0
229 4
230 2
231 0
232 0
233 3
234 0
235 6
236 0
237 0
238 14
239 67
240 3
241 70
242 39
243 4
244 38
245 11
246 13
247 1
248 10
249 7
250 5
251 1
252 2
253 0
254 1
255 6
256 99
257 36
258 6
259 0
260 0
261 0
262 2
263 0
264 1
265 5
266 2
267 5
268 2
269 0
270 12
271 21
272 9
273 0
274 2
275 2
276 2
277 1
278 5
279 17
280 1
281 0
282 6
283 62
284 2
285 1
286 6
287 7
288 5
289 3
290 55
291 10
292 74
293 26
294 1
295 15
296 21
297 6
298 11
299 0
300 11
301 8
302 18
303 12
304 65
305 19
306 12
307 28
308 0
309 15
310 12
311 15
312 23
313 3
314 2
315 20
316 20
317 29
318 56
319 0
320 10
321 14
322 4
323 1
324 0
325 1
326 5
327 2
328 0
329 0
330 0
331 13
332 3
333 28
334 37
335 35
336 3
337 12
338 48
339 25
340 0
341 1
342 1
343 1
344 3
345 0
346 6
347 2
348 28
349 8
350 0
351 60
352 8
353 2
354 0
355 0
356 1
357 14
358 0
359 14
360 17
361 47
362 60
363 2
364 0
365 0
366 3
367 8
368 18
369 22
370 7
371 6
372 4
373 8
374 6
375 4
376 13
377 0
378 2
379 14
380 10
381 0
382 14
383 0
384 13
385 20
386 0
387 0
388 16
389 21
390 35
391 22
392 38
393 0
394 22
395 8
396 38
397 10
398 0
399 30
400 2
401 9
402 6
403 7
404 20
405 14
406 38
407 27
408 8
409 1
410 4
411 7
412 15
413 51
414 32
415 2
416 0
417 10
418 1
419 8
420 2
421 2
422 0
423 0
424 26
425 10
426 9
427 4
428 20
429 1
430 45
431 3
432 3
433 6
434 1
435 2
436 41
437 56
438 65
439 26
440 36
441 34
442 15
443 56
444 8
445 8
446 7
447 1
448 25
449 10
450 23
451 11
452 16
453 35
454 37
455 7
456 20
457 48
458 25
459 0
460 0
461 35
462 31
463 20
464 18
465 14
466 1
467 29
468 19
469 36
470 42
471 51
472 30
473 15
474 32
475 8
476 2
477 4
478 1
479 4
480 2
481 6
482 10
483 1
484 24
485 8
486 14
487 24
488 10
489 35
490 11
491 6
492 36
493 61
494 8
495 13
496 9
497 2
498 38
499 11
500 10
501 14
502 7
503 5
504 0
505 16
506 18
507 2
508 0
509 62
510 4
511 7
512 28
513 44
514 17
515 28
516 16
517 11
518 0
519 13
520 51
521 33
522 0
523 8
524 10
525 0
526 1
527 2
528 20
529 4
530 2
531 5
532 34
533 31
534 3
535 27
536 30
537 0
538 3
539 25
540 3
541 4
542 1
543 26
544 27
545 1
546 16
547 0
548 20
549 1
550 11
551 2
552 28
553 32
554 38
555 40
556 6
557 5
558 10
559 18
560 6
561 18
562 6
563 0
564 0
565 0
566 0
567 6
568 3
569 0
570 6
571 19
572 9
573 7
574 2
575 19
576 9
577 9
578 12
579 6
580 0
581 0
582 1
583 8
584 17
585 18
586 12
587 2
588 24
589 52
590 0
591 0
592 11
593 2
594 2
595 6
596 5
597 2
598 0
599 45
600 28
601 71
602 14
603 11
604 7
605 3
606 14
607 17
608 26
609 9
610 20
611 10
612 28
613 19
614 47
615 32
616 25
617 1
618 2
619 1
620 6
621 0
622 8
623 4
624 4
625 37
626 24
627 53
628 31
629 26
630 36
631 6
632 11
633 7
634 13
635 6
636 17
637 0
638 10
639 0
640 0
641 14
642 18
643 0
644 9
645 32
646 19
647 1
648 1
649 0
650 0
651 9
652 19
653 8
654 10
655 8
656 7
657 1
658 33
659 26
660 0
661 16
662 2
663 22
664 3
665 1
666 22
667 14
668 0
669 10
670 15
671 32
672 2
673 3
674 4
675 1
676 22
677 26
678 21
679 18
680 36
681 33
682 1
683 6
684 5
685 14
686 3
687 0
688 0
689 8
690 37
691 23
692 20
693 0
694 5
695 5
696 5
697 5
698 1
699 14
700 9
701 10
702 15
703 2
704 6
705 27
706 37
707 17
708 2
709 21
710 0
711 0
712 0
713 2
714 0
715 0
716 15
717 53
718 22
719 23
720 58
721 11
722 6
723 1
724 9
725 5
726 14
727 10
728 8
729 25
730 11
731 27
732 4
733 13
734 14
735 5
736 20
737 14
738 33
739 40
740 10
741 0
742 0
743 8
744 25
745 1
746 0
747 0
748 24
749 7
750 58
751 1
752 25
753 4
754 20
755 1
756 9
757 4
758 9
759 36
760 15
761 8
762 16
763 5
764 46
765 13
766 14
767 13
768 0
769 7
770 46
771 5
772 2
773 0
774 8
775 16
776 10
777 11
778 11
779 1
780 0
781 3
782 13
783 6
784 13
785 7
786 23
787 15
788 4
789 35
790 5
791 5
792 8
793 21
794 23
795 0
796 22
797 24
798 10
799 6
800 2
801 0
802 6
803 0
804 1
805 0
806 42
807 15
808 10
809 26
810 14
811 5
812 10
813 13
814 4
815 1
816 0
817 0
818 8
819 25
820 33
821 31
822 13
823 19
824 4
825 12
826 0
827 24
828 13
829 8
830 7
831 11
832 18
833 16
834 20
835 8
836 13
837 7
838 6
839 1
840 0
841 1
842 2
843 0
844 8
845 12
846 18
847 25
848 14
849 6
850 23
851 1
852 15
853 4
854 1
855 14
856 3
857 29
858 23
859 4
860 3
861 9
862 21
863 3
864 8
865 13
866 1
867 12
868 3
869 2
870 0
871 2
872 0
873 2
874 0
875 0
876 2
877 35
878 10
879 9
880 50
881 31
882 5
883 3
884 17
885 2
886 3
887 4
888 11
889 61
890 4
891 6
892 11
893 5
894 5
895 9
896 7
897 12
898 2
899 3
900 0
901 0
902 4
903 60
904 31
905 5
906 29
907 38
908 0
909 0
910 1
911 22
912 0
913 0
914 8
915 26
916 1
917 9
918 24
919 8
920 20
921 28
922 11
923 2
924 7
925 2
926 4
927 10
928 0
929 2
930 12
931 44
932 17
933 51
934 17
935 37
936 6
937 7
938 18
939 5
940 31
941 13
942 0
943 1
944 28
945 30
946 11
947 1
948 0
949 26
950 16
951 3
952 13
953 29
954 11
955 47
956 56
957 10
958 4
959 20
960 7
961 1
962 5
963 18
964 18
965 5
966 12
967 8
968 9
969 27
970 14
971 0
972 13
973 29
974 9
975 12
976 3
977 0
978 61
979 10
980 56
981 58
982 9
983 5
984 37
985 28
986 8
987 4
988 0
989 0
990 2
991 5
992 8
993 46
994 24
995 5
996 10
997 2
998 3
999 12
1000 0
1001 13
1002 29
1003 0
1004 0
1005 0
1006 0
1007 23
1008 43
1009 0
1010 7
1011 4
1012 1
1013 0
1014 0
1015 0
1016 9
1017 36
1018 0
1019 27
1020 25
1021 34
1022 25
1023 5
1024 14
1025 4
1026 17
1027 43
1028 10
1029 5
1030 3
1031 20
1032 0
1033 2
1034 6
1035 13
1036 6
1037 2
1038 39
1039 21
1040 32
1041 17
1042 2
1043 11
1044 2
1045 6
1046 17
1047 13
1048 18
1049 2
1050 1
1051 0
1052 0
1053 0
1054 0
1055 7
1056 7
1057 10
1058 22
1059 32
1060 29
1061 7
1062 0
1063 3
1064 0
1065 3
1066 0
1067 8
1068 3
1069 8
1070 8
1071 5
1072 33
1073 13
1074 22
1075 2
1076 2
1077 0
1078 15
1079 3
1080 26
1081 13
1082 4
1083 12
1084 9
1085 4
1086 0
1087 2
1088 0
1089 0
1090 27
1091 40
1092 32
1093 36
1094 19
1095 3
1096 8
1097 3
1098 8
1099 51
1100 0
1101 3
1102 2
1103 6
1104 2
1105 4
1106 48
1107 47
1108 8
1109 0
1110 94
1111 25
1112 2
1113 16
1114 34
1115 3
1116 0
1117 3
1118 4
1119 37
1120 23
1121 23
1122 5
1123 1
1124 5
1125 0
1126 9
1127 0
1128 10
1129 17
1130 0
1131 0
1132 0
1133 11
1134 8
1135 6
1136 0
1137 0
1138 0
1139 25
1140 94
1141 47
1142 19
1143 0
1144 3
1145 0
1146 6
1147 0
1148 0
1149 29
1150 54
1151 5
1152 5
1153 8
1154 14
1155 42
1156 29
1157 22
1158 5
1159 2
1160 5
1161 2
1162 13
1163 0
1164 1
1165 0
1166 9
1167 11
1168 24
1169 4
1170 37
1171 0
1172 0
1173 5
1174 1
1175 1
1176 20
1177 43
1178 7
1179 39
1180 3
1181 23
1182 16
1183 34
1184 10
1185 27
1186 17
1187 11
1188 2
1189 0
1190 0
1191 16
1192 14
1193 0
1194 3
1195 0
1196 2
1197 1
1198 11
1199 12
1200 6
1201 1
1202 0
1203 37
1204 2
1205 1
1206 4
1207 1
1208 11
1209 7
1210 26
1211 20
1212 53
1213 7
1214 14
1215 33
1216 14
1217 52
1218 29
1219 5
1220 20
1221 9
1222 3
1223 13
1224 11
1225 4
1226 8
1227 3
1228 13
1229 23
1230 8
1231 1
1232 6
1233 14
1234 15
1235 53
1236 10
1237 15
1238 17
1239 0
1240 7
1241 0
1242 2
1243 18
1244 0
1245 0
1246 4
1247 17
1248 42
1249 56
1250 4
1251 24
1252 46
1253 58
1254 93
1255 13
1256 11
1257 6
1258 23
1259 3
1260 9
1261 1
1262 6
1263 9
1264 31
1265 24
1266 10
1267 6
1268 0
1269 0
1270 3
1271 7
1272 10
1273 11
1274 76
1275 31
1276 2
1277 5
1278 8
1279 0
1280 0
1281 0
1282 0
1283 0
1284 0
1285 0
1286 23
1287 39
1288 11
1289 35
1290 28
1291 31
1292 14
1293 14
1294 218
1295 78
1296 9
1297 2
1298 9
1299 0
1300 3
1301 0
1302 5
1303 13
1304 43
1305 7
1306 6
1307 22
1308 17
1309 15
1310 0
1311 14
1312 0
1313 0
1314 1
1315 37
1316 36
1317 35
1318 51
1319 41
1320 41
1321 72
1322 44
1323 5
1324 4
1325 11
1326 0
1327 4
1328 0
1329 10
1330 4
1331 11
1332 48
1333 12
1334 3
1335 9
1336 11
1337 31
1338 18
1339 75
1340 105
1341 15
1342 8
1343 24
1344 30
1345 6
1346 3
1347 4
1348 3
1349 9
1350 36
1351 3
1352 1
1353 42
1354 2
1355 14
1356 21
1357 0
1358 6
1359 20
1360 3
1361 0
1362 0
1363 20
1364 54
1365 62
1366 10
1367 22
1368 18
1369 40
1370 30
1371 36
1372 0
1373 5
1374 0
1375 0
1376 1
1377 2
1378 10
1379 36
1380 42
1381 6
1382 6
1383 7
1384 19
1385 9
1386 27
1387 0
1388 25
1389 4
1390 24
1391 20
1392 0
1393 8
1394 0
1395 16
1396 11
1397 8
1398 0
1399 3
1400 29
1401 18
1402 15
1403 0
1404 12
1405 6
1406 8
1407 21
1408 24
1409 26
1410 17
1411 10
1412 5
1413 0
1414 3
1415 2
1416 21
1417 25
1418 16
1419 44
1420 21
1421 57
1422 14
1423 1
1424 5
1425 1
1426 4
1427 21
1428 59
1429 83
1430 48
1431 79
1432 49
1433 16
1434 27
1435 31
1436 23
1437 46
1438 1
1439 0
1440 17
1441 12
1442 74
1443 13
1444 15
1445 32
1446 40
1447 8
1448 11
1449 6
1450 5
1451 53
1452 10
1453 28
1454 19
1455 1
1456 0
1457 45
1458 1
1459 57
1460 17
1461 7
1462 4
1463 9
1464 0
1465 8
1466 11
1467 14
1468 4
1469 4
1470 1
1471 0
1472 2
1473 3
1474 2
1475 17
1476 72
1477 141
1478 49
1479 42
1480 56
1481 50
1482 11
1483 35
1484 23
1485 0
1486 8
1487 1
1488 26
1489 0
1490 88
1491 19
1492 11
1493 0
1494 22
1495 5
1496 35
1497 48
1498 4
1499 14
1500 30
1501 10
1502 15
1503 6
1504 20
1505 40
1506 5
1507 13
1508 33
1509 8
1510 15
1511 2
1512 2
1513 8
1514 54
1515 18
1516 11
1517 1
1518 0
1519 0
1520 0
1521 2
1522 3
1523 1
1524 20
1525 71
1526 49
1527 156
1528 106
1529 68
1530 25
1531 1
1532 12
1533 39
1534 6
1535 23
1536 11
1537 15
1538 26
1539 16
1540 1
1541 21
1542 4
1543 15
1544 88
1545 52
1546 0
1547 27
1548 8
1549 18
1550 37
1551 8
1552 10
1553 14
1554 8
1555 0
1556 47
1557 85
1558 10
1559 10
1560 15
1561 54
1562 28
1563 27
1564 0
1565 3
1566 13
1567 13
1568 35
1569 1
1570 0
1571 8
1572 121
1573 216
1574 73
1575 6
1576 72
1577 33
1578 26
1579 47
1580 59
1581 22
1582 27
1583 18
1584 17
1585 4
1586 0
1587 13
1588 38
1589 4
1590 71
1591 27
1592 17
1593 14
1594 17
1595 54
1596 43
1597 8
1598 2
1599 6
1600 53
1601 19
1602 56
1603 10
1604 4
1605 0
1606 4
1607 8
1608 0
1609 0
1610 1
1611 0
1612 15
1613 21
1614 9
1615 1
1616 22
1617 0
1618 77
1619 127
1620 61
1621 88
1622 77
1623 27
1624 23
1625 3
1626 62
1627 34
1628 14
1629 36
1630 20
1631 20
1632 22
1633 18
1634 35
1635 8
1636 8
1637 18
1638 16
1639 17
1640 33
1641 7
1642 2
1643 0
1644 2
1645 61
1646 0
1647 22
1648 37
1649 16
1650 12
1651 40
1652 88
1653 4
1654 17
1655 41
1656 47
1657 12
1658 24
1659 33
1660 15
1661 20
1662 15
1663 7
1664 20
1665 30
1666 21
1667 48
1668 47
1669 0
1670 11
1671 10
1672 0
1673 1
1674 0
1675 0
1676 1
1677 107
1678 72
1679 56
1680 65
1681 23
1682 32
1683 34
1684 18
1685 33
1686 26
1687 9
1688 0
1689 24
1690 10
1691 21
1692 4
1693 13
1694 20
1695 1
1696 7
1697 2
1698 6
1699 7
1700 2
1701 54
1702 3
1703 13
1704 0
1705 0
1706 0
1707 12
1708 0
1709 17
1710 102
1711 32
1712 22
1713 15
1714 14
1715 43
1716 31
1717 20
1718 10
1719 16
1720 0
1721 11
1722 2
1723 3
1724 6
1725 6
1726 17
1727 8
1728 41
1729 28
1730 2
1731 3
1732 0
1733 12
1734 6
1735 0
1736 9
1737 24
1738 38
1739 35
1740 22
1741 8
1742 34
1743 4
1744 19
1745 22
1746 11
1747 0
1748 2
1749 6
1750 10
1751 21
1752 32
1753 4
1754 2
1755 9
1756 5
1757 7
1758 11
1759 0
1760 1
1761 33
1762 9
1763 17
1764 17
1765 18
1766 11
1767 35
1768 20
1769 0
1770 5
1771 9
1772 20
1773 28
1774 15
1775 9
1776 15
1777 20
1778 32
1779 0
1780 8
1781 0
1782 22
1783 1
1784 7
1785 10
1786 1
1787 20
1788 13
1789 4
1790 14
1791 0
1792 26
1793 11
1794 2
1795 0
1796 5
1797 39
1798 49
1799 75
1800 62
1801 18
1802 22
1803 4
1804 13
1805 62
1806 62
1807 11
1808 19
1809 0
1810 22
1811 11
1812 7
1813 8
1814 0
1815 0
1816 3
1817 0
1818 11
1819 2
1820 16
1821 14
1822 11
1823 9
1824 46
1825 11
1826 5
1827 15
1828 18
1829 34
1830 2
1831 23
1832 7
1833 26
1834 5
1835 30
1836 12
1837 3
1838 13
1839 4
1840 10
1841 10
1842 4
1843 17
1844 46
1845 30
1846 9
1847 16
1848 22
1849 43
1850 6
1851 3
1852 6
1853 23
1854 9
1855 25
1856 14
1857 4
1858 33
1859 41
1860 12
1861 32
1862 32
1863 1
1864 14
1865 5
1866 13
1867 113
1868 27
1869 13
1870 5
1871 15
1872 44
1873 26
1874 10
1875 5
1876 3
1877 13
1878 16
1879 11
1880 0
1881 28
1882 48
1883 50
1884 29
1885 13
1886 4
1887 4
1888 0
1889 26
1890 25
1891 7
1892 16
1893 18
1894 75
1895 72
1896 27
1897 9
1898 5
1899 7
1900 32
1901 18
1902 5
1903 42
1904 13
1905 26
1906 18
1907 22
1908 12
1909 13
1910 15
1911 19
1912 39
1913 20
1914 1
1915 0
1916 3
1917 21
1918 11
1919 29
1920 8
1921 14
1922 3
1923 18
1924 25
1925 23
1926 2
1927 5
1928 4
1929 6
1930 0
1931 17
1932 5
1933 2
1934 7
1935 24
1936 32
1937 4
1938 3
1939 5
1940 25
1941 20
1942 56
1943 42
1944 6
1945 9
1946 10
1947 3
1948 11
1949 9
1950 8
1951 24
1952 13
1953 28
1954 17
1955 38
1956 8
1957 18
1958 22
1959 10
1960 8
1961 4
1962 1
1963 4
1964 49
1965 47
1966 3
1967 27
1968 43
1969 20
1970 9
1971 17
1972 41
1973 4
1974 12
1975 23
1976 8
1977 0
1978 2
1979 1
1980 28
1981 47
1982 16
1983 3
1984 7
1985 42
1986 24
1987 0
1988 3
1989 23
1990 15
1991 16
1992 17
1993 8
1994 19
1995 41
1996 62
1997 22
1998 13
1999 20
2000 26
2001 0
2002 3
2003 11
2004 36
2005 19
2006 10
2007 16
2008 10
2009 13
2010 18
2011 19
2012 4
2013 3
2014 23
2015 23
2016 38
2017 49
2018 3
2019 30
2020 9
2021 10
2022 8
2023 31
2024 49
2025 1
2026 13
2027 11
2028 12
2029 6
2030 20
2031 31
2032 21
2033 7
2034 25
2035 32
2036 42
2037 14
2038 14
2039 11
2040 6
2041 7
2042 7
2043 36
2044 4
2045 14
2046 13
2047 10
2048 34
2049 42
2050 27
2051 28
2052 3
2053 3
2054 19
2055 66
2056 11
2057 7
2058 9
2059 18
2060 12
2061 28
2062 19
2063 19
2064 4
2065 0
2066 31
2067 18
2068 0
2069 31
2070 6
2071 18
2072 40
2073 35
2074 17
2075 18
2076 35
2077 9
2078 0
2079 3
2080 21
2081 46
2082 29
2083 23
2084 10
2085 8
2086 25
2087 19
2088 28
2089 21
2090 16
2091 10
2092 8
2093 10
2094 17
2095 58
2096 16
2097 65
2098 35
2099 16
2100 0
2101 4
2102 0
2103 46
2104 41
2105 19
2106 1
2107 1
2108 7
2109 6
2110 30
2111 23
2112 34
2113 18
2114 13
2115 23
2116 16
2117 11
2118 36
2119 45
2120 8
2121 11
2122 3
2123 3
2124 36
2125 3
2126 27
2127 25
2128 38
2129 11
2130 13
2131 42
2132 41
2133 7
2134 0
2135 0
2136 0
2137 23
2138 49
2139 10
2140 4
2141 0
2142 0
2143 0
2144 29
2145 35
2146 15
2147 6
2148 42
2149 18
2150 50
2151 6
2152 28
2153 39
2154 26
2155 10
2156 3
2157 2
2158 2
2159 15
2160 41
2161 34
2162 0
2163 1
2164 7
2165 0
2166 15
2167 11
2168 8
2169 20
2170 10
2171 2
2172 22
2173 19
2174 1
2175 8
2176 1
2177 0
2178 4
2179 7
2180 5
2181 8
2182 6
2183 14
2184 3
2185 0
2186 0
2187 20
2188 9
2189 9
2190 28
2191 24
2192 9
2193 27
2194 6
2195 0
2196 0
2197 5
2198 2
2199 16
2200 8
2201 15
2202 19
2203 29
2204 4
2205 27
2206 28
2207 9
2208 1
2209 16
2210 10
2211 0
2212 47
2213 41
2214 6
2215 8
2216 1
2217 3
2218 2
2219 3
2220 20
2221 0
2222 0
2223 8
2224 22
2225 5
2226 2
2227 30
2228 25
2229 21
2230 24
2231 2
2232 12
2233 14
2234 0
2235 2
2236 0
2237 10
2238 3
2239 0
2240 0
2241 0
2242 2
2243 37
2244 18
2245 3
2246 9
2247 27
2248 0
2249 8
2250 40
2251 12
2252 8
2253 12
2254 39
2255 19
2256 28
2257 6
2258 1
2259 3
2260 26
2261 6
2262 2
2263 0
2264 1
2265 11
2266 46
2267 36
2268 32
2269 41
2270 47
2271 27
2272 0
2273 5
2274 48
2275 36
2276 0
2277 38
2278 13
2279 0
2280 2
2281 34
2282 47
2283 4
2284 0
2285 3
2286 22
2287 4
2288 9
2289 9
2290 39
2291 58
2292 6
2293 0
2294 42
2295 30
2296 7
2297 14
2298 11
2299 1
2300 19
2301 0
2302 13
2303 1
2304 8
2305 0
2306 6
2307 13
2308 42
2309 16
2310 15
2311 12
2312 7
2313 11
2314 19
2315 11
2316 40
2317 13
2318 0
2319 5
2320 34
2321 21
2322 18
2323 0
2324 0
2325 0
2326 38
2327 58
2328 14
2329 4
2330 3
2331 1
2332 11
2333 9
2334 61
2335 76
2336 9
2337 2
2338 11
2339 21
2340 16
2341 6
2342 0
2343 0
2344 12
2345 32
2346 14
2347 20
2348 3
2349 13
2350 17
2351 34
2352 28
2353 44
2354 25
2355 6
2356 17
2357 4
2358 1
2359 0
2360 0
2361 0
2362 0
2363 39
2364 37
2365 3
2366 31
2367 22
2368 7
2369 14
2370 27
2371 18
2372 18
2373 9
2374 1
2375 21
2376 31
2377 0
2378 0
2379 3
2380 7
2381 2
2382 36
2383 22
2384 13
2385 56
2386 15
2387 32
2388 65
2389 37
2390 24
2391 40
2392 7
2393 4
2394 37
2395 12
2396 3
2397 0
2398 31
2399 1
2400 5
2401 20
2402 85
2403 4
2404 9
2405 31
2406 37
2407 24
2408 13
2409 18
2410 15
2411 32
2412 22
2413 2
2414 0
2415 10
2416 4
2417 7
2418 0
2419 21
2420 39
2421 33
2422 71
2423 11
2424 20
2425 22
2426 27
2427 40
2428 43
2429 9
2430 0
2431 11
2432 26
2433 0
2434 4
2435 14
2436 16
2437 7
2438 55
2439 5
2440 19
2441 34
2442 40
2443 16
2444 0
2445 17
2446 3
2447 0
2448 0
2449 15
2450 0
2451 5
2452 3
2453 1
2454 15
2455 14
2456 17
2457 17
2458 0
2459 11
2460 0
2461 1
2462 0
2463 0
2464 12
2465 63
2466 6
2467 0
2468 6
2469 7
2470 12
2471 8
2472 7
2473 2
2474 0
2475 0
2476 0
2477 6
2478 15
2479 1
2480 5
2481 9
2482 3
2483 9
2484 10
2485 19
2486 9
2487 22
2488 5
2489 5
2490 0
2491 0
2492 0
2493 0
2494 9
2495 17
2496 8
2497 10
2498 1
2499 12
2500 7
2501 3
2502 9
2503 28
2504 3
2505 0
2506 0
2507 0
2508 0
2509 6
2510 4
2511 4
2512 4
2513 10
2514 0
2515 0
2516 4
2517 0
2518 0
2519 0
2520 6
2521 3
2522 5
2523 15
2524 0
2525 0
2526 19
2527 9
2528 0
2529 3
2530 4
2531 2
2532 1
2533 0
2534 23
2535 30
2536 3
2537 8
2538 12
2539 3
2540 0
2541 2
2542 38
2543 9
2544 12
2545 0
2546 4
2547 1
2548 10
2549 2
2550 1
2551 0
2552 10
2553 22
2554 8
2555 0
2556 0
2557 1
2558 5
2559 7
2560 20
2561 14
2562 4
2563 10
2564 3
2565 2
2566 7
2567 2
2568 2
2569 2
2570 3
2571 2
2572 0
2573 7
2574 0
2575 17
2576 0
2577 1
2578 1
2579 0
2580 0
2581 0
2582 0
2583 0
2584 0
2585 0
2586 0
2587 0
2588 0
2589 0
2590 0
2591 0
2592 0
2593 0
2594 0
2595 0
2596 0
2597 0
2598 0
