0 269
1 827
2 315
3 566
4 623
5 508
6 363
7 292
8 957
9 727
10 316
11 283
12 318
13 299
14 296
15 487
16 294
17 593
18 296
19 288
20 287
21 281
22 586
23 284
24 743
25 617
26 269
27 279
28 692
29 376
30 289
31 272
32 941
33 305
34 627
35 292
36 607
37 479
38 288
39 282
40 282
41 282
42 284
43 300
44 324
45 636
46 280
47 637
48 530
49 285
50 282
51 505
52 284
53 280
54 285
55 285
56 272
57 284
58 307
59 274
60 517
61 284
62 278
63 669
64 277
65 292
66 584
67 282
68 275
69 685
70 288
71 284
72 777
73 860
74 289
75 284
76 289
77 283
78 584
79 292
80 292
81 717
82 495
83 277
84 603
85 511
86 292
87 278
88 294
89 363
90 274
91 511
92 270
93 508
94 263
95 281
96 276
97 285
98 947
99 272
100 293
101 851
102 353
103 284
104 281
105 644
106 713
107 351
108 405
109 277
110 268
111 661
112 293
113 271
114 298
115 276
116 489
117 289
118 591
119 335
120 275
121 662
122 296
123 281
124 281
125 287
126 336
127 335
128 281
129 266
130 266
131 286
132 379
133 0
134 789
135 577
136 289
137 303
138 280
139 512
140 332
141 282
142 379
143 276
144 279
145 647
146 290
147 337
148 504
149 292
150 514
151 0
152 595
153 278
154 274
155 280
156 285
157 335
158 283
159 284
160 369
161 337
162 593
163 574
164 501
165 290
166 290
167 298
168 504
169 518
170 628
171 286
172 277
173 276
174 302
175 287
176 279
177 267
178 882
179 368
180 294
181 652
182 283
183 601
184 272
185 294
186 502
187 529
188 494
189 287
190 493
191 539
192 504
193 278
194 792
195 518
196 690
197 292
198 561
199 286
200 273
201 803
202 291
203 287
204 288
205 524
206 596
207 508
208 501
209 291
210 505
211 657
212 661
213 599
214 0
215 295
216 293
217 560
218 286
219 519
220 339
221 501
222 344
223 287
224 341
225 294
226 500
227 332
228 291
229 280
230 508
231 623
232 0
233 269
234 0
235 489
236 0
237 375
238 672
239 295
240 604
241 318
242 265
243 289
244 521
245 276
246 296
247 613
248 763
249 959
250 500
251 504
252 492
253 0
254 281
255 286
256 288
257 324
258 655
259 558
260 214
261 279
262 499
263 515
264 685
265 632
266 630
267 563
268 276
269 277
270 503
271 370
272 266
273 281
274 500
275 381
276 280
277 544
278 297
279 362
280 556
281 278
282 277
283 281
284 288
285 285
286 570
287 585
288 497
289 407
290 284
291 270
292 277
293 270
294 310
295 284
296 560
297 297
298 511
299 657
300 481
301 279
302 378
303 946
304 885
305 289
306 296
307 286
308 584
309 297
310 563
311 522
312 377
313 703
314 284
315 286
316 319
317 293
318 735
319 369
320 285
321 272
322 598
323 380
324 565
325 675
326 376
327 701
328 661
329 702
330 692
331 272
332 585
333 282
334 725
335 281
336 288
337 605
338 278
339 280
340 490
341 284
342 613
343 503
344 288
345 483
346 278
347 517
348 507
349 568
350 344
351 274
352 511
353 297
354 286
355 373
356 369
357 574
358 593
359 645
360 692
361 592
362 354
363 282
364 0
365 285
366 558
367 284
368 287
369 557
370 850
371 319
372 536
373 340
374 279
375 292
376 508
377 670
378 368
379 287
380 487
381 373
382 283
383 563
384 508
385 332
386 487
387 503
388 646
389 498
390 680
391 478
392 276
393 492
394 511
395 294
396 374
397 271
398 560
399 292
400 643
401 479
402 492
403 500
404 289
405 619
406 552
407 663
408 605
409 554
410 283
411 281
412 289
413 338
414 330
415 565
416 773
417 632
418 334
419 553
420 504
421 293
422 565
423 640
424 291
425 517
426 468
427 273
428 551
429 283
430 289
431 284
432 285
433 648
434 627
435 380
436 678
437 289
438 287
439 702
440 559
441 648
442 272
443 291
444 280
445 286
446 611
447 282
448 286
449 511
450 283
451 274
452 284
453 292
454 527
455 285
456 282
457 288
458 288
459 285
460 289
461 285
462 287
463 262
464 283
465 285
466 559
467 715
468 301
469 289
470 292
471 609
472 504
473 520
474 292
475 368
476 590
477 283
478 283
479 291
480 288
481 601
482 280
483 501
484 516
485 593
486 592
487 509
488 278
489 593
490 639
491 336
492 286
493 284
494 287
495 337
496 286
497 278
498 284
499 508
500 282
501 289
502 285
503 291
504 287
505 287
506 297
507 521
508 284
509 287
510 525
511 304
512 283
513 287
514 604
515 591
516 295
517 368
518 282
519 290
520 288
521 278
522 278
523 335
524 285
525 543
526 298
527 274
528 281
529 284
530 377
531 292
532 494
533 278
534 284
535 503
536 688
537 432
538 268
539 295
540 282
541 593
542 290
543 287
544 379
545 320
546 281
547 1291
548 497
549 288
550 299
551 290
552 411
553 288
554 607
555 336
556 350
557 288
558 383
559 287
560 274
561 284
562 304
563 373
564 280
565 286
566 0
567 285
568 292
569 285
570 443
571 598
572 672
573 685
574 513
575 306
576 339
577 282
578 478
579 274
580 282
581 491
582 283
583 338
584 344
585 343
586 385
587 275
588 372
589 318
590 558
591 286
592 277
593 292
594 516
595 286
596 287
597 506
598 647
599 303
600 268
601 529
602 289
603 585
604 517
605 286
606 290
607 315
608 286
609 289
610 405
611 264
612 339
613 295
614 289
615 289
616 274
617 297
618 283
619 284
620 282
621 287
622 287
623 292
624 287
625 286
626 284
627 570
628 279
629 270
630 384
631 305
632 282
633 286
634 284
635 289
636 287
637 278
638 583
639 337
640 337
641 335
642 281
643 292
644 283
645 305
646 280
647 659
648 300
649 281
650 282
651 289
652 286
653 291
654 714
655 743
656 619
657 624
658 284
659 283
660 276
661 515
662 291
663 327
664 577
665 375
666 330
667 596
668 488
669 303
670 284
671 823
672 350
673 288
674 339
675 306
676 284
677 350
678 338
679 383
680 375
681 291
682 275
683 288
684 289
685 287
686 310
687 276
688 291
689 763
690 672
691 279
692 610
693 263
694 583
695 288
696 488
697 523
698 339
699 282
700 378
701 616
702 374
703 314
704 886
705 515
706 508
707 307
708 288
709 382
710 283
711 367
712 574
713 287
714 0
715 609
716 668
717 277
718 586
719 270
720 269
721 293
722 284
723 319
724 310
725 272
726 380
727 290
728 503
729 607
730 582
731 410
732 272
733 281
734 272
735 285
736 292
737 287
738 301
739 278
740 373
741 302
742 609
743 295
744 293
745 287
746 284
747 288
748 337
749 372
750 486
751 570
752 285
753 374
754 659
755 666
756 557
757 597
758 292
759 376
760 277
761 281
762 284
763 344
764 331
765 277
766 279
767 283
768 292
769 283
770 288
771 289
772 287
773 0
774 279
775 511
776 586
777 597
778 293
779 280
780 290
781 500
782 523
783 591
784 380
785 544
786 283
787 265
788 550
789 364
790 580
791 364
792 288
793 281
794 590
795 0
796 284
797 287
798 338
799 283
800 272
801 277
802 322
803 318
804 368
805 616
806 585
807 489
808 280
809 292
810 599
811 668
812 953
813 276
814 683
815 279
816 0
817 0
818 336
819 375
820 293
821 324
822 274
823 587
824 783
825 714
826 662
827 585
828 283
829 277
830 294
831 290
832 305
833 285
834 583
835 348
836 269
837 278
838 292
839 284
840 369
841 368
842 274
843 0
844 898
845 275
846 608
847 293
848 376
849 928
850 291
851 585
852 573
853 283
854 273
855 582
856 283
857 605
858 618
859 295
860 334
861 288
862 275
863 805
864 282
865 369
866 284
867 276
868 579
869 365
870 275
871 336
872 362
873 337
874 486
875 558
876 576
877 288
878 370
879 629
880 320
881 928
882 581
883 291
884 572
885 909
886 581
887 269
888 579
889 599
890 288
891 376
892 561
893 272
894 286
895 563
896 379
897 285
898 284
899 291
900 0
901 727
902 502
903 634
904 527
905 271
906 596
907 291
908 299
909 905
910 281
911 690
912 569
913 618
914 584
915 606
916 280
917 582
918 290
919 559
920 283
921 283
922 321
923 314
924 290
925 287
926 313
927 485
928 0
929 516
930 292
931 325
932 376
933 560
934 529
935 591
936 513
937 280
938 710
939 579
940 456
941 276
942 0
943 274
944 558
945 582
946 272
947 289
948 580
949 378
950 280
951 268
952 948
953 769
954 588
955 275
956 381
957 777
958 645
959 504
960 293
961 569
962 561
963 613
964 264
965 1905
966 583
967 279
968 579
969 343
970 265
971 273
972 560
973 269
974 281
975 290
976 374
977 266
978 558
979 552
980 292
981 275
982 715
983 870
984 281
985 627
986 376
987 515
988 317
989 339
990 287
991 374
992 585
993 503
994 580
995 288
996 270
997 286
998 275
999 664
1000 900
1001 278
1002 381
1003 372
1004 282
1005 276
1006 289
1007 577
1008 324
1009 310
1010 275
1011 778
1012 300
1013 0
1014 778
1015 879
1016 732
1017 560
1018 284
1019 270
1020 507
1021 642
1022 605
1023 382
1024 561
1025 795
1026 667
1027 656
1028 288
1029 280
1030 371
1031 286
1032 289
1033 284
1034 584
1035 856
1036 293
1037 832
1038 290
1039 281
1040 295
1041 369
1042 271
1043 386
1044 945
1045 266
1046 287
1047 291
1048 616
1049 630
1050 274
1051 283
1052 285
1053 327
1054 672
1055 286
1056 561
1057 378
1058 277
1059 585
1060 278
1061 577
1062 0
1063 607
1064 0
1065 486
1066 287
1067 470
1068 955
1069 285
1070 289
1071 286
1072 289
1073 292
1074 295
1075 352
1076 769
1077 603
1078 275
1079 606
1080 665
1081 380
1082 780
1083 347
1084 270
1085 271
1086 286
1087 370
1088 830
1089 720
1090 282
1091 786
1092 281
1093 268
1094 275
1095 270
1096 282
1097 266
1098 812
1099 500
1100 596
1101 517
1102 289
1103 286
1104 269
1105 284
1106 385
1107 281
1108 295
1109 474
1110 280
1111 340
1112 837
1113 821
1114 724
1115 266
1116 309
1117 803
1118 270
1119 277
1120 617
1121 344
1122 285
1123 277
1124 708
1125 325
1126 273
1127 272
1128 290
1129 613
1130 296
1131 338
1132 280
1133 345
1134 288
1135 554
1136 317
1137 0
1138 268
1139 293
1140 505
1141 280
1142 610
1143 679
1144 665
1145 577
1146 279
1147 365
1148 548
1149 684
1150 570
1151 377
1152 274
1153 290
1154 294
1155 774
1156 526
1157 519
1158 280
1159 820
1160 282
1161 291
1162 291
1163 371
1164 588
1165 765
1166 708
1167 288
1168 271
1169 605
1170 371
1171 931
1172 556
1173 276
1174 270
1175 669
1176 632
1177 919
1178 517
1179 665
1180 618
1181 590
1182 275
1183 636
1184 274
1185 382
1186 520
1187 293
1188 277
1189 288
1190 266
1191 342
1192 346
1193 373
1194 277
1195 288
1196 280
1197 283
1198 272
1199 303
1200 271
1201 681
1202 508
1203 298
1204 490
1205 590
1206 594
1207 896
1208 660
1209 555
1210 335
1211 590
1212 586
1213 686
1214 729
1215 289
1216 505
1217 322
1218 283
1219 661
1220 569
1221 569
1222 631
1223 278
1224 307
1225 496
1226 335
1227 271
1228 339
1229 286
1230 289
1231 304
1232 277
1233 371
1234 280
1235 692
1236 365
1237 353
1238 597
1239 374
1240 298
1241 550
1242 279
1243 516
1244 510
1245 273
1246 586
1247 263
1248 285
1249 639
1250 1612
1251 293
1252 519
1253 966
1254 537
1255 646
1256 288
1257 655
1258 263
1259 765
1260 280
1261 277
1262 284
1263 274
1264 283
1265 295
1266 288
1267 282
1268 287
1269 281
1270 315
1271 269
1272 379
1273 263
1274 553
1275 302
1276 267
1277 268
1278 371
1279 373
1280 381
1281 758
1282 724
1283 717
1284 709
1285 332
1286 391
1287 475
1288 291
1289 598
1290 966
1291 282
1292 547
1293 568
1294 792
1295 520
1296 339
1297 273
1298 846
1299 271
1300 263
1301 287
1302 283
1303 280
1304 288
1305 290
1306 259
1307 291
1308 281
1309 283
1310 279
1311 585
1312 288
1313 381
1314 285
1315 744
1316 274
1317 388
1318 299
1319 382
1320 271
1321 317
1322 352
1323 577
1324 269
1325 588
1326 597
1327 706
1328 725
1329 592
1330 585
1331 269
1332 582
1333 284
1334 585
1335 298
1336 584
1337 517
1338 604
1339 288
1340 286
1341 284
1342 644
1343 339
1344 517
1345 283
1346 290
1347 292
1348 320
1349 275
1350 325
1351 1279
1352 267
1353 291
1354 290
1355 335
1356 288
1357 277
1358 277
1359 582
1360 278
1361 507
1362 291
1363 582
1364 294
1365 290
1366 701
1367 575
1368 686
1369 591
1370 343
1371 368
1372 725
1373 591
1374 610
1375 858
1376 508
1377 579
1378 277
1379 278
1380 599
1381 382
1382 333
1383 583
1384 511
1385 274
1386 529
1387 520
1388 830
1389 535
1390 269
1391 681
1392 497
1393 284
1394 283
1395 568
1396 278
1397 276
1398 267
1399 583
1400 370
1401 281
1402 266
1403 595
1404 289
1405 507
1406 521
1407 376
1408 562
1409 276
1410 279
1411 276
1412 355
1413 0
1414 281
1415 338
1416 573
1417 271
1418 270
1419 527
1420 575
1421 536
1422 580
1423 587
1424 587
1425 779
1426 263
1427 312
1428 510
1429 725
1430 291
1431 291
1432 602
1433 277
1434 301
1435 344
1436 675
1437 523
1438 278
1439 281
1440 489
1441 275
1442 294
1443 285
1444 289
1445 286
1446 291
1447 290
1448 279
1449 379
1450 289
1451 285
1452 653
1453 509
1454 288
1455 866
1456 279
1457 264
1458 276
1459 284
1460 332
1461 369
1462 278
1463 371
1464 328
1465 282
1466 492
1467 276
1468 277
1469 586
1470 582
1471 588
1472 642
1473 277
1474 299
1475 594
1476 557
1477 283
1478 803
1479 620
1480 340
1481 611
1482 767
1483 340
1484 500
1485 648
1486 525
1487 622
1488 563
1489 276
1490 300
1491 287
1492 273
1493 283
1494 285
1495 273
1496 284
1497 287
1498 284
1499 573
1500 276
1501 337
1502 372
1503 264
1504 283
1505 289
1506 276
1507 628
1508 337
1509 273
1510 286
1511 285
1512 272
1513 270
1514 293
1515 509
1516 589
1517 268
1518 271
1519 0
1520 590
1521 582
1522 370
1523 282
1524 294
1525 619
1526 604
1527 871
1528 595
1529 584
1530 522
1531 592
1532 653
1533 646
1534 789
1535 732
1536 272
1537 272
1538 283
1539 288
1540 297
1541 293
1542 291
1543 289
1544 289
1545 308
1546 382
1547 288
1548 277
1549 267
1550 375
1551 287
1552 373
1553 505
1554 379
1555 266
1556 674
1557 373
1558 281
1559 291
1560 288
1561 377
1562 271
1563 344
1564 370
1565 344
1566 552
1567 336
1568 729
1569 586
1570 283
1571 269
1572 613
1573 306
1574 288
1575 287
1576 287
1577 289
1578 321
1579 582
1580 363
1581 363
1582 302
1583 601
1584 503
1585 271
1586 279
1587 277
1588 285
1589 269
1590 283
1591 274
1592 283
1593 291
1594 281
1595 268
1596 267
1597 376
1598 578
1599 271
1600 731
1601 604
1602 359
1603 333
1604 285
1605 283
1606 333
1607 292
1608 263
1609 269
1610 371
1611 372
1612 575
1613 518
1614 274
1615 593
1616 261
1617 589
1618 594
1619 309
1620 592
1621 597
1622 772
1623 269
1624 306
1625 531
1626 495
1627 364
1628 264
1629 669
1630 289
1631 277
1632 289
1633 288
1634 291
1635 339
1636 288
1637 486
1638 284
1639 684
1640 285
1641 284
1642 279
1643 580
1644 584
1645 272
1646 282
1647 274
1648 271
1649 273
1650 589
1651 592
1652 273
1653 586
1654 579
1655 573
1656 527
1657 287
1658 270
1659 293
1660 280
1661 277
1662 287
1663 289
1664 342
1665 366
1666 283
1667 329
1668 607
1669 269
1670 356
1671 369
1672 281
1673 283
1674 571
1675 270
1676 343
1677 790
1678 283
1679 282
1680 343
1681 590
1682 596
1683 699
1684 276
1685 290
1686 398
1687 350
1688 422
1689 569
1690 887
1691 301
1692 281
1693 293
1694 265
1695 281
1696 279
1697 275
1698 295
1699 271
1700 273
1701 277
1702 300
1703 376
1704 520
1705 517
1706 661
1707 348
1708 290
1709 583
1710 593
1711 289
1712 586
1713 858
1714 825
1715 303
1716 272
1717 584
1718 942
1719 285
1720 266
1721 511
1722 686
1723 277
1724 281
1725 279
1726 279
1727 283
1728 283
1729 332
1730 266
1731 371
1732 266
1733 286
1734 589
1735 267
1736 366
1737 892
1738 597
1739 295
1740 275
1741 507
1742 583
1743 274
1744 371
1745 260
1746 337
1747 275
1748 330
1749 557
1750 272
1751 371
1752 287
1753 265
1754 488
1755 581
1756 268
1757 562
1758 520
1759 276
1760 510
1761 894
1762 290
1763 337
1764 568
1765 277
1766 290
1767 599
1768 661
1769 501
1770 277
1771 534
1772 263
1773 531
1774 560
1775 287
1776 618
1777 274
1778 592
1779 287
1780 270
1781 370
1782 271
1783 671
1784 599
1785 839
1786 533
1787 297
1788 531
1789 586
1790 267
1791 284
1792 288
1793 580
1794 505
1795 0
1796 542
1797 591
1798 288
1799 280
1800 298
1801 270
1802 271
1803 583
1804 269
1805 372
1806 293
1807 279
1808 337
1809 505
1810 513
1811 284
1812 258
1813 291
1814 354
1815 512
1816 335
1817 519
1818 586
1819 275
1820 289
1821 283
1822 275
1823 601
1824 580
1825 581
1826 285
1827 595
1828 589
1829 267
1830 508
1831 662
1832 274
1833 527
1834 269
1835 977
1836 275
1837 286
1838 274
1839 278
1840 763
1841 592
1842 269
1843 276
1844 622
1845 507
1846 592
1847 520
1848 550
1849 272
1850 268
1851 612
1852 269
1853 503
1854 269
1855 284
1856 287
1857 577
1858 275
1859 282
1860 289
1861 287
1862 285
1863 267
1864 376
1865 361
1866 522
1867 309
1868 272
1869 342
1870 271
1871 523
1872 592
1873 282
1874 288
1875 282
1876 290
1877 361
1878 273
1879 586
1880 288
1881 288
1882 265
1883 269
1884 297
1885 271
1886 273
1887 269
1888 277
1889 503
1890 279
1891 272
1892 289
1893 509
1894 523
1895 299
1896 278
1897 340
1898 272
1899 516
1900 634
1901 502
1902 509
1903 281
1904 274
1905 336
1906 342
1907 276
1908 280
1909 267
1910 264
1911 348
1912 272
1913 276
1914 280
1915 280
1916 518
1917 287
1918 283
1919 285
1920 276
1921 282
1922 507
1923 282
1924 265
1925 587
1926 274
1927 282
1928 341
1929 555
1930 562
1931 275
1932 353
1933 268
1934 278
1935 269
1936 792
1937 341
1938 275
1939 282
1940 297
1941 354
1942 273
1943 575
1944 283
1945 280
1946 269
1947 275
1948 272
1949 268
1950 272
1951 593
1952 297
1953 494
1954 272
1955 515
1956 512
1957 272
1958 530
1959 521
1960 286
1961 565
1962 275
1963 299
1964 268
1965 290
1966 574
1967 338
1968 269
1969 271
1970 271
1971 271
1972 272
1973 283
1974 269
1975 268
1976 568
1977 514
1978 1605
1979 266
1980 567
1981 286
1982 269
1983 278
1984 269
1985 269
1986 265
1987 593
1988 516
1989 269
1990 543
1991 670
1992 576
1993 262
1994 273
1995 267
1996 274
1997 279
1998 281
1999 289
2000 293
2001 294
2002 264
2003 277
2004 295
2005 269
2006 506
2007 510
2008 287
2009 276
2010 275
2011 571
2012 508
2013 579
2014 513
2015 582
2016 296
2017 346
2018 274
2019 292
2020 270
2021 288
2022 277
2023 285
2024 276
2025 296
2026 273
2027 260
2028 265
2029 274
2030 296
2031 269
2032 577
2033 578
2034 510
2035 574
2036 302
2037 289
2038 269
2039 564
2040 321
2041 335
2042 373
2043 592
2044 274
2045 280
2046 266
2047 269
2048 298
2049 292
2050 282
2051 269
2052 274
2053 266
2054 288
2055 297
2056 326
2057 579
2058 511
2059 588
2060 514
2061 517
2062 686
2063 271
2064 347
2065 570
2066 515
2067 273
2068 258
2069 279
2070 292
2071 274
2072 278
2073 276
2074 275
2075 265
2076 286
2077 270
2078 266
2079 268
2080 275
2081 301
2082 343
2083 272
2084 359
2085 357
2086 270
2087 596
2088 519
2089 288
2090 269
2091 272
2092 585
2093 517
2094 280
2095 261
2096 273
2097 273
2098 379
2099 267
2100 274
2101 262
2102 265
2103 264
2104 274
2105 274
2106 290
2107 288
2108 287
2109 279
2110 583
2111 273
2112 519
2113 292
2114 547
2115 351
2116 630
2117 292
2118 273
2119 279
2120 667
2121 320
2122 673
2123 511
2124 283
2125 269
2126 287
2127 280
2128 515
2129 289
2130 292
2131 385
2132 271
2133 492
2134 507
2135 278
2136 507
2137 581
2138 274
2139 524
2140 259
2141 266
2142 274
2143 273
2144 278
2145 286
2146 285
2147 262
2148 346
2149 295
2150 294
2151 339
2152 273
2153 357
2154 504
2155 292
2156 288
2157 514
2158 269
2159 277
2160 382
2161 339
2162 274
2163 261
2164 280
2165 272
2166 288
2167 272
2168 270
2169 282
2170 269
2171 624
2172 286
2173 552
2174 588
2175 302
2176 306
2177 506
2178 263
2179 269
2180 271
2181 259
2182 276
2183 275
2184 274
2185 0
2186 280
2187 339
2188 293
2189 274
2190 263
2191 337
2192 620
2193 280
2194 269
2195 269
2196 273
2197 280
2198 260
2199 541
2200 299
2201 269
2202 266
2203 278
2204 280
2205 272
2206 269
2207 266
2208 584
2209 590
2210 283
2211 631
2212 554
2213 264
2214 269
2215 559
2216 271
2217 293
2218 645
2219 268
2220 265
2221 270
2222 719
2223 295
2224 589
2225 261
2226 262
2227 274
2228 648
2229 269
2230 646
2231 270
2232 671
2233 326
2234 266
2235 692
2236 740
2237 672
2238 303
2239 581
2240 280
2241 287
2242 267
2243 270
2244 276
2245 510
2246 341
2247 618
2248 519
2249 576
2250 502
2251 615
2252 362
2253 292
2254 669
2255 637
2256 643
2257 279
2258 267
2259 296
2260 273
2261 276
2262 270
2263 650
2264 272
2265 374
2266 273
2267 268
2268 275
2269 351
2270 619
2271 499
2272 542
2273 296
2274 277
2275 594
2276 686
2277 604
2278 545
2279 617
2280 272
2281 276
2282 265
2283 266
2284 0
2285 297
2286 287
2287 261
2288 267
2289 275
2290 545
2291 571
2292 347
2293 590
2294 278
2295 304
2296 271
2297 645
2298 535
2299 784
2300 525
2301 275
2302 668
2303 761
2304 293
2305 266
2306 551
2307 617
2308 271
2309 272
2310 340
2311 557
2312 554
2313 552
2314 264
2315 563
2316 261
2317 527
2318 540
2319 556
2320 622
2321 261
2322 268
2323 0
2324 259
2325 266
2326 280
2327 281
2328 279
2329 564
2330 342
2331 285
2332 295
2333 625
2334 607
2335 561
2336 265
2337 276
2338 537
2339 529
2340 266
2341 272
2342 257
2343 0
2344 266
2345 273
2346 272
2347 273
2348 283
2349 287
2350 278
2351 720
2352 641
2353 274
2354 588
2355 265
2356 271
2357 294
2358 357
2359 269
2360 272
2361 278
2362 291
2363 298
2364 283
2365 277
2366 274
2367 588
2368 271
2369 292
2370 564
2371 563
2372 566
2373 630
2374 659
2375 647
2376 641
2377 343
2378 287
2379 572
2380 286
2381 276
2382 678
2383 276
2384 270
2385 280
2386 684
2387 583
2388 934
2389 282
2390 279
2391 671
2392 684
2393 369
2394 615
2395 353
2396 296
2397 267
2398 278
2399 264
2400 529
2401 267
2402 276
2403 275
2404 267
2405 264
2406 917
2407 279
2408 355
2409 296
2410 266
2411 582
2412 279
2413 661
2414 327
2415 296
2416 266
2417 512
2418 350
2419 270
2420 276
2421 267
2422 865
2423 530
2424 268
2425 593
2426 285
2427 303
2428 561
2429 270
2430 655
2431 266
2432 553
2433 598
2434 269
2435 271
2436 273
2437 271
2438 267
2439 272
2440 341
2441 272
2442 275
2443 299
2444 624
2445 284
2446 280
2447 673
2448 273
2449 367
2450 272
2451 1270
2452 279
2453 663
2454 672
2455 665
2456 271
2457 572
2458 675
2459 294
2460 662
2461 494
2462 0
2463 275
2464 268
2465 570
2466 266
2467 505
2468 293
2469 513
2470 608
2471 269
2472 500
2473 260
2474 277
2475 679
2476 0
2477 270
2478 295
2479 289
2480 300
2481 641
2482 273
2483 271
2484 269
2485 270
2486 262
2487 570
2488 549
2489 595
2490 946
2491 276
2492 270
2493 301
2494 276
2495 278
2496 266
2497 268
2498 267
2499 272
2500 281
2501 275
2502 268
2503 608
2504 268
2505 379
2506 815
2507 348
2508 273
2509 260
2510 272
2511 289
2512 348
2513 283
2514 0
2515 0
2516 274
2517 278
2518 0
2519 733
2520 273
2521 336
2522 672
2523 322
2524 727
2525 518
2526 523
2527 287
2528 551
2529 736
2530 273
2531 417
2532 522
2533 867
2534 579
2535 907
2536 670
2537 359
2538 273
2539 272
2540 265
2541 357
2542 559
2543 279
2544 287
2545 372
2546 592
2547 267
2548 516
2549 617
2550 614
2551 294
2552 507
2553 272
2554 281
2555 277
2556 614
2557 625
2558 521
2559 286
2560 267
2561 286
2562 282
2563 262
2564 542
2565 263
2566 516
2567 620
2568 275
2569 275
2570 273
2571 290
2572 0
2573 743
2574 286
2575 515
2576 262
2577 268
2578 269
2579 269
2580 0
