0 5
1 0
2 0
3 0
4 1
5 2
6 0
7 0
8 0
9 0
10 0
11 6
12 0
13 1
14 9
15 2
16 8
17 0
18 0
19 19
20 0
21 0
22 0
23 12
24 0
25 0
26 0
27 0
28 0
29 0
30 0
31 0
32 0
33 6
34 0
35 6
36 0
37 0
38 0
39 0
40 0
41 0
42 0
43 0
44 7
45 0
46 0
47 0
48 0
49 8
50 4
51 0
52 7
53 10
54 4
55 0
56 0
57 4
58 6
59 0
60 0
61 7
62 6
63 0
64 0
65 16
66 1
67 4
68 1
69 0
70 0
71 0
72 0
73 0
74 5
75 11
76 0
77 4
78 14
79 13
80 0
81 0
82 3
83 1
84 0
85 0
86 3
87 17
88 17
89 0
90 0
91 0
92 0
93 2
94 0
95 0
96 0
97 5
98 2
99 9
100 0
101 0
102 3
103 5
104 0
105 0
106 9
107 2
108 6
109 5
110 0
111 1
112 1
113 0
114 2
115 1
116 9
117 0
118 0
119 1
120 0
121 0
122 14
123 2
124 0
125 0
126 0
127 0
128 1
129 3
130 0
131 2
132 0
133 0
134 0
135 11
136 4
137 32
138 0
139 0
140 10
141 8
142 0
143 0
144 0
145 0
146 8
147 0
148 10
149 5
150 1
151 0
152 0
153 1
154 0
155 4
156 0
157 1
158 31
159 0
160 0
161 0
162 0
163 5
164 4
165 4
166 9
167 2
168 1
169 0
170 14
171 5
172 2
173 0
174 7
175 23
176 11
177 1
178 1
179 0
180 13
181 0
182 30
183 14
184 5
185 3
186 22
187 23
188 9
189 0
190 0
191 0
192 0
193 0
194 0
195 0
196 12
197 5
198 0
199 8
200 5
201 6
202 0
203 11
204 8
205 17
206 26
207 4
208 2
209 0
210 18
211 0
212 1
213 6
214 0
215 14
216 0
217 1
218 3
219 19
220 4
221 16
222 13
223 14
224 27
225 14
226 12
227 0
228 0
229 1
230 0
231 0
232 0
233 0
234 0
235 1
236 0
237 0
238 3
239 27
240 0
241 35
242 11
243 1
244 18
245 2
246 5
247 0
248 2
249 2
250 0
251 0
252 1
253 0
254 0
255 0
256 36
257 17
258 1
259 0
260 0
261 0
262 0
263 8
264 0
265 0
266 0
267 0
268 0
269 0
270 0
271 7
272 2
273 0
274 0
275 0
276 0
277 0
278 0
279 6
280 0
281 0
282 0
283 28
284 0
285 0
286 1
287 1
288 0
289 0
290 28
291 2
292 30
293 9
294 0
295 8
296 6
297 2
298 5
299 0
300 4
301 2
302 7
303 2
304 30
305 8
306 3
307 11
308 0
309 2
310 4
311 8
312 12
313 0
314 0
315 6
316 8
317 11
318 22
319 0
320 1
321 3
322 0
323 2
324 0
325 0
326 0
327 0
328 0
329 0
330 0
331 5
332 0
333 10
334 14
335 14
336 0
337 5
338 23
339 8
340 0
341 0
342 0
343 0
344 0
345 0
346 2
347 0
348 9
349 1
350 3
351 18
352 1
353 0
354 0
355 0
356 0
357 7
358 0
359 6
360 9
361 22
362 24
363 0
364 0
365 0
366 0
367 0
368 9
369 8
370 0
371 0
372 0
373 1
374 0
375 0
376 6
377 0
378 0
379 3
380 3
381 0
382 5
383 0
384 1
385 10
386 0
387 0
388 6
389 9
390 12
391 5
392 16
393 0
394 8
395 1
396 14
397 2
398 0
399 13
400 0
401 3
402 1
403 2
404 4
405 6
406 17
407 11
408 1
409 0
410 0
411 1
412 4
413 20
414 17
415 0
416 1
417 3
418 0
419 2
420 0
421 0
422 9
423 6
424 10
425 4
426 2
427 0
428 9
429 0
430 19
431 0
432 0
433 1
434 0
435 0
436 19
437 25
438 31
439 11
440 22
441 17
442 5
443 28
444 2
445 1
446 0
447 0
448 12
449 1
450 5
451 2
452 6
453 16
454 13
455 0
456 10
457 17
458 15
459 0
460 0
461 15
462 12
463 2
464 5
465 1
466 0
467 12
468 9
469 18
470 22
471 23
472 15
473 8
474 14
475 4
476 0
477 0
478 0
479 1
480 0
481 1
482 3
483 0
484 10
485 2
486 1
487 8
488 1
489 17
490 3
491 0
492 13
493 34
494 1
495 7
496 0
497 0
498 19
499 6
500 4
501 2
502 4
503 0
504 0
505 5
506 9
507 0
508 0
509 20
510 0
511 1
512 10
513 17
514 10
515 11
516 9
517 2
518 0
519 3
520 21
521 19
522 0
523 1
524 3
525 0
526 0
527 0
528 3
529 0
530 0
531 1
532 12
533 13
534 0
535 13
536 14
537 0
538 0
539 7
540 0
541 2
542 0
543 9
544 15
545 0
546 2
547 0
548 9
549 0
550 2
551 0
552 14
553 10
554 20
555 18
556 0
557 1
558 3
559 6
560 1
561 6
562 0
563 0
564 0
565 0
566 0
567 0
568 0
569 0
570 0
571 7
572 3
573 2
574 0
575 10
576 1
577 2
578 3
579 1
580 0
581 0
582 0
583 0
584 7
585 3
586 5
587 0
588 13
589 24
590 0
591 0
592 3
593 0
594 0
595 0
596 0
597 0
598 17
599 13
600 13
601 27
602 1
603 4
604 1
605 1
606 7
607 6
608 9
609 2
610 7
611 3
612 11
613 7
614 21
615 16
616 13
617 0
618 0
619 0
620 0
621 0
622 2
623 0
624 1
625 16
626 6
627 20
628 13
629 13
630 15
631 0
632 2
633 2
634 5
635 1
636 8
637 0
638 2
639 6
640 0
641 9
642 4
643 21
644 1
645 12
646 5
647 0
648 0
649 0
650 0
651 1
652 6
653 2
654 1
655 3
656 0
657 0
658 14
659 8
660 0
661 5
662 0
663 11
664 1
665 0
666 5
667 7
668 0
669 2
670 3
671 12
672 0
673 0
674 0
675 0
676 8
677 14
678 9
679 4
680 13
681 15
682 0
683 0
684 1
685 1
686 0
687 0
688 0
689 2
690 15
691 8
692 5
693 0
694 0
695 0
696 0
697 0
698 0
699 6
700 0
701 3
702 3
703 0
704 0
705 9
706 16
707 5
708 0
709 5
710 0
711 0
712 0
713 0
714 0
715 0
716 4
717 25
718 9
719 8
720 20
721 2
722 2
723 0
724 5
725 1
726 3
727 2
728 1
729 7
730 5
731 9
732 0
733 4
734 8
735 0
736 5
737 5
738 13
739 16
740 2
741 1
742 0
743 1
744 14
745 0
746 0
747 0
748 8
749 1
750 26
751 0
752 10
753 1
754 10
755 0
756 1
757 0
758 0
759 16
760 7
761 4
762 5
763 0
764 20
765 4
766 4
767 2
768 0
769 3
770 15
771 0
772 0
773 0
774 2
775 6
776 1
777 2
778 2
779 0
780 0
781 0
782 3
783 0
784 2
785 2
786 2
787 8
788 0
789 18
790 0
791 1
792 2
793 9
794 4
795 0
796 9
797 8
798 4
799 0
800 0
801 0
802 0
803 0
804 0
805 0
806 15
807 8
808 2
809 9
810 7
811 0
812 0
813 3
814 0
815 0
816 0
817 0
818 1
819 7
820 16
821 15
822 5
823 8
824 0
825 4
826 1
827 13
828 6
829 2
830 3
831 2
832 2
833 6
834 8
835 1
836 4
837 0
838 1
839 0
840 0
841 0
842 0
843 0
844 1
845 3
846 3
847 7
848 4
849 0
850 9
851 0
852 5
853 0
854 0
855 1
856 0
857 10
858 10
859 0
860 0
861 4
862 4
863 0
864 1
865 2
866 0
867 3
868 0
869 0
870 0
871 0
872 0
873 0
874 0
875 0
876 0
877 14
878 7
879 5
880 19
881 10
882 2
883 1
884 6
885 0
886 0
887 0
888 0
889 24
890 0
891 0
892 4
893 0
894 0
895 2
896 1
897 2
898 0
899 0
900 0
901 0
902 1
903 23
904 12
905 0
906 13
907 20
908 10
909 0
910 0
911 4
912 0
913 0
914 2
915 11
916 0
917 1
918 7
919 2
920 9
921 13
922 3
923 0
924 1
925 0
926 0
927 4
928 0
929 0
930 8
931 14
932 6
933 18
934 10
935 13
936 0
937 0
938 5
939 3
940 8
941 1
942 0
943 0
944 12
945 14
946 3
947 0
948 0
949 8
950 8
951 0
952 2
953 10
954 3
955 23
956 24
957 2
958 1
959 7
960 2
961 0
962 0
963 8
964 6
965 0
966 4
967 4
968 3
969 10
970 5
971 0
972 3
973 8
974 1
975 7
976 0
977 0
978 19
979 4
980 22
981 26
982 0
983 1
984 17
985 9
986 1
987 0
988 0
989 0
990 0
991 2
992 0
993 15
994 6
995 2
996 3
997 0
998 1
999 1
1000 1
1001 3
1002 13
1003 0
1004 0
1005 0
1006 0
1007 10
1008 16
1009 0
1010 0
1011 0
1012 0
1013 0
1014 0
1015 0
1016 2
1017 12
1018 0
1019 10
1020 7
1021 17
1022 9
1023 1
1024 4
1025 0
1026 7
1027 19
1028 2
1029 0
1030 0
1031 13
1032 0
1033 0
1034 1
1035 5
1036 1
1037 0
1038 20
1039 9
1040 18
1041 7
1042 0
1043 4
1044 0
1045 1
1046 6
1047 4
1048 7
1049 0
1050 0
1051 0
1052 0
1053 0
1054 0
1055 0
1056 0
1057 1
1058 8
1059 16
1060 12
1061 0
1062 0
1063 0
1064 0
1065 0
1066 0
1067 1
1068 0
1069 1
1070 0
1071 0
1072 15
1073 0
1074 7
1075 1
1076 1
1077 0
1078 2
1079 0
1080 11
1081 6
1082 1
1083 1
1084 2
1085 0
1086 0
1087 0
1088 0
1089 0
1090 11
1091 18
1092 14
1093 19
1094 7
1095 0
1096 0
1097 0
1098 4
1099 23
1100 0
1101 0
1102 0
1103 0
1104 0
1105 0
1106 21
1107 15
1108 1
1109 0
1110 36
1111 6
1112 0
1113 6
1114 15
1115 0
1116 0
1117 0
1118 0
1119 13
1120 10
1121 10
1122 0
1123 0
1124 4
1125 0
1126 0
1127 0
1128 0
1129 2
1130 0
1131 0
1132 0
1133 4
1134 1
1135 0
1136 0
1137 0
1138 0
1139 12
1140 43
1141 24
1142 8
1143 0
1144 0
1145 0
1146 2
1147 0
1148 0
1149 14
1150 22
1151 0
1152 1
1153 2
1154 3
1155 21
1156 14
1157 8
1158 0
1159 0
1160 0
1161 0
1162 2
1163 0
1164 0
1165 0
1166 2
1167 1
1168 14
1169 0
1170 9
1171 0
1172 0
1173 1
1174 0
1175 0
1176 3
1177 17
1178 0
1179 15
1180 0
1181 8
1182 6
1183 14
1184 2
1185 12
1186 3
1187 4
1188 0
1189 0
1190 0
1191 8
1192 5
1193 0
1194 0
1195 0
1196 0
1197 0
1198 1
1199 6
1200 2
1201 0
1202 0
1203 16
1204 0
1205 0
1206 0
1207 0
1208 3
1209 0
1210 12
1211 9
1212 24
1213 0
1214 3
1215 13
1216 3
1217 24
1218 11
1219 0
1220 5
1221 2
1222 1
1223 2
1224 0
1225 0
1226 3
1227 0
1228 7
1229 10
1230 2
1231 0
1232 1
1233 5
1234 6
1235 20
1236 2
1237 4
1238 9
1239 0
1240 0
1241 0
1242 0
1243 5
1244 0
1245 3
1246 1
1247 5
1248 22
1249 20
1250 0
1251 13
1252 14
1253 27
1254 42
1255 4
1256 0
1257 1
1258 12
1259 0
1260 2
1261 0
1262 2
1263 1
1264 14
1265 7
1266 4
1267 0
1268 0
1269 0
1270 0
1271 2
1272 4
1273 0
1274 36
1275 15
1276 0
1277 0
1278 0
1279 1
1280 0
1281 0
1282 0
1283 0
1284 0
1285 0
1286 6
1287 19
1288 6
1289 12
1290 13
1291 14
1292 6
1293 5
1294 96
1295 30
1296 3
1297 0
1298 4
1299 9
1300 1
1301 0
1302 1
1303 4
1304 17
1305 0
1306 1
1307 8
1308 6
1309 12
1310 0
1311 4
1312 0
1313 0
1314 0
1315 16
1316 14
1317 15
1318 24
1319 18
1320 18
1321 32
1322 15
1323 1
1324 0
1325 4
1326 0
1327 0
1328 0
1329 4
1330 0
1331 6
1332 15
1333 2
1334 0
1335 3
1336 0
1337 9
1338 8
1339 31
1340 31
1341 7
1342 0
1343 11
1344 11
1345 3
1346 1
1347 0
1348 0
1349 2
1350 17
1351 0
1352 0
1353 17
1354 0
1355 5
1356 8
1357 1
1358 1
1359 10
1360 0
1361 0
1362 0
1363 4
1364 18
1365 34
1366 1
1367 8
1368 3
1369 19
1370 13
1371 14
1372 0
1373 0
1374 0
1375 0
1376 0
1377 0
1378 2
1379 20
1380 15
1381 0
1382 2
1383 0
1384 7
1385 1
1386 12
1387 33
1388 12
1389 0
1390 9
1391 8
1392 1
1393 2
1394 0
1395 3
1396 5
1397 1
1398 0
1399 0
1400 13
1401 2
1402 4
1403 7
1404 8
1405 1
1406 2
1407 7
1408 5
1409 5
1410 10
1411 1
1412 0
1413 0
1414 0
1415 0
1416 6
1417 10
1418 4
1419 21
1420 6
1421 24
1422 6
1423 0
1424 0
1425 0
1426 0
1427 7
1428 25
1429 38
1430 21
1431 30
1432 20
1433 7
1434 8
1435 9
1436 10
1437 24
1438 0
1439 0
1440 4
1441 5
1442 32
1443 3
1444 2
1445 10
1446 20
1447 4
1448 2
1449 1
1450 0
1451 19
1452 2
1453 12
1454 7
1455 0
1456 2
1457 25
1458 0
1459 23
1460 3
1461 0
1462 0
1463 0
1464 0
1465 2
1466 5
1467 4
1468 0
1469 0
1470 0
1471 0
1472 0
1473 0
1474 0
1475 7
1476 30
1477 55
1478 26
1479 19
1480 19
1481 21
1482 3
1483 16
1484 12
1485 0
1486 1
1487 0
1488 10
1489 7
1490 37
1491 7
1492 2
1493 11
1494 11
1495 0
1496 18
1497 24
1498 1
1499 4
1500 14
1501 1
1502 3
1503 0
1504 8
1505 18
1506 1
1507 4
1508 13
1509 0
1510 5
1511 0
1512 0
1513 0
1514 23
1515 5
1516 2
1517 0
1518 0
1519 0
1520 0
1521 0
1522 0
1523 0
1524 5
1525 35
1526 21
1527 68
1528 49
1529 25
1530 7
1531 0
1532 3
1533 15
1534 1
1535 10
1536 4
1537 4
1538 10
1539 5
1540 0
1541 9
1542 1
1543 3
1544 35
1545 17
1546 17
1547 10
1548 1
1549 9
1550 17
1551 5
1552 2
1553 5
1554 1
1555 1
1556 22
1557 34
1558 2
1559 4
1560 4
1561 28
1562 14
1563 14
1564 0
1565 0
1566 6
1567 6
1568 18
1569 0
1570 0
1571 1
1572 58
1573 102
1574 33
1575 1
1576 34
1577 18
1578 9
1579 20
1580 27
1581 9
1582 11
1583 9
1584 4
1585 0
1586 0
1587 1
1588 17
1589 0
1590 34
1591 7
1592 5
1593 5
1594 6
1595 31
1596 15
1597 0
1598 0
1599 1
1600 21
1601 8
1602 23
1603 0
1604 1
1605 0
1606 0
1607 2
1608 0
1609 0
1610 0
1611 0
1612 5
1613 11
1614 3
1615 0
1616 10
1617 47
1618 39
1619 53
1620 28
1621 31
1622 33
1623 12
1624 5
1625 0
1626 27
1627 12
1628 5
1629 15
1630 6
1631 4
1632 3
1633 5
1634 15
1635 1
1636 0
1637 7
1638 4
1639 10
1640 16
1641 2
1642 0
1643 0
1644 0
1645 19
1646 43
1647 6
1648 13
1649 7
1650 3
1651 10
1652 42
1653 0
1654 3
1655 19
1656 17
1657 4
1658 7
1659 8
1660 3
1661 5
1662 3
1663 0
1664 6
1665 16
1666 4
1667 15
1668 20
1669 0
1670 3
1671 2
1672 0
1673 0
1674 0
1675 0
1676 0
1677 55
1678 29
1679 27
1680 30
1681 10
1682 11
1683 15
1684 5
1685 17
1686 13
1687 4
1688 4
1689 8
1690 2
1691 9
1692 0
1693 7
1694 8
1695 0
1696 3
1697 0
1698 1
1699 1
1700 0
1701 21
1702 0
1703 5
1704 0
1705 0
1706 0
1707 7
1708 0
1709 7
1710 43
1711 11
1712 8
1713 2
1714 5
1715 18
1716 8
1717 8
1718 3
1719 4
1720 0
1721 6
1722 0
1723 0
1724 0
1725 0
1726 3
1727 3
1728 18
1729 16
1730 0
1731 0
1732 0
1733 2
1734 0
1735 0
1736 5
1737 8
1738 16
1739 12
1740 10
1741 0
1742 9
1743 0
1744 7
1745 12
1746 7
1747 0
1748 0
1749 0
1750 1
1751 9
1752 15
1753 0
1754 0
1755 3
1756 2
1757 2
1758 7
1759 0
1760 0
1761 14
1762 3
1763 5
1764 7
1765 7
1766 4
1767 14
1768 4
1769 0
1770 0
1771 2
1772 7
1773 18
1774 8
1775 3
1776 2
1777 8
1778 17
1779 0
1780 1
1781 0
1782 5
1783 0
1784 0
1785 2
1786 0
1787 9
1788 3
1789 2
1790 7
1791 0
1792 4
1793 2
1794 0
1795 0
1796 1
1797 18
1798 15
1799 36
1800 25
1801 7
1802 1
1803 0
1804 3
1805 27
1806 21
1807 5
1808 5
1809 0
1810 4
1811 4
1812 3
1813 2
1814 0
1815 1
1816 1
1817 0
1818 1
1819 0
1820 3
1821 1
1822 3
1823 4
1824 20
1825 5
1826 0
1827 4
1828 4
1829 12
1830 0
1831 12
1832 1
1833 8
1834 0
1835 17
1836 3
1837 0
1838 2
1839 0
1840 1
1841 2
1842 0
1843 5
1844 20
1845 9
1846 0
1847 4
1848 10
1849 13
1850 2
1851 0
1852 1
1853 6
1854 2
1855 7
1856 5
1857 0
1858 11
1859 18
1860 5
1861 11
1862 14
1863 0
1864 3
1865 0
1866 3
1867 51
1868 11
1869 2
1870 0
1871 4
1872 24
1873 10
1874 1
1875 0
1876 0
1877 5
1878 5
1879 1
1880 0
1881 14
1882 21
1883 24
1884 15
1885 3
1886 0
1887 0
1888 0
1889 12
1890 10
1891 2
1892 5
1893 7
1894 28
1895 34
1896 15
1897 0
1898 1
1899 0
1900 16
1901 6
1902 0
1903 17
1904 8
1905 4
1906 7
1907 4
1908 4
1909 5
1910 6
1911 10
1912 17
1913 6
1914 0
1915 0
1916 0
1917 8
1918 0
1919 8
1920 1
1921 6
1922 0
1923 11
1924 6
1925 8
1926 0
1927 0
1928 0
1929 0
1930 3
1931 4
1932 1
1933 0
1934 3
1935 12
1936 12
1937 2
1938 0
1939 2
1940 9
1941 11
1942 25
1943 19
1944 0
1945 1
1946 0
1947 0
1948 1
1949 0
1950 1
1951 11
1952 6
1953 8
1954 5
1955 18
1956 0
1957 1
1958 8
1959 4
1960 1
1961 0
1962 0
1963 1
1964 20
1965 22
1966 0
1967 10
1968 21
1969 6
1970 1
1971 7
1972 17
1973 0
1974 2
1975 10
1976 3
1977 0
1978 0
1979 0
1980 10
1981 18
1982 7
1983 0
1984 0
1985 13
1986 5
1987 0
1988 0
1989 11
1990 9
1991 3
1992 3
1993 1
1994 4
1995 20
1996 26
1997 12
1998 1
1999 6
2000 8
2001 0
2002 1
2003 2
2004 16
2005 5
2006 0
2007 5
2008 3
2009 7
2010 3
2011 11
2012 0
2013 0
2014 7
2015 7
2016 15
2017 19
2018 0
2019 16
2020 5
2021 0
2022 1
2023 13
2024 23
2025 0
2026 4
2027 1
2028 4
2029 1
2030 8
2031 11
2032 6
2033 0
2034 8
2035 14
2036 24
2037 6
2038 5
2039 1
2040 4
2041 0
2042 2
2043 15
2044 1
2045 2
2046 4
2047 5
2048 15
2049 20
2050 13
2051 12
2052 0
2053 0
2054 3
2055 28
2056 3
2057 4
2058 5
2059 2
2060 4
2061 7
2062 9
2063 6
2064 0
2065 0
2066 14
2067 9
2068 0
2069 16
2070 0
2071 4
2072 16
2073 16
2074 6
2075 9
2076 11
2077 1
2078 0
2079 0
2080 6
2081 21
2082 10
2083 9
2084 6
2085 3
2086 6
2087 7
2088 8
2089 8
2090 4
2091 5
2092 1
2093 4
2094 9
2095 27
2096 5
2097 31
2098 14
2099 7
2100 2
2101 1
2102 0
2103 21
2104 20
2105 4
2106 0
2107 0
2108 0
2109 0
2110 12
2111 9
2112 15
2113 8
2114 5
2115 10
2116 3
2117 3
2118 20
2119 18
2120 0
2121 2
2122 0
2123 0
2124 16
2125 0
2126 10
2127 9
2128 16
2129 4
2130 6
2131 18
2132 25
2133 1
2134 0
2135 0
2136 0
2137 10
2138 21
2139 4
2140 0
2141 0
2142 0
2143 0
2144 14
2145 10
2146 2
2147 1
2148 22
2149 8
2150 15
2151 1
2152 14
2153 15
2154 12
2155 2
2156 0
2157 0
2158 0
2159 2
2160 12
2161 20
2162 0
2163 0
2164 2
2165 12
2166 4
2167 6
2168 0
2169 11
2170 0
2171 0
2172 11
2173 8
2174 0
2175 4
2176 0
2177 6
2178 0
2179 2
2180 0
2181 4
2182 2
2183 3
2184 1
2185 0
2186 0
2187 9
2188 0
2189 2
2190 9
2191 4
2192 2
2193 15
2194 0
2195 0
2196 0
2197 0
2198 0
2199 2
2200 0
2201 8
2202 6
2203 13
2204 1
2205 9
2206 10
2207 0
2208 0
2209 5
2210 2
2211 10
2212 26
2213 19
2214 0
2215 2
2216 0
2217 0
2218 0
2219 0
2220 3
2221 0
2222 0
2223 1
2224 6
2225 0
2226 0
2227 14
2228 13
2229 9
2230 11
2231 0
2232 3
2233 2
2234 0
2235 0
2236 0
2237 3
2238 0
2239 0
2240 0
2241 0
2242 0
2243 14
2244 6
2245 0
2246 1
2247 9
2248 14
2249 0
2250 16
2251 7
2252 0
2253 3
2254 20
2255 6
2256 9
2257 1
2258 0
2259 0
2260 16
2261 0
2262 0
2263 0
2264 0
2265 2
2266 21
2267 15
2268 14
2269 20
2270 19
2271 6
2272 0
2273 1
2274 26
2275 16
2276 5
2277 18
2278 1
2279 0
2280 0
2281 18
2282 23
2283 0
2284 0
2285 0
2286 13
2287 0
2288 2
2289 1
2290 18
2291 28
2292 0
2293 0
2294 16
2295 11
2296 2
2297 7
2298 2
2299 0
2300 7
2301 6
2302 5
2303 0
2304 2
2305 0
2306 0
2307 6
2308 20
2309 3
2310 4
2311 2
2312 2
2313 2
2314 8
2315 2
2316 18
2317 6
2318 0
2319 1
2320 15
2321 8
2322 6
2323 0
2324 0
2325 0
2326 16
2327 25
2328 2
2329 0
2330 0
2331 0
2332 0
2333 1
2334 24
2335 36
2336 0
2337 0
2338 1
2339 6
2340 10
2341 0
2342 0
2343 0
2344 6
2345 13
2346 3
2347 7
2348 0
2349 4
2350 9
2351 12
2352 14
2353 20
2354 6
2355 1
2356 9
2357 1
2358 0
2359 0
2360 0
2361 0
2362 0
2363 14
2364 14
2365 0
2366 13
2367 10
2368 0
2369 4
2370 12
2371 11
2372 6
2373 1
2374 0
2375 5
2376 11
2377 0
2378 0
2379 1
2380 0
2381 0
2382 16
2383 8
2384 4
2385 19
2386 4
2387 16
2388 23
2389 12
2390 7
2391 19
2392 1
2393 0
2394 16
2395 5
2396 0
2397 0
2398 15
2399 0
2400 0
2401 9
2402 36
2403 1
2404 1
2405 16
2406 15
2407 9
2408 7
2409 7
2410 4
2411 12
2412 4
2413 1
2414 0
2415 3
2416 0
2417 0
2418 0
2419 10
2420 14
2421 18
2422 28
2423 3
2424 7
2425 9
2426 14
2427 21
2428 23
2429 3
2430 0
2431 3
2432 13
2433 0
2434 0
2435 8
2436 6
2437 2
2438 21
2439 0
2440 5
2441 10
2442 16
2443 4
2444 7
2445 5
2446 0
2447 0
2448 0
2449 6
2450 0
2451 0
2452 0
2453 0
2454 3
2455 3
2456 3
2457 4
2458 0
2459 4
2460 0
2461 0
2462 0
2463 0
2464 3
2465 38
2466 2
2467 0
2468 0
2469 1
2470 3
2471 2
2472 0
2473 0
2474 0
2475 0
2476 0
2477 0
2478 7
2479 0
2480 0
2481 2
2482 0
2483 2
2484 4
2485 10
2486 4
2487 11
2488 0
2489 2
2490 0
2491 0
2492 0
2493 0
2494 0
2495 7
2496 0
2497 3
2498 0
2499 6
2500 1
2501 0
2502 0
2503 9
2504 0
2505 0
2506 0
2507 0
2508 0
2509 1
2510 0
2511 0
2512 0
2513 2
2514 0
2515 0
2516 0
2517 0
2518 0
2519 0
2520 0
2521 0
2522 1
2523 4
2524 0
2525 0
2526 5
2527 2
2528 0
2529 0
2530 1
2531 0
2532 0
2533 0
2534 13
2535 14
2536 0
2537 2
2538 4
2539 0
2540 0
2541 0
2542 12
2543 1
2544 5
2545 12
2546 0
2547 0
2548 1
2549 0
2550 0
2551 0
2552 4
2553 8
2554 1
2555 0
2556 0
2557 0
2558 2
2559 2
2560 4
2561 2
2562 0
2563 3
2564 0
2565 0
2566 2
2567 0
2568 0
2569 0
2570 0
2571 0
2572 0
2573 1
2574 0
2575 3
2576 0
2577 0
2578 0
2579 0
2580 0
2581 0
2582 0
2583 0
2584 0
2585 0
2586 0
2587 0
2588 0
2589 0
2590 0
2591 0
2592 0
2593 0
2594 0
2595 0
2596 0
2597 0
2598 0
