0 107
1 0
2 124
3 222
4 249
5 202
6 146
7 119
8 0
9 292
10 126
11 111
12 131
13 113
14 116
15 202
16 111
17 230
18 116
19 116
20 102
21 115
22 235
23 117
24 0
25 236
26 111
27 110
28 269
29 149
30 116
31 105
32 384
33 124
34 241
35 117
36 240
37 196
38 109
39 117
40 113
41 112
42 115
43 114
44 124
45 247
46 111
47 253
48 210
49 110
50 111
51 196
52 117
53 116
54 112
55 112
56 112
57 116
58 115
59 112
60 211
61 111
62 109
63 268
64 107
65 114
66 227
67 116
68 112
69 279
70 112
71 114
72 313
73 343
74 113
75 111
76 112
77 116
78 240
79 115
80 111
81 278
82 193
83 116
84 244
85 200
86 113
87 113
88 114
89 146
90 104
91 207
92 106
93 198
94 109
95 0
96 115
97 113
98 385
99 114
100 0
101 332
102 142
103 111
104 112
105 259
106 285
107 139
108 163
109 118
110 111
111 258
112 118
113 105
114 120
115 107
116 192
117 114
118 234
119 133
120 101
121 265
122 123
123 106
124 110
125 118
126 132
127 135
128 109
129 106
130 103
131 109
132 152
133 0
134 324
135 232
136 114
137 123
138 113
139 207
140 135
141 111
142 149
143 110
144 113
145 254
146 116
147 133
148 205
149 117
150 201
151 0
152 0
153 111
154 110
155 106
156 111
157 132
158 111
159 117
160 146
161 128
162 239
163 226
164 196
165 115
166 116
167 112
168 207
169 207
170 258
171 116
172 113
173 108
174 121
175 125
176 105
177 108
178 349
179 149
180 115
181 257
182 119
183 231
184 107
185 112
186 205
187 214
188 202
189 113
190 193
191 0
192 0
193 111
194 320
195 0
196 283
197 116
198 222
199 112
200 110
201 310
202 123
203 107
204 119
205 213
206 236
207 204
208 195
209 115
210 201
211 258
212 258
213 247
214 0
215 115
216 111
217 223
218 114
219 206
220 133
221 204
222 136
223 119
224 140
225 118
226 200
227 134
228 118
229 114
230 200
231 252
232 0
233 112
234 0
235 190
236 0
237 146
238 262
239 116
240 246
241 128
242 111
243 115
244 209
245 108
246 114
247 241
248 312
249 375
250 193
251 199
252 205
253 0
254 112
255 114
256 119
257 125
258 265
259 222
260 0
261 0
262 193
263 209
264 279
265 252
266 256
267 223
268 110
269 108
270 201
271 151
272 105
273 0
274 201
275 146
276 107
277 225
278 119
279 148
280 224
281 112
282 107
283 110
284 112
285 116
286 226
287 230
288 193
289 162
290 119
291 106
292 109
293 110
294 123
295 117
296 226
297 116
298 197
299 261
300 196
301 112
302 151
303 371
304 362
305 113
306 113
307 111
308 0
309 113
310 224
311 208
312 149
313 279
314 112
315 109
316 123
317 115
318 284
319 150
320 111
321 109
322 244
323 146
324 0
325 267
326 153
327 272
328 270
329 279
330 270
331 113
332 233
333 109
334 296
335 118
336 116
337 240
338 112
339 113
340 198
341 119
342 240
343 199
344 110
345 197
346 110
347 213
348 201
349 217
350 134
351 105
352 206
353 114
354 0
355 146
356 416
357 224
358 235
359 264
360 268
361 240
362 133
363 114
364 0
365 114
366 219
367 118
368 111
369 219
370 349
371 123
372 221
373 138
374 111
375 119
376 209
377 270
378 143
379 115
380 196
381 145
382 115
383 222
384 202
385 137
386 194
387 206
388 256
389 197
390 277
391 194
392 108
393 195
394 204
395 116
396 152
397 102
398 0
399 124
400 251
401 198
402 193
403 193
404 117
405 244
406 223
407 267
408 237
409 227
410 119
411 109
412 113
413 140
414 130
415 223
416 307
417 251
418 134
419 224
420 203
421 118
422 237
423 255
424 107
425 207
426 181
427 103
428 223
429 111
430 117
431 113
432 114
433 267
434 248
435 146
436 262
437 117
438 108
439 279
440 218
441 256
442 113
443 117
444 112
445 114
446 246
447 110
448 116
449 201
450 116
451 108
452 114
453 110
454 208
455 115
456 113
457 113
458 110
459 0
460 115
461 118
462 116
463 106
464 114
465 114
466 233
467 278
468 112
469 111
470 112
471 243
472 203
473 203
474 120
475 145
476 227
477 112
478 112
479 119
480 113
481 234
482 108
483 211
484 209
485 232
486 235
487 209
488 107
489 242
490 254
491 138
492 108
493 116
494 112
495 132
496 105
497 114
498 112
499 201
500 113
501 109
502 118
503 109
504 113
505 114
506 115
507 205
508 110
509 110
510 202
511 122
512 113
513 114
514 248
515 234
516 114
517 147
518 113
519 116
520 114
521 111
522 114
523 132
524 111
525 222
526 115
527 113
528 116
529 117
530 150
531 111
532 194
533 102
534 116
535 204
536 278
537 170
538 105
539 121
540 111
541 239
542 117
543 113
544 152
545 118
546 112
547 107
548 197
549 121
550 114
551 112
552 165
553 114
554 242
555 130
556 141
557 114
558 150
559 115
560 109
561 117
562 123
563 151
564 111
565 109
566 0
567 112
568 110
569 113
570 179
571 234
572 261
573 276
574 204
575 129
576 131
577 117
578 194
579 112
580 115
581 201
582 113
583 128
584 136
585 136
586 149
587 109
588 151
589 128
590 225
591 114
592 110
593 115
594 205
595 114
596 114
597 201
598 258
599 116
600 107
601 211
602 118
603 234
604 203
605 113
606 119
607 121
608 114
609 112
610 163
611 107
612 131
613 112
614 113
615 113
616 110
617 109
618 106
619 120
620 109
621 112
622 115
623 117
624 114
625 121
626 107
627 229
628 109
629 107
630 152
631 121
632 109
633 112
634 112
635 116
636 118
637 105
638 228
639 135
640 133
641 136
642 112
643 123
644 114
645 116
646 113
647 267
648 115
649 113
650 0
651 116
652 114
653 114
654 282
655 295
656 246
657 246
658 119
659 119
660 379
661 206
662 121
663 131
664 227
665 142
666 137
667 234
668 198
669 116
670 107
671 325
672 140
673 109
674 135
675 123
676 114
677 130
678 135
679 147
680 152
681 119
682 108
683 111
684 114
685 115
686 121
687 113
688 114
689 307
690 268
691 112
692 241
693 107
694 233
695 112
696 203
697 204
698 135
699 115
700 153
701 253
702 142
703 124
704 351
705 202
706 204
707 123
708 115
709 150
710 106
711 147
712 233
713 110
714 0
715 115
716 264
717 112
718 230
719 106
720 112
721 118
722 114
723 137
724 127
725 106
726 150
727 118
728 200
729 249
730 238
731 161
732 109
733 112
734 113
735 114
736 117
737 118
738 120
739 104
740 152
741 114
742 233
743 114
744 122
745 112
746 115
747 0
748 137
749 150
750 177
751 226
752 113
753 142
754 256
755 262
756 215
757 248
758 114
759 146
760 113
761 110
762 113
763 137
764 135
765 111
766 114
767 114
768 119
769 117
770 117
771 118
772 117
773 0
774 108
775 208
776 233
777 238
778 117
779 113
780 109
781 200
782 207
783 234
784 153
785 224
786 115
787 113
788 229
789 144
790 232
791 145
792 108
793 113
794 232
795 0
796 113
797 111
798 134
799 117
800 105
801 0
802 129
803 128
804 150
805 244
806 236
807 196
808 115
809 111
810 239
811 271
812 385
813 106
814 273
815 113
816 0
817 0
818 134
819 151
820 118
821 129
822 114
823 243
824 306
825 282
826 262
827 231
828 115
829 112
830 112
831 115
832 115
833 112
834 241
835 135
836 113
837 115
838 117
839 110
840 153
841 144
842 109
843 0
844 231
845 102
846 246
847 124
848 150
849 365
850 112
851 229
852 223
853 112
854 105
855 238
856 120
857 241
858 243
859 119
860 127
861 113
862 108
863 318
864 110
865 148
866 110
867 115
868 233
869 154
870 111
871 132
872 149
873 134
874 0
875 0
876 229
877 111
878 145
879 263
880 123
881 372
882 229
883 111
884 228
885 372
886 232
887 108
888 230
889 241
890 119
891 151
892 227
893 109
894 116
895 226
896 146
897 109
898 114
899 115
900 0
901 291
902 212
903 260
904 206
905 113
906 236
907 115
908 116
909 889
910 112
911 274
912 242
913 246
914 231
915 240
916 117
917 231
918 111
919 221
920 117
921 117
922 127
923 121
924 113
925 114
926 125
927 194
928 0
929 198
930 108
931 135
932 147
933 236
934 209
935 227
936 201
937 107
938 280
939 228
940 184
941 110
942 0
943 110
944 220
945 242
946 108
947 116
948 0
949 155
950 111
951 109
952 387
953 310
954 229
955 112
956 156
957 310
958 257
959 195
960 114
961 221
962 222
963 247
964 108
965 221
966 240
967 112
968 235
969 135
970 105
971 113
972 224
973 111
974 111
975 115
976 147
977 108
978 229
979 219
980 114
981 111
982 293
983 351
984 120
985 244
986 153
987 201
988 0
989 131
990 114
991 146
992 225
993 205
994 239
995 115
996 105
997 118
998 108
999 268
1000 352
1001 110
1002 147
1003 147
1004 0
1005 111
1006 116
1007 230
1008 131
1009 126
1010 111
1011 308
1012 114
1013 0
1014 0
1015 356
1016 286
1017 225
1018 111
1019 109
1020 199
1021 257
1022 242
1023 145
1024 230
1025 321
1026 265
1027 267
1028 113
1029 114
1030 148
1031 113
1032 115
1033 109
1034 228
1035 352
1036 111
1037 339
1038 112
1039 116
1040 114
1041 158
1042 102
1043 150
1044 372
1045 103
1046 118
1047 114
1048 245
1049 258
1050 111
1051 0
1052 113
1053 137
1054 272
1055 114
1056 221
1057 148
1058 111
1059 233
1060 112
1061 233
1062 0
1063 243
1064 0
1065 184
1066 116
1067 189
1068 370
1069 110
1070 112
1071 116
1072 119
1073 118
1074 119
1075 144
1076 308
1077 235
1078 109
1079 237
1080 259
1081 152
1082 317
1083 134
1084 106
1085 105
1086 0
1087 150
1088 328
1089 288
1090 110
1091 312
1092 107
1093 108
1094 105
1095 103
1096 107
1097 103
1098 327
1099 193
1100 236
1101 206
1102 112
1103 111
1104 107
1105 109
1106 155
1107 107
1108 111
1109 188
1110 111
1111 135
1112 330
1113 339
1114 284
1115 110
1116 123
1117 317
1118 110
1119 113
1120 237
1121 132
1122 116
1123 110
1124 284
1125 129
1126 106
1127 110
1128 117
1129 247
1130 121
1131 130
1132 0
1133 138
1134 115
1135 227
1136 0
1137 0
1138 105
1139 116
1140 195
1141 111
1142 248
1143 267
1144 269
1145 236
1146 114
1147 0
1148 218
1149 265
1150 223
1151 150
1152 116
1153 117
1154 108
1155 313
1156 216
1157 201
1158 106
1159 336
1160 117
1161 116
1162 107
1163 0
1164 227
1165 0
1166 282
1167 115
1168 115
1169 237
1170 147
1171 377
1172 230
1173 105
1174 108
1175 273
1176 254
1177 373
1178 200
1179 269
1180 246
1181 229
1182 112
1183 254
1184 105
1185 153
1186 201
1187 115
1188 109
1189 120
1190 110
1191 137
1192 137
1193 151
1194 112
1195 115
1196 111
1197 111
1198 112
1199 116
1200 106
1201 267
1202 208
1203 116
1204 192
1205 235
1206 238
1207 353
1208 269
1209 231
1210 132
1211 236
1212 241
1213 271
1214 294
1215 110
1216 197
1217 132
1218 117
1219 259
1220 230
1221 235
1222 253
1223 104
1224 126
1225 200
1226 135
1227 104
1228 132
1229 116
1230 117
1231 113
1232 110
1233 151
1234 114
1235 271
1236 142
1237 144
1238 236
1239 149
1240 110
1241 0
1242 115
1243 199
1244 200
1245 109
1246 227
1247 109
1248 114
1249 261
1250 234
1251 117
1252 211
1253 376
1254 223
1255 262
1256 118
1257 257
1258 106
1259 304
1260 113
1261 109
1262 109
1263 110
1264 111
1265 112
1266 113
1267 115
1268 116
1269 110
1270 122
1271 107
1272 148
1273 111
1274 212
1275 117
1276 107
1277 107
1278 151
1279 154
1280 147
1281 301
1282 289
1283 286
1284 295
1285 134
1286 148
1287 196
1288 113
1289 237
1290 371
1291 112
1292 223
1293 228
1294 314
1295 205
1296 132
1297 113
1298 341
1299 111
1300 106
1301 0
1302 112
1303 111
1304 113
1305 108
1306 106
1307 113
1308 116
1309 114
1310 110
1311 234
1312 113
1313 152
1314 108
1315 291
1316 115
1317 147
1318 114
1319 147
1320 106
1321 128
1322 136
1323 234
1324 112
1325 234
1326 246
1327 279
1328 284
1329 235
1330 226
1331 112
1332 240
1333 112
1334 233
1335 122
1336 232
1337 212
1338 234
1339 116
1340 114
1341 115
1342 258
1343 139
1344 204
1345 115
1346 117
1347 111
1348 128
1349 104
1350 134
1351 244
1352 105
1353 112
1354 114
1355 135
1356 123
1357 111
1358 110
1359 234
1360 110
1361 198
1362 115
1363 235
1364 112
1365 115
1366 278
1367 236
1368 286
1369 235
1370 136
1371 146
1372 0
1373 233
1374 233
1375 350
1376 204
1377 239
1378 112
1379 112
1380 232
1381 152
1382 130
1383 236
1384 200
1385 114
1386 208
1387 209
1388 335
1389 211
1390 106
1391 815
1392 199
1393 114
1394 110
1395 233
1396 112
1397 114
1398 0
1399 225
1400 152
1401 115
1402 105
1403 237
1404 113
1405 205
1406 202
1407 145
1408 226
1409 107
1410 112
1411 112
1412 141
1413 0
1414 118
1415 140
1416 240
1417 108
1418 108
1419 206
1420 234
1421 218
1422 233
1423 238
1424 234
1425 303
1426 103
1427 120
1428 204
1429 289
1430 111
1431 113
1432 246
1433 114
1434 120
1435 135
1436 272
1437 204
1438 110
1439 115
1440 194
1441 105
1442 117
1443 122
1444 109
1445 110
1446 120
1447 110
1448 110
1449 148
1450 115
1451 116
1452 266
1453 208
1454 114
1455 345
1456 111
1457 109
1458 110
1459 114
1460 131
1461 150
1462 109
1463 154
1464 134
1465 113
1466 201
1467 108
1468 109
1469 236
1470 229
1471 0
1472 253
1473 111
1474 115
1475 235
1476 220
1477 112
1478 325
1479 244
1480 133
1481 249
1482 303
1483 142
1484 207
1485 270
1486 206
1487 234
1488 224
1489 107
1490 118
1491 119
1492 110
1493 112
1494 114
1495 112
1496 117
1497 121
1498 119
1499 231
1500 118
1501 131
1502 143
1503 107
1504 114
1505 118
1506 105
1507 249
1508 131
1509 107
1510 117
1511 113
1512 107
1513 107
1514 113
1515 199
1516 229
1517 105
1518 0
1519 0
1520 225
1521 239
1522 146
1523 111
1524 117
1525 239
1526 240
1527 343
1528 235
1529 238
1530 207
1531 225
1532 276
1533 265
1534 318
1535 300
1536 104
1537 104
1538 107
1539 112
1540 113
1541 110
1542 120
1543 113
1544 115
1545 124
1546 151
1547 118
1548 109
1549 110
1550 155
1551 108
1552 150
1553 201
1554 150
1555 106
1556 262
1557 150
1558 109
1559 116
1560 112
1561 149
1562 109
1563 132
1564 143
1565 132
1566 210
1567 133
1568 296
1569 234
1570 115
1571 109
1572 232
1573 123
1574 121
1575 117
1576 115
1577 114
1578 126
1579 237
1580 147
1581 142
1582 126
1583 249
1584 198
1585 112
1586 114
1587 120
1588 110
1589 110
1590 115
1591 113
1592 116
1593 113
1594 114
1595 105
1596 107
1597 151
1598 231
1599 112
1600 287
1601 239
1602 147
1603 127
1604 115
1605 107
1606 140
1607 111
1608 109
1609 107
1610 152
1611 0
1612 233
1613 209
1614 106
1615 238
1616 107
1617 233
1618 242
1619 117
1620 234
1621 233
1622 310
1623 111
1624 115
1625 216
1626 195
1627 140
1628 107
1629 270
1630 112
1631 116
1632 117
1633 111
1634 115
1635 137
1636 113
1637 198
1638 113
1639 254
1640 115
1641 111
1642 114
1643 231
1644 242
1645 106
1646 113
1647 110
1648 107
1649 105
1650 236
1651 232
1652 110
1653 239
1654 235
1655 244
1656 205
1657 120
1658 105
1659 116
1660 111
1661 110
1662 111
1663 110
1664 141
1665 147
1666 112
1667 135
1668 235
1669 107
1670 141
1671 148
1672 109
1673 112
1674 235
1675 110
1676 135
1677 324
1678 114
1679 114
1680 142
1681 236
1682 237
1683 279
1684 111
1685 107
1686 158
1687 136
1688 170
1689 219
1690 344
1691 116
1692 112
1693 113
1694 107
1695 114
1696 114
1697 114
1698 114
1699 104
1700 108
1701 114
1702 116
1703 150
1704 0
1705 202
1706 261
1707 141
1708 116
1709 240
1710 238
1711 113
1712 238
1713 344
1714 330
1715 117
1716 110
1717 234
1718 385
1719 110
1720 108
1721 199
1722 270
1723 117
1724 111
1725 116
1726 113
1727 115
1728 109
1729 130
1730 108
1731 150
1732 105
1733 122
1734 231
1735 111
1736 145
1737 355
1738 240
1739 120
1740 114
1741 206
1742 238
1743 113
1744 147
1745 110
1746 136
1747 112
1748 131
1749 225
1750 110
1751 151
1752 120
1753 105
1754 201
1755 231
1756 108
1757 221
1758 202
1759 106
1760 203
1761 361
1762 114
1763 138
1764 232
1765 106
1766 115
1767 239
1768 255
1769 200
1770 110
1771 215
1772 105
1773 210
1774 218
1775 112
1776 238
1777 108
1778 239
1779 117
1780 108
1781 60
1782 104
1783 270
1784 233
1785 343
1786 202
1787 119
1788 207
1789 223
1790 105
1791 109
1792 120
1793 239
1794 207
1795 0
1796 211
1797 234
1798 112
1799 108
1800 116
1801 104
1802 107
1803 238
1804 112
1805 152
1806 115
1807 109
1808 134
1809 193
1810 210
1811 113
1812 103
1813 115
1814 143
1815 206
1816 132
1817 199
1818 228
1819 106
1820 116
1821 116
1822 109
1823 238
1824 230
1825 233
1826 112
1827 233
1828 239
1829 107
1830 206
1831 255
1832 106
1833 208
1834 110
1835 381
1836 113
1837 113
1838 110
1839 108
1840 303
1841 231
1842 112
1843 113
1844 238
1845 197
1846 236
1847 200
1848 220
1849 111
1850 108
1851 237
1852 110
1853 200
1854 105
1855 112
1856 117
1857 226
1858 105
1859 116
1860 110
1861 115
1862 120
1863 107
1864 147
1865 140
1866 207
1867 125
1868 108
1869 136
1870 106
1871 212
1872 240
1873 113
1874 116
1875 113
1876 117
1877 144
1878 107
1879 231
1880 114
1881 115
1882 112
1883 105
1884 121
1885 108
1886 106
1887 108
1888 103
1889 206
1890 112
1891 107
1892 112
1893 211
1894 210
1895 122
1896 106
1897 134
1898 102
1899 207
1900 245
1901 205
1902 205
1903 107
1904 113
1905 138
1906 134
1907 110
1908 113
1909 103
1910 108
1911 139
1912 108
1913 113
1914 109
1915 111
1916 204
1917 112
1918 117
1919 112
1920 110
1921 111
1922 201
1923 114
1924 111
1925 231
1926 109
1927 104
1928 139
1929 218
1930 223
1931 109
1932 141
1933 106
1934 108
1935 110
1936 315
1937 134
1938 109
1939 110
1940 116
1941 140
1942 115
1943 233
1944 112
1945 112
1946 115
1947 111
1948 110
1949 107
1950 105
1951 232
1952 120
1953 200
1954 105
1955 206
1956 209
1957 105
1958 209
1959 199
1960 109
1961 229
1962 110
1963 117
1964 109
1965 110
1966 226
1967 139
1968 109
1969 105
1970 104
1971 111
1972 110
1973 113
1974 103
1975 109
1976 218
1977 0
1978 115
1979 110
1980 226
1981 115
1982 113
1983 106
1984 109
1985 107
1986 106
1987 243
1988 208
1989 113
1990 221
1991 274
1992 228
1993 105
1994 107
1995 108
1996 115
1997 107
1998 110
1999 112
2000 111
2001 116
2002 110
2003 115
2004 113
2005 115
2006 202
2007 205
2008 106
2009 115
2010 107
2011 234
2012 205
2013 232
2014 203
2015 232
2016 123
2017 139
2018 105
2019 118
2020 107
2021 115
2022 104
2023 108
2024 115
2025 112
2026 112
2027 106
2028 108
2029 114
2030 119
2031 106
2032 235
2033 234
2034 204
2035 231
2036 119
2037 117
2038 112
2039 218
2040 127
2041 131
2042 142
2043 232
2044 108
2045 111
2046 109
2047 108
2048 114
2049 118
2050 117
2051 110
2052 107
2053 104
2054 116
2055 117
2056 128
2057 236
2058 200
2059 234
2060 198
2061 206
2062 259
2063 113
2064 138
2065 236
2066 211
2067 106
2068 105
2069 110
2070 116
2071 111
2072 106
2073 109
2074 105
2075 110
2076 118
2077 106
2078 112
2079 105
2080 110
2081 117
2082 142
2083 109
2084 142
2085 142
2086 109
2087 236
2088 208
2089 110
2090 111
2091 104
2092 239
2093 208
2094 112
2095 107
2096 98
2097 109
2098 146
2099 110
2100 107
2101 109
2102 104
2103 108
2104 110
2105 107
2106 116
2107 118
2108 118
2109 108
2110 235
2111 106
2112 198
2113 115
2114 211
2115 146
2116 249
2117 118
2118 113
2119 106
2120 270
2121 121
2122 260
2123 205
2124 115
2125 112
2126 114
2127 107
2128 200
2129 120
2130 120
2131 146
2132 103
2133 196
2134 0
2135 105
2136 203
2137 240
2138 114
2139 210
2140 110
2141 112
2142 106
2143 110
2144 109
2145 118
2146 117
2147 109
2148 137
2149 114
2150 116
2151 135
2152 108
2153 140
2154 201
2155 115
2156 109
2157 205
2158 107
2159 109
2160 150
2161 137
2162 374
2163 110
2164 106
2165 107
2166 113
2167 111
2168 106
2169 110
2170 106
2171 245
2172 119
2173 220
2174 231
2175 115
2176 119
2177 205
2178 106
2179 111
2180 108
2181 110
2182 104
2183 106
2184 109
2185 0
2186 110
2187 136
2188 110
2189 99
2190 110
2191 138
2192 246
2193 110
2194 111
2195 111
2196 104
2197 111
2198 97
2199 215
2200 116
2201 110
2202 110
2203 113
2204 113
2205 111
2206 107
2207 112
2208 223
2209 242
2210 121
2211 255
2212 219
2213 106
2214 101
2215 216
2216 109
2217 111
2218 264
2219 110
2220 110
2221 109
2222 298
2223 117
2224 233
2225 113
2226 102
2227 107
2228 258
2229 112
2230 253
2231 104
2232 267
2233 120
2234 108
2235 270
2236 300
2237 263
2238 118
2239 231
2240 0
2241 110
2242 111
2243 110
2244 112
2245 205
2246 140
2247 246
2248 209
2249 230
2250 198
2251 247
2252 146
2253 113
2254 263
2255 251
2256 251
2257 375
2258 108
2259 116
2260 107
2261 109
2262 106
2263 264
2264 106
2265 148
2266 107
2267 109
2268 103
2269 144
2270 243
2271 203
2272 224
2273 115
2274 113
2275 236
2276 272
2277 240
2278 211
2279 246
2280 108
2281 101
2282 111
2283 101
2284 0
2285 117
2286 111
2287 105
2288 107
2289 109
2290 222
2291 230
2292 134
2293 233
2294 109
2295 116
2296 106
2297 264
2298 216
2299 317
2300 200
2301 109
2302 265
2303 320
2304 385
2305 110
2306 232
2307 241
2308 107
2309 110
2310 132
2311 218
2312 220
2313 218
2314 113
2315 222
2316 101
2317 220
2318 0
2319 220
2320 250
2321 105
2322 107
2323 0
2324 0
2325 105
2326 111
2327 111
2328 109
2329 228
2330 131
2331 108
2332 110
2333 243
2334 247
2335 221
2336 107
2337 108
2338 213
2339 226
2340 106
2341 105
2342 112
2343 0
2344 102
2345 111
2346 110
2347 108
2348 110
2349 111
2350 110
2351 287
2352 265
2353 109
2354 221
2355 111
2356 106
2357 119
2358 144
2359 0
2360 107
2361 0
2362 120
2363 113
2364 112
2365 108
2366 106
2367 230
2368 113
2369 112
2370 225
2371 224
2372 220
2373 253
2374 275
2375 260
2376 251
2377 134
2378 119
2379 224
2380 113
2381 113
2382 268
2383 109
2384 107
2385 111
2386 271
2387 238
2388 372
2389 109
2390 109
2391 266
2392 272
2393 150
2394 250
2395 136
2396 113
2397 108
2398 105
2399 112
2400 199
2401 115
2402 112
2403 378
2404 106
2405 108
2406 378
2407 108
2408 140
2409 109
2410 110
2411 233
2412 113
2413 259
2414 0
2415 119
2416 105
2417 204
2418 137
2419 104
2420 114
2421 104
2422 340
2423 216
2424 106
2425 231
2426 110
2427 117
2428 215
2429 109
2430 251
2431 104
2432 230
2433 0
2434 101
2435 111
2436 108
2437 108
2438 108
2439 106
2440 137
2441 106
2442 116
2443 121
2444 244
2445 114
2446 110
2447 0
2448 109
2449 152
2450 108
2451 106
2452 110
2453 264
2454 264
2455 261
2456 103
2457 224
2458 257
2459 120
2460 252
2461 199
2462 0
2463 106
2464 108
2465 228
2466 103
2467 201
2468 121
2469 208
2470 262
2471 109
2472 205
2473 106
2474 108
2475 267
2476 0
2477 108
2478 115
2479 115
2480 120
2481 254
2482 107
2483 104
2484 113
2485 107
2486 106
2487 220
2488 220
2489 237
2490 384
2491 109
2492 0
2493 117
2494 103
2495 110
2496 106
2497 111
2498 103
2499 107
2500 102
2501 104
2502 104
2503 245
2504 110
2505 0
2506 325
2507 138
2508 111
2509 106
2510 107
2511 113
2512 143
2513 106
2514 0
2515 0
2516 110
2517 0
2518 0
2519 294
2520 112
2521 126
2522 256
2523 120
2524 287
2525 206
2526 207
2527 118
2528 0
2529 284
2530 109
2531 168
2532 206
2533 347
2534 233
2535 362
2536 273
2537 142
2538 105
2539 104
2540 0
2541 137
2542 220
2543 113
2544 113
2545 149
2546 231
2547 104
2548 208
2549 243
2550 235
2551 109
2552 202
2553 110
2554 116
2555 109
2556 0
2557 254
2558 207
2559 113
2560 102
2561 109
2562 116
2563 108
2564 222
2565 103
2566 202
2567 252
2568 109
2569 107
2570 109
2571 112
2572 0
2573 291
2574 111
2575 206
2576 110
2577 106
2578 106
2579 107
2580 0
