0 8
1 0
2 0
3 0
4 4
5 6
6 0
7 0
8 0
9 0
10 2
11 8
12 1
13 6
14 16
15 6
16 13
17 1
18 1
19 24
20 0
21 3
22 1
23 17
24 0
25 7
26 0
27 1
28 0
29 1
30 0
31 0
32 0
33 5
34 0
35 11
36 0
37 1
38 1
39 1
40 2
41 0
42 0
43 0
44 13
45 0
46 0
47 0
48 0
49 14
50 4
51 0
52 9
53 10
54 9
55 1
56 2
57 8
58 10
59 1
60 2
61 11
62 11
63 0
64 1
65 29
66 3
67 7
68 4
69 1
70 1
71 1
72 0
73 0
74 7
75 14
76 0
77 9
78 17
79 17
80 2
81 0
82 7
83 2
84 0
85 0
86 5
87 25
88 21
89 0
90 0
91 0
92 1
93 7
94 1
95 0
96 2
97 11
98 2
99 12
100 0
101 1
102 8
103 8
104 1
105 2
106 14
107 3
108 11
109 9
110 0
111 2
112 5
113 1
114 7
115 3
116 12
117 3
118 1
119 5
120 0
121 3
122 20
123 6
124 2
125 0
126 1
127 1
128 3
129 4
130 2
131 5
132 0
133 0
134 1
135 15
136 9
137 45
138 2
139 2
140 14
141 13
142 1
143 2
144 0
145 0
146 11
147 3
148 12
149 6
150 4
151 0
152 0
153 4
154 3
155 6
156 1
157 4
158 37
159 7
160 3
161 3
162 0
163 6
164 9
165 11
166 12
167 8
168 3
169 2
170 14
171 8
172 4
173 3
174 17
175 32
176 17
177 2
178 7
179 0
180 16
181 1
182 45
183 23
184 8
185 8
186 35
187 28
188 15
189 3
190 2
191 0
192 0
193 0
194 0
195 0
196 17
197 11
198 1
199 12
200 12
201 9
202 4
203 15
204 11
205 23
206 38
207 8
208 6
209 0
210 24
211 0
212 2
213 9
214 0
215 18
216 0
217 4
218 4
219 32
220 8
221 23
222 24
223 24
224 34
225 19
226 15
227 2
228 0
229 2
230 0
231 0
232 0
233 3
234 0
235 2
236 0
237 0
238 11
239 42
240 1
241 39
242 19
243 4
244 28
245 6
246 10
247 0
248 6
249 3
250 2
251 0
252 3
253 0
254 1
255 3
256 62
257 20
258 3
259 0
260 0
261 0
262 2
263 8
264 1
265 4
266 0
267 4
268 1
269 0
270 5
271 12
272 3
273 0
274 1
275 1
276 0
277 0
278 3
279 10
280 2
281 0
282 4
283 37
284 1
285 0
286 4
287 2
288 4
289 2
290 35
291 7
292 45
293 18
294 0
295 8
296 12
297 4
298 6
299 3
300 7
301 5
302 8
303 6
304 48
305 14
306 10
307 20
308 0
309 11
310 6
311 10
312 13
313 2
314 1
315 16
316 12
317 15
318 32
319 1
320 4
321 6
322 0
323 2
324 0
325 0
326 5
327 0
328 0
329 0
330 1
331 10
332 1
333 17
334 25
335 17
336 2
337 7
338 29
339 15
340 0
341 0
342 1
343 0
344 2
345 0
346 5
347 0
348 17
349 5
350 8
351 34
352 4
353 1
354 0
355 1
356 0
357 10
358 0
359 11
360 9
361 24
362 42
363 0
364 0
365 0
366 2
367 4
368 12
369 17
370 4
371 3
372 2
373 2
374 2
375 3
376 7
377 0
378 2
379 8
380 9
381 0
382 6
383 0
384 7
385 13
386 0
387 0
388 9
389 15
390 25
391 14
392 25
393 0
394 11
395 4
396 29
397 7
398 0
399 17
400 1
401 6
402 5
403 4
404 12
405 9
406 23
407 19
408 3
409 0
410 2
411 4
412 7
413 33
414 21
415 2
416 2
417 6
418 1
419 6
420 2
421 1
422 13
423 14
424 14
425 9
426 7
427 2
428 11
429 0
430 24
431 2
432 1
433 3
434 0
435 1
436 22
437 28
438 42
439 17
440 24
441 23
442 9
443 36
444 3
445 3
446 2
447 1
448 17
449 5
450 12
451 8
452 15
453 20
454 25
455 4
456 15
457 31
458 22
459 0
460 1
461 24
462 19
463 8
464 13
465 9
466 2
467 15
468 12
469 25
470 30
471 31
472 18
473 9
474 24
475 5
476 1
477 2
478 0
479 2
480 2
481 5
482 5
483 0
484 15
485 6
486 10
487 15
488 4
489 25
490 6
491 4
492 29
493 43
494 3
495 11
496 6
497 1
498 26
499 7
500 8
501 7
502 9
503 1
504 1
505 8
506 12
507 1
508 1
509 34
510 2
511 4
512 18
513 30
514 9
515 14
516 9
517 6
518 0
519 7
520 24
521 23
522 0
523 3
524 4
525 0
526 0
527 3
528 10
529 2
530 1
531 3
532 18
533 18
534 2
535 16
536 21
537 3
538 2
539 13
540 1
541 3
542 1
543 15
544 15
545 0
546 8
547 0
548 14
549 0
550 4
551 1
552 18
553 19
554 30
555 24
556 4
557 2
558 6
559 10
560 5
561 10
562 3
563 0
564 0
565 0
566 0
567 3
568 1
569 0
570 2
571 14
572 9
573 4
574 1
575 14
576 3
577 6
578 6
579 5
580 2
581 0
582 1
583 7
584 10
585 10
586 7
587 2
588 16
589 36
590 0
591 0
592 8
593 1
594 1
595 3
596 2
597 1
598 20
599 24
600 15
601 39
602 8
603 6
604 4
605 2
606 6
607 9
608 12
609 3
610 11
611 6
612 16
613 13
614 28
615 21
616 17
617 0
618 1
619 0
620 4
621 0
622 8
623 1
624 3
625 24
626 14
627 31
628 19
629 13
630 23
631 3
632 6
633 4
634 7
635 6
636 14
637 1
638 4
639 11
640 2
641 12
642 6
643 28
644 5
645 18
646 11
647 1
648 1
649 0
650 0
651 8
652 10
653 6
654 3
655 8
656 4
657 2
658 21
659 14
660 1
661 8
662 1
663 14
664 1
665 0
666 12
667 9
668 0
669 6
670 11
671 18
672 1
673 2
674 2
675 0
676 15
677 20
678 10
679 7
680 22
681 18
682 0
683 5
684 3
685 7
686 2
687 0
688 0
689 5
690 23
691 16
692 10
693 0
694 2
695 5
696 1
697 1
698 0
699 6
700 4
701 5
702 9
703 0
704 3
705 14
706 22
707 10
708 1
709 9
710 0
711 0
712 1
713 1
714 0
715 3
716 9
717 31
718 14
719 13
720 29
721 9
722 2
723 0
724 4
725 3
726 4
727 4
728 5
729 11
730 8
731 15
732 3
733 6
734 9
735 2
736 12
737 8
738 19
739 19
740 8
741 4
742 0
743 4
744 15
745 0
746 0
747 0
748 12
749 6
750 37
751 1
752 16
753 3
754 11
755 0
756 5
757 1
758 5
759 23
760 11
761 3
762 10
763 3
764 25
765 6
766 6
767 5
768 0
769 3
770 29
771 2
772 0
773 0
774 8
775 9
776 6
777 6
778 4
779 0
780 0
781 1
782 6
783 3
784 7
785 3
786 14
787 10
788 1
789 21
790 2
791 3
792 6
793 12
794 11
795 0
796 11
797 17
798 6
799 4
800 1
801 0
802 3
803 0
804 1
805 0
806 22
807 9
808 9
809 14
810 7
811 2
812 5
813 5
814 3
815 0
816 0
817 0
818 2
819 19
820 19
821 20
822 6
823 11
824 3
825 7
826 4
827 18
828 7
829 5
830 5
831 6
832 8
833 13
834 14
835 5
836 6
837 3
838 4
839 1
840 0
841 2
842 1
843 0
844 5
845 8
846 12
847 14
848 7
849 1
850 12
851 0
852 12
853 1
854 0
855 7
856 2
857 17
858 10
859 2
860 3
861 8
862 12
863 2
864 4
865 8
866 1
867 8
868 1
869 2
870 3
871 0
872 0
873 1
874 0
875 0
876 1
877 24
878 9
879 7
880 31
881 18
882 2
883 1
884 13
885 0
886 1
887 2
888 6
889 33
890 2
891 2
892 7
893 4
894 4
895 6
896 3
897 6
898 2
899 1
900 0
901 0
902 2
903 37
904 16
905 3
906 16
907 24
908 12
909 0
910 2
911 11
912 0
913 0
914 5
915 17
916 0
917 4
918 15
919 5
920 12
921 21
922 6
923 0
924 3
925 0
926 2
927 6
928 0
929 0
930 8
931 25
932 11
933 33
934 11
935 20
936 3
937 1
938 11
939 5
940 16
941 7
942 0
943 1
944 17
945 18
946 7
947 0
948 0
949 14
950 10
951 1
952 10
953 15
954 7
955 29
956 34
957 7
958 3
959 11
960 6
961 0
962 5
963 11
964 9
965 1
966 10
967 6
968 9
969 22
970 9
971 0
972 7
973 15
974 4
975 9
976 1
977 1
978 38
979 4
980 32
981 35
982 5
983 3
984 21
985 19
986 4
987 1
988 0
989 0
990 1
991 4
992 5
993 26
994 13
995 4
996 9
997 1
998 5
999 5
1000 3
1001 9
1002 14
1003 0
1004 0
1005 0
1006 0
1007 15
1008 25
1009 0
1010 4
1011 0
1012 1
1013 0
1014 0
1015 0
1016 6
1017 19
1018 1
1019 18
1020 13
1021 21
1022 14
1023 3
1024 7
1025 2
1026 10
1027 28
1028 5
1029 2
1030 1
1031 12
1032 1
1033 0
1034 4
1035 8
1036 5
1037 2
1038 24
1039 13
1040 20
1041 12
1042 0
1043 6
1044 2
1045 5
1046 9
1047 8
1048 11
1049 1
1050 1
1051 0
1052 0
1053 0
1054 1
1055 3
1056 6
1057 8
1058 10
1059 20
1060 19
1061 3
1062 0
1063 0
1064 0
1065 1
1066 0
1067 5
1068 3
1069 5
1070 4
1071 1
1072 17
1073 7
1074 14
1075 2
1076 1
1077 0
1078 7
1079 0
1080 15
1081 12
1082 4
1083 6
1084 4
1085 2
1086 0
1087 0
1088 0
1089 0
1090 16
1091 28
1092 18
1093 23
1094 12
1095 2
1096 5
1097 1
1098 4
1099 28
1100 0
1101 1
1102 1
1103 3
1104 1
1105 2
1106 29
1107 27
1108 5
1109 0
1110 55
1111 13
1112 0
1113 9
1114 20
1115 1
1116 0
1117 2
1118 1
1119 21
1120 24
1121 16
1122 3
1123 1
1124 4
1125 0
1126 3
1127 0
1128 6
1129 10
1130 0
1131 0
1132 0
1133 7
1134 4
1135 1
1136 0
1137 0
1138 0
1139 11
1140 57
1141 35
1142 13
1143 0
1144 1
1145 0
1146 5
1147 0
1148 1
1149 18
1150 31
1151 3
1152 4
1153 4
1154 7
1155 29
1156 18
1157 13
1158 3
1159 1
1160 3
1161 0
1162 6
1163 0
1164 0
1165 0
1166 6
1167 7
1168 18
1169 2
1170 17
1171 0
1172 0
1173 1
1174 0
1175 1
1176 10
1177 28
1178 3
1179 23
1180 2
1181 14
1182 10
1183 22
1184 8
1185 17
1186 12
1187 5
1188 0
1189 0
1190 0
1191 5
1192 11
1193 0
1194 3
1195 0
1196 1
1197 0
1198 8
1199 6
1200 2
1201 0
1202 0
1203 23
1204 2
1205 0
1206 3
1207 0
1208 6
1209 3
1210 18
1211 13
1212 29
1213 2
1214 6
1215 15
1216 9
1217 36
1218 15
1219 3
1220 12
1221 5
1222 3
1223 7
1224 5
1225 2
1226 5
1227 2
1228 8
1229 12
1230 7
1231 0
1232 4
1233 9
1234 11
1235 31
1236 5
1237 6
1238 10
1239 0
1240 3
1241 0
1242 0
1243 12
1244 0
1245 6
1246 3
1247 13
1248 26
1249 40
1250 3
1251 13
1252 23
1253 32
1254 60
1255 7
1256 6
1257 2
1258 16
1259 1
1260 6
1261 2
1262 5
1263 7
1264 15
1265 13
1266 7
1267 1
1268 0
1269 0
1270 1
1271 2
1272 7
1273 7
1274 50
1275 20
1276 1
1277 4
1278 5
1279 4
1280 0
1281 0
1282 0
1283 0
1284 0
1285 0
1286 15
1287 24
1288 6
1289 20
1290 15
1291 17
1292 8
1293 8
1294 142
1295 55
1296 5
1297 0
1298 6
1299 18
1300 2
1301 0
1302 2
1303 8
1304 22
1305 4
1306 2
1307 14
1308 14
1309 10
1310 3
1311 9
1312 0
1313 0
1314 0
1315 21
1316 21
1317 23
1318 25
1319 26
1320 27
1321 39
1322 27
1323 2
1324 3
1325 5
1326 1
1327 1
1328 0
1329 4
1330 1
1331 7
1332 29
1333 8
1334 3
1335 6
1336 4
1337 17
1338 12
1339 54
1340 68
1341 12
1342 4
1343 15
1344 20
1345 4
1346 3
1347 2
1348 0
1349 4
1350 26
1351 2
1352 2
1353 24
1354 3
1355 13
1356 12
1357 3
1358 4
1359 11
1360 2
1361 0
1362 0
1363 10
1364 36
1365 40
1366 7
1367 11
1368 11
1369 30
1370 18
1371 22
1372 0
1373 3
1374 0
1375 0
1376 1
1377 1
1378 5
1379 27
1380 27
1381 3
1382 4
1383 3
1384 13
1385 6
1386 20
1387 51
1388 14
1389 1
1390 17
1391 14
1392 3
1393 2
1394 2
1395 5
1396 9
1397 6
1398 0
1399 2
1400 17
1401 11
1402 8
1403 11
1404 12
1405 5
1406 3
1407 14
1408 15
1409 15
1410 12
1411 4
1412 4
1413 0
1414 1
1415 1
1416 12
1417 15
1418 10
1419 25
1420 10
1421 32
1422 10
1423 0
1424 3
1425 0
1426 1
1427 11
1428 35
1429 48
1430 31
1431 41
1432 30
1433 11
1434 15
1435 19
1436 13
1437 25
1438 0
1439 0
1440 6
1441 9
1442 42
1443 8
1444 6
1445 18
1446 23
1447 5
1448 8
1449 5
1450 3
1451 34
1452 7
1453 18
1454 10
1455 1
1456 7
1457 27
1458 0
1459 28
1460 9
1461 5
1462 2
1463 4
1464 0
1465 4
1466 7
1467 7
1468 1
1469 3
1470 0
1471 0
1472 1
1473 3
1474 1
1475 7
1476 46
1477 84
1478 36
1479 24
1480 36
1481 32
1482 5
1483 18
1484 13
1485 0
1486 4
1487 1
1488 16
1489 10
1490 49
1491 13
1492 9
1493 13
1494 16
1495 2
1496 21
1497 29
1498 4
1499 11
1500 20
1501 5
1502 7
1503 3
1504 12
1505 22
1506 2
1507 9
1508 20
1509 4
1510 7
1511 0
1512 0
1513 3
1514 29
1515 14
1516 7
1517 0
1518 0
1519 0
1520 0
1521 0
1522 2
1523 1
1524 14
1525 53
1526 33
1527 93
1528 67
1529 49
1530 13
1531 0
1532 6
1533 25
1534 2
1535 14
1536 7
1537 7
1538 16
1539 12
1540 1
1541 13
1542 2
1543 10
1544 53
1545 24
1546 32
1547 15
1548 5
1549 10
1550 20
1551 5
1552 4
1553 8
1554 6
1555 6
1556 29
1557 52
1558 4
1559 5
1560 11
1561 31
1562 23
1563 21
1564 0
1565 1
1566 9
1567 8
1568 24
1569 0
1570 0
1571 6
1572 70
1573 133
1574 46
1575 4
1576 41
1577 21
1578 13
1579 32
1580 41
1581 16
1582 17
1583 15
1584 8
1585 1
1586 0
1587 6
1588 21
1589 2
1590 47
1591 15
1592 8
1593 11
1594 13
1595 36
1596 28
1597 2
1598 2
1599 2
1600 30
1601 11
1602 35
1603 3
1604 4
1605 0
1606 0
1607 4
1608 0
1609 0
1610 0
1611 0
1612 9
1613 14
1614 5
1615 0
1616 18
1617 59
1618 46
1619 78
1620 44
1621 54
1622 51
1623 16
1624 11
1625 2
1626 40
1627 18
1628 9
1629 21
1630 12
1631 11
1632 12
1633 11
1634 17
1635 6
1636 4
1637 9
1638 11
1639 11
1640 22
1641 6
1642 0
1643 1
1644 0
1645 34
1646 67
1647 11
1648 18
1649 12
1650 6
1651 19
1652 56
1653 1
1654 8
1655 27
1656 26
1657 6
1658 10
1659 16
1660 8
1661 12
1662 11
1663 3
1664 9
1665 18
1666 16
1667 31
1668 27
1669 0
1670 5
1671 6
1672 0
1673 2
1674 0
1675 0
1676 0
1677 62
1678 46
1679 37
1680 39
1681 10
1682 19
1683 22
1684 13
1685 29
1686 15
1687 6
1688 8
1689 14
1690 5
1691 15
1692 3
1693 8
1694 14
1695 1
1696 7
1697 1
1698 2
1699 5
1700 1
1701 34
1702 2
1703 11
1704 0
1705 0
1706 2
1707 7
1708 0
1709 10
1710 61
1711 19
1712 13
1713 9
1714 7
1715 27
1716 16
1717 12
1718 3
1719 9
1720 2
1721 8
1722 1
1723 3
1724 3
1725 3
1726 7
1727 5
1728 24
1729 17
1730 2
1731 2
1732 1
1733 9
1734 3
1735 0
1736 4
1737 13
1738 22
1739 25
1740 16
1741 4
1742 17
1743 2
1744 9
1745 17
1746 8
1747 0
1748 1
1749 2
1750 6
1751 14
1752 18
1753 2
1754 1
1755 8
1756 4
1757 5
1758 6
1759 1
1760 0
1761 20
1762 5
1763 11
1764 10
1765 12
1766 3
1767 20
1768 11
1769 0
1770 2
1771 7
1772 14
1773 21
1774 8
1775 5
1776 9
1777 11
1778 19
1779 1
1780 4
1781 0
1782 10
1783 1
1784 4
1785 5
1786 0
1787 14
1788 6
1789 2
1790 10
1791 0
1792 16
1793 7
1794 1
1795 0
1796 2
1797 27
1798 28
1799 50
1800 39
1801 11
1802 14
1803 5
1804 9
1805 38
1806 38
1807 9
1808 13
1809 0
1810 12
1811 4
1812 6
1813 5
1814 3
1815 3
1816 4
1817 0
1818 5
1819 1
1820 10
1821 6
1822 7
1823 5
1824 29
1825 11
1826 2
1827 8
1828 15
1829 21
1830 1
1831 18
1832 5
1833 15
1834 2
1835 23
1836 6
1837 1
1838 6
1839 4
1840 6
1841 3
1842 3
1843 9
1844 27
1845 16
1846 4
1847 6
1848 18
1849 27
1850 4
1851 1
1852 4
1853 12
1854 6
1855 14
1856 8
1857 3
1858 25
1859 25
1860 5
1861 21
1862 17
1863 0
1864 5
1865 3
1866 10
1867 67
1868 17
1869 10
1870 1
1871 11
1872 37
1873 19
1874 4
1875 2
1876 1
1877 7
1878 7
1879 5
1880 0
1881 18
1882 28
1883 34
1884 16
1885 7
1886 2
1887 3
1888 0
1889 12
1890 16
1891 5
1892 8
1893 10
1894 45
1895 47
1896 20
1897 5
1898 4
1899 3
1900 17
1901 13
1902 1
1903 28
1904 9
1905 16
1906 9
1907 15
1908 8
1909 9
1910 9
1911 14
1912 26
1913 16
1914 2
1915 0
1916 1
1917 13
1918 8
1919 15
1920 6
1921 11
1922 1
1923 13
1924 12
1925 16
1926 2
1927 2
1928 2
1929 4
1930 6
1931 13
1932 4
1933 1
1934 6
1935 14
1936 13
1937 1
1938 2
1939 3
1940 14
1941 12
1942 35
1943 26
1944 4
1945 4
1946 4
1947 0
1948 6
1949 5
1950 7
1951 18
1952 12
1953 17
1954 8
1955 27
1956 3
1957 9
1958 13
1959 6
1960 4
1961 2
1962 0
1963 4
1964 28
1965 32
1966 3
1967 15
1968 24
1969 11
1970 6
1971 11
1972 25
1973 3
1974 6
1975 13
1976 8
1977 0
1978 1
1979 0
1980 14
1981 25
1982 9
1983 1
1984 5
1985 25
1986 11
1987 0
1988 1
1989 16
1990 7
1991 10
1992 9
1993 4
1994 11
1995 22
1996 37
1997 13
1998 9
1999 15
2000 14
2001 0
2002 2
2003 9
2004 22
2005 10
2006 6
2007 9
2008 7
2009 8
2010 10
2011 17
2012 3
2013 3
2014 17
2015 13
2016 21
2017 30
2018 4
2019 22
2020 7
2021 6
2022 3
2023 24
2024 37
2025 0
2026 7
2027 8
2028 7
2029 3
2030 14
2031 16
2032 14
2033 4
2034 13
2035 16
2036 25
2037 8
2038 9
2039 6
2040 3
2041 3
2042 4
2043 21
2044 3
2045 9
2046 9
2047 8
2048 24
2049 23
2050 17
2051 19
2052 1
2053 1
2054 12
2055 47
2056 4
2057 7
2058 6
2059 8
2060 8
2061 14
2062 14
2063 10
2064 1
2065 1
2066 19
2067 14
2068 0
2069 18
2070 5
2071 10
2072 23
2073 19
2074 9
2075 16
2076 19
2077 4
2078 0
2079 2
2080 16
2081 20
2082 18
2083 15
2084 8
2085 4
2086 14
2087 10
2088 14
2089 11
2090 10
2091 7
2092 5
2093 6
2094 11
2095 44
2096 11
2097 40
2098 19
2099 10
2100 5
2101 4
2102 0
2103 27
2104 31
2105 11
2106 0
2107 0
2108 4
2109 2
2110 24
2111 14
2112 24
2113 12
2114 5
2115 14
2116 9
2117 8
2118 25
2119 25
2120 5
2121 4
2122 1
2123 1
2124 23
2125 1
2126 13
2127 14
2128 22
2129 7
2130 11
2131 23
2132 29
2133 4
2134 0
2135 0
2136 0
2137 11
2138 31
2139 7
2140 2
2141 0
2142 0
2143 0
2144 20
2145 22
2146 9
2147 3
2148 33
2149 11
2150 32
2151 4
2152 19
2153 24
2154 22
2155 5
2156 0
2157 2
2158 2
2159 12
2160 23
2161 21
2162 0
2163 0
2164 4
2165 18
2166 9
2167 7
2168 5
2169 14
2170 3
2171 2
2172 16
2173 11
2174 0
2175 6
2176 0
2177 11
2178 2
2179 5
2180 2
2181 7
2182 4
2183 8
2184 2
2185 0
2186 0
2187 12
2188 5
2189 3
2190 16
2191 12
2192 5
2193 20
2194 3
2195 0
2196 0
2197 2
2198 1
2199 10
2200 4
2201 10
2202 12
2203 19
2204 4
2205 19
2206 20
2207 3
2208 0
2209 8
2210 7
2211 17
2212 34
2213 22
2214 3
2215 6
2216 0
2217 4
2218 1
2219 2
2220 12
2221 0
2222 0
2223 5
2224 10
2225 2
2226 2
2227 20
2228 17
2229 15
2230 18
2231 0
2232 6
2233 7
2234 0
2235 2
2236 0
2237 6
2238 2
2239 0
2240 0
2241 1
2242 0
2243 22
2244 8
2245 2
2246 3
2247 16
2248 29
2249 5
2250 25
2251 8
2252 2
2253 7
2254 22
2255 12
2256 13
2257 4
2258 0
2259 1
2260 16
2261 3
2262 1
2263 0
2264 0
2265 4
2266 28
2267 25
2268 22
2269 23
2270 26
2271 14
2272 0
2273 2
2274 29
2275 27
2276 12
2277 24
2278 5
2279 2
2280 2
2281 21
2282 26
2283 2
2284 0
2285 1
2286 17
2287 5
2288 4
2289 5
2290 19
2291 38
2292 2
2293 0
2294 24
2295 21
2296 8
2297 12
2298 7
2299 1
2300 11
2301 18
2302 8
2303 0
2304 4
2305 0
2306 2
2307 7
2308 23
2309 6
2310 9
2311 7
2312 4
2313 6
2314 13
2315 6
2316 31
2317 10
2318 0
2319 4
2320 18
2321 10
2322 12
2323 0
2324 0
2325 2
2326 24
2327 39
2328 8
2329 3
2330 2
2331 1
2332 4
2333 7
2334 39
2335 52
2336 5
2337 0
2338 9
2339 12
2340 13
2341 2
2342 0
2343 0
2344 8
2345 19
2346 9
2347 12
2348 1
2349 7
2350 11
2351 20
2352 18
2353 25
2354 12
2355 4
2356 10
2357 3
2358 1
2359 0
2360 0
2361 0
2362 0
2363 26
2364 21
2365 2
2366 17
2367 13
2368 3
2369 11
2370 20
2371 11
2372 11
2373 4
2374 0
2375 12
2376 18
2377 0
2378 0
2379 3
2380 5
2381 0
2382 24
2383 10
2384 8
2385 30
2386 7
2387 21
2388 38
2389 20
2390 10
2391 26
2392 4
2393 3
2394 25
2395 6
2396 3
2397 0
2398 19
2399 0
2400 1
2401 14
2402 50
2403 3
2404 6
2405 17
2406 23
2407 17
2408 10
2409 12
2410 7
2411 15
2412 13
2413 2
2414 0
2415 7
2416 1
2417 2
2418 0
2419 14
2420 26
2421 19
2422 46
2423 6
2424 11
2425 16
2426 19
2427 22
2428 24
2429 5
2430 0
2431 5
2432 17
2433 0
2434 3
2435 9
2436 7
2437 6
2438 33
2439 3
2440 10
2441 20
2442 21
2443 7
2444 11
2445 12
2446 0
2447 0
2448 0
2449 11
2450 0
2451 4
2452 2
2453 0
2454 6
2455 7
2456 9
2457 11
2458 1
2459 8
2460 1
2461 0
2462 0
2463 1
2464 6
2465 40
2466 6
2467 0
2468 3
2469 2
2470 5
2471 5
2472 6
2473 0
2474 0
2475 0
2476 0
2477 3
2478 12
2479 0
2480 3
2481 6
2482 1
2483 5
2484 8
2485 12
2486 3
2487 15
2488 2
2489 4
2490 0
2491 0
2492 0
2493 0
2494 4
2495 10
2496 2
2497 5
2498 1
2499 7
2500 3
2501 4
2502 4
2503 21
2504 0
2505 0
2506 1
2507 0
2508 0
2509 5
2510 1
2511 3
2512 2
2513 5
2514 0
2515 0
2516 2
2517 0
2518 0
2519 0
2520 2
2521 3
2522 2
2523 7
2524 0
2525 0
2526 10
2527 4
2528 0
2529 2
2530 3
2531 1
2532 0
2533 0
2534 15
2535 22
2536 4
2537 6
2538 9
2539 1
2540 0
2541 0
2542 25
2543 6
2544 7
2545 19
2546 1
2547 0
2548 5
2549 1
2550 2
2551 1
2552 11
2553 13
2554 5
2555 0
2556 0
2557 1
2558 3
2559 5
2560 10
2561 9
2562 2
2563 6
2564 1
2565 1
2566 4
2567 2
2568 2
2569 0
2570 1
2571 1
2572 0
2573 2
2574 0
2575 8
2576 0
2577 0
2578 1
2579 0
2580 0
2581 0
2582 0
2583 0
2584 0
2585 0
2586 0
2587 0
2588 0
2589 0
2590 0
2591 0
2592 0
2593 0
2594 0
2595 0
2596 0
2597 0
2598 0
