0 1675
1 30
2 180
3 76
4 535
5 1021
6 53
7 51
8 27
9 93
10 427
11 1365
12 232
13 953
14 2415
15 981
16 1645
17 299
18 177
19 4062
20 36
21 579
22 300
23 2801
24 18
25 1009
26 92
27 111
28 86
29 301
30 44
31 153
32 43
33 924
34 165
35 1512
36 147
37 433
38 244
39 338
40 584
41 168
42 188
43 182
44 1992
45 33
46 161
47 73
48 146
49 1771
50 979
51 282
52 1635
53 1598
54 1513
55 172
56 310
57 1104
58 1709
59 150
60 345
61 2056
62 1568
63 194
64 235
65 3992
66 445
67 1400
68 763
69 72
70 343
71 322
72 119
73 67
74 1605
75 2692
76 106
77 1252
78 2897
79 2627
80 259
81 79
82 1103
83 607
84 211
85 78
86 1183
87 3971
88 3510
89 123
90 113
91 122
92 188
93 1181
94 377
95 24
96 331
97 1889
98 476
99 2132
100 50
101 178
102 1315
103 1564
104 320
105 649
106 2096
107 636
108 1861
109 1648
110 103
111 658
112 964
113 347
114 1280
115 589
116 1941
117 313
118 209
119 962
120 58
121 766
122 3567
123 1014
124 376
125 98
126 258
127 357
128 466
129 868
130 386
131 923
132 241
133 22
134 132
135 3043
136 1495
137 7006
138 471
139 508
140 2605
141 2231
142 396
143 390
144 58
145 155
146 1891
147 454
148 2403
149 1451
150 699
151 0
152 39
153 691
154 551
155 847
156 365
157 691
158 6219
159 893
160 395
161 431
162 43
163 1078
164 1067
165 1474
166 2164
167 1224
168 623
169 474
170 2867
171 1597
172 653
173 474
174 2458
175 4871
176 2999
177 421
178 835
179 48
180 3118
181 265
182 7092
183 3534
184 1366
185 1161
186 5415
187 4944
188 2577
189 354
190 492
191 30
192 59
193 141
194 66
195 33
196 2717
197 1600
198 202
199 2248
200 1746
201 1577
202 556
203 2685
204 1634
205 3731
206 6043
207 1376
208 875
209 58
210 4233
211 137
212 544
213 1343
214 14
215 3187
216 236
217 757
218 1008
219 4699
220 1104
221 3703
222 3614
223 3223
224 5634
225 2971
226 2759
227 486
228 45
229 550
230 126
231 68
232 7
233 300
234 2
235 450
236 10
237 52
238 1686
239 6607
240 289
241 6550
242 3717
243 567
244 4005
245 941
246 1627
247 70
248 1103
249 756
250 525
251 180
252 366
253 5
254 178
255 684
256 9681
257 3178
258 561
259 97
260 13
261 13
262 241
263 1619
264 259
265 690
266 232
267 600
268 235
269 41
270 1008
271 2355
272 650
273 11
274 288
275 279
276 284
277 142
278 454
279 1754
280 195
281 63
282 870
283 6258
284 159
285 190
286 658
287 524
288 612
289 353
290 5315
291 1225
292 7153
293 2566
294 100
295 1428
296 2077
297 811
298 976
299 490
300 1279
301 996
302 1494
303 1236
304 6459
305 1963
306 1432
307 3296
308 31
309 1714
310 1203
311 1754
312 2476
313 361
314 377
315 2348
316 2030
317 2533
318 5308
319 213
320 848
321 1123
322 293
323 471
324 42
325 118
326 477
327 221
328 105
329 56
330 250
331 1345
332 408
333 3040
334 3615
335 3268
336 312
337 1237
338 4714
339 2670
340 40
341 156
342 201
343 61
344 239
345 125
346 894
347 190
348 2646
349 849
350 1244
351 5318
352 901
353 188
354 30
355 102
356 92
357 1403
358 48
359 1564
360 1809
361 4309
362 5880
363 161
364 4
365 42
366 493
367 870
368 1927
369 2229
370 819
371 531
372 506
373 865
374 386
375 539
376 1279
377 80
378 313
379 1381
380 1361
381 44
382 1233
383 100
384 1094
385 1870
386 31
387 62
388 1633
389 2255
390 3488
391 2376
392 3958
393 104
394 2122
395 964
396 4115
397 1400
398 20
399 2670
400 171
401 1254
402 656
403 722
404 1950
405 1597
406 3640
407 2776
408 816
409 84
410 324
411 710
412 1287
413 5343
414 3461
415 218
416 617
417 1298
418 190
419 911
420 440
421 212
422 2240
423 2181
424 2930
425 1335
426 1045
427 416
428 1885
429 113
430 4191
431 252
432 422
433 742
434 107
435 236
436 3599
437 5273
438 6811
439 2575
440 3915
441 3333
442 1466
443 5630
444 906
445 828
446 629
447 159
448 2672
449 948
450 1954
451 1179
452 1978
453 3519
454 3754
455 558
456 2279
457 4931
458 3008
459 36
460 146
461 3542
462 2771
463 1621
464 1767
465 1272
466 265
467 2764
468 1758
469 3648
470 4556
471 4882
472 3192
473 1789
474 3481
475 1161
476 246
477 424
478 190
479 647
480 446
481 658
482 987
483 186
484 2613
485 869
486 1452
487 2097
488 885
489 3745
490 1026
491 700
492 3831
493 7319
494 605
495 1577
496 913
497 428
498 4149
499 1318
500 1234
501 1290
502 1017
503 498
504 178
505 1350
506 2104
507 278
508 289
509 6062
510 527
511 811
512 2727
513 4608
514 1774
515 2878
516 1455
517 1080
518 80
519 1033
520 4833
521 4128
522 166
523 769
524 891
525 107
526 75
527 410
528 1634
529 442
530 311
531 458
532 3506
533 3221
534 382
535 2670
536 2922
537 475
538 446
539 2205
540 357
541 754
542 323
543 2634
544 2783
545 145
546 1501
547 18
548 2181
549 116
550 983
551 319
552 2894
553 2901
554 4265
555 3920
556 816
557 420
558 1113
559 2060
560 566
561 1680
562 622
563 85
564 61
565 68
566 4
567 515
568 273
569 95
570 442
571 2003
572 1302
573 883
574 300
575 2229
576 663
577 1111
578 1191
579 818
580 297
581 98
582 212
583 1124
584 1794
585 1576
586 1248
587 435
588 2662
589 5580
590 173
591 112
592 1143
593 121
594 194
595 554
596 443
597 308
598 3077
599 4419
600 2932
601 6379
602 1282
603 1066
604 764
605 438
606 1469
607 1471
608 2708
609 869
610 1953
611 1010
612 3125
613 2045
614 4728
615 3140
616 3033
617 82
618 278
619 171
620 520
621 79
622 968
623 485
624 611
625 3786
626 1801
627 4865
628 2910
629 2493
630 4040
631 532
632 988
633 728
634 1175
635 699
636 1749
637 114
638 871
639 2051
640 265
641 1846
642 1645
643 4366
644 921
645 3331
646 1870
647 243
648 263
649 29
650 22
651 1171
652 1800
653 851
654 814
655 1018
656 668
657 281
658 3328
659 2397
660 242
661 1603
662 208
663 2362
664 428
665 219
666 1951
667 1466
668 130
669 793
670 1365
671 3181
672 397
673 249
674 461
675 134
676 2310
677 3112
678 2306
679 1291
680 3540
681 3076
682 172
683 710
684 510
685 1396
686 362
687 45
688 65
689 825
690 3606
691 2184
692 1332
693 47
694 375
695 525
696 546
697 373
698 295
699 1294
700 758
701 904
702 1613
703 150
704 457
705 2805
706 4152
707 1710
708 157
709 1914
710 129
711 22
712 303
713 284
714 5
715 297
716 1405
717 5642
718 2523
719 2139
720 5301
721 1137
722 605
723 74
724 878
725 552
726 1305
727 852
728 826
729 2036
730 1183
731 2640
732 498
733 1124
734 1566
735 599
736 1925
737 1436
738 3436
739 3700
740 1270
741 911
742 95
743 642
744 2602
745 110
746 33
747 25
748 2205
749 883
750 5872
751 244
752 2653
753 716
754 2009
755 169
756 934
757 498
758 900
759 3275
760 1609
761 544
762 1402
763 533
764 4190
765 1272
766 1357
767 1179
768 65
769 642
770 4171
771 583
772 274
773 0
774 985
775 1682
776 920
777 974
778 936
779 140
780 50
781 326
782 1015
783 533
784 1424
785 737
786 2528
787 1600
788 339
789 3419
790 451
791 458
792 848
793 1998
794 1870
795 0
796 1948
797 2470
798 1188
799 652
800 350
801 19
802 636
803 66
804 138
805 126
806 3828
807 1664
808 972
809 2769
810 1532
811 408
812 1247
813 1279
814 349
815 126
816 2
817 4
818 668
819 2882
820 3197
821 3108
822 1290
823 1858
824 377
825 1296
826 526
827 2431
828 1542
829 816
830 731
831 1172
832 1601
833 1960
834 1996
835 906
836 1300
837 581
838 557
839 216
840 41
841 303
842 252
843 1
844 846
845 1386
846 1507
847 2392
848 1611
849 456
850 2113
851 69
852 1866
853 373
854 144
855 1232
856 450
857 2501
858 2208
859 417
860 485
861 1004
862 2132
863 581
864 792
865 1300
866 322
867 1176
868 351
869 302
870 564
871 229
872 75
873 225
874 4
875 37
876 321
877 3576
878 1431
879 1111
880 4868
881 3160
882 489
883 342
884 1729
885 207
886 387
887 313
888 1040
889 5693
890 537
891 494
892 1278
893 572
894 492
895 954
896 601
897 1264
898 388
899 205
900 3
901 70
902 429
903 6233
904 2886
905 602
906 2702
907 3687
908 2837
909 125
910 301
911 2035
912 79
913 165
914 831
915 2474
916 166
917 938
918 2445
919 644
920 2238
921 2954
922 1000
923 179
924 537
925 132
926 423
927 1159
928 5
929 110
930 1475
931 4455
932 1530
933 4552
934 2127
935 3523
936 577
937 388
938 1960
939 725
940 3007
941 1177
942 13
943 246
944 2551
945 3193
946 1110
947 75
948 36
949 2258
950 1544
951 130
952 1209
953 2770
954 1235
955 4607
956 5074
957 987
958 643
959 1711
960 997
961 143
962 540
963 1622
964 1961
965 434
966 1383
967 1105
968 1365
969 3331
970 1299
971 58
972 1203
973 2680
974 839
975 1490
976 295
977 196
978 5948
979 932
980 5185
981 5572
982 1121
983 533
984 3426
985 2759
986 831
987 260
988 14
989 54
990 173
991 503
992 681
993 4123
994 2116
995 602
996 1212
997 333
998 625
999 1227
1000 549
1001 1366
1002 2515
1003 41
1004 23
1005 77
1006 37
1007 2211
1008 4182
1009 22
1010 685
1011 323
1012 200
1013 5
1014 29
1015 68
1016 1103
1017 3241
1018 304
1019 2641
1020 2375
1021 3734
1022 2423
1023 963
1024 1360
1025 469
1026 1828
1027 4492
1028 965
1029 337
1030 340
1031 2347
1032 92
1033 171
1034 721
1035 1381
1036 732
1037 359
1038 3698
1039 2250
1040 3381
1041 1843
1042 142
1043 1114
1044 471
1045 810
1046 1561
1047 1243
1048 1660
1049 260
1050 298
1051 42
1052 61
1053 95
1054 172
1055 593
1056 854
1057 1284
1058 2044
1059 3463
1060 3356
1061 759
1062 13
1063 198
1064 0
1065 252
1066 184
1067 907
1068 289
1069 824
1070 796
1071 455
1072 3048
1073 1111
1074 2317
1075 268
1076 370
1077 38
1078 1463
1079 209
1080 2578
1081 1543
1082 557
1083 1139
1084 1001
1085 360
1086 48
1087 199
1088 75
1089 99
1090 2507
1091 3950
1092 3023
1093 4167
1094 2156
1095 332
1096 761
1097 260
1098 862
1099 4625
1100 163
1101 320
1102 363
1103 684
1104 231
1105 418
1106 4555
1107 4451
1108 914
1109 70
1110 8887
1111 2278
1112 282
1113 1628
1114 2957
1115 286
1116 56
1117 431
1118 404
1119 3163
1120 2928
1121 2606
1122 366
1123 157
1124 710
1125 128
1126 860
1127 31
1128 1037
1129 1744
1130 81
1131 81
1132 25
1133 1267
1134 773
1135 473
1136 10
1137 10
1138 50
1139 2156
1140 9260
1141 5425
1142 2054
1143 74
1144 294
1145 23
1146 557
1147 15
1148 127
1149 3353
1150 5494
1151 513
1152 556
1153 748
1154 1361
1155 4482
1156 2886
1157 2076
1158 599
1159 268
1160 616
1161 209
1162 1123
1163 14
1164 108
1165 36
1166 926
1167 1233
1168 3032
1169 495
1170 2976
1171 47
1172 40
1173 596
1174 131
1175 205
1176 2072
1177 4353
1178 566
1179 3545
1180 361
1181 2490
1182 1780
1183 3370
1184 1248
1185 2882
1186 1638
1187 1133
1188 199
1189 76
1190 65
1191 1439
1192 1414
1193 97
1194 388
1195 140
1196 390
1197 96
1198 1154
1199 1166
1200 639
1201 109
1202 69
1203 3604
1204 281
1205 130
1206 610
1207 131
1208 1039
1209 608
1210 2544
1211 2269
1212 5335
1213 441
1214 1476
1215 2956
1216 1281
1217 5452
1218 2588
1219 558
1220 1755
1221 958
1222 403
1223 1248
1224 1134
1225 365
1226 818
1227 294
1228 1401
1229 2275
1230 882
1231 101
1232 703
1233 1363
1234 1620
1235 4678
1236 996
1237 1145
1238 1775
1239 66
1240 684
1241 21
1242 182
1243 1903
1244 70
1245 966
1246 590
1247 1774
1248 4095
1249 6113
1250 403
1251 2535
1252 4095
1253 5444
1254 8817
1255 1333
1256 1006
1257 393
1258 2522
1259 333
1260 896
1261 360
1262 956
1263 1174
1264 2874
1265 2246
1266 1401
1267 449
1268 141
1269 130
1270 235
1271 643
1272 1139
1273 1217
1274 7480
1275 3411
1276 287
1277 604
1278 701
1279 881
1280 113
1281 135
1282 97
1283 73
1284 57
1285 30
1286 1952
1287 3921
1288 1210
1289 3342
1290 2913
1291 2923
1292 1464
1293 1645
1294 22485
1295 8052
1296 893
1297 221
1298 1035
1299 2717
1300 458
1301 30
1302 744
1303 1361
1304 4308
1305 873
1306 519
1307 2542
1308 1842
1309 1699
1310 383
1311 1355
1312 45
1313 40
1314 75
1315 3664
1316 3259
1317 3413
1318 4380
1319 3983
1320 3972
1321 7361
1322 4153
1323 583
1324 467
1325 1145
1326 241
1327 430
1328 33
1329 869
1330 471
1331 1142
1332 4707
1333 1251
1334 347
1335 1086
1336 948
1337 2935
1338 2231
1339 8011
1340 10167
1341 1640
1342 632
1343 2607
1344 3213
1345 679
1346 520
1347 435
1348 301
1349 830
1350 4095
1351 336
1352 156
1353 3823
1354 451
1355 2044
1356 1758
1357 506
1358 635
1359 2041
1360 328
1361 39
1362 60
1363 1519
1364 5485
1365 6321
1366 1348
1367 1916
1368 1842
1369 4160
1370 2957
1371 3102
1372 35
1373 406
1374 58
1375 59
1376 210
1377 355
1378 1104
1379 4207
1380 4669
1381 562
1382 746
1383 892
1384 1949
1385 994
1386 2820
1387 7905
1388 2385
1389 428
1390 2660
1391 2250
1392 546
1393 673
1394 365
1395 1359
1396 1240
1397 1050
1398 36
1399 406
1400 2883
1401 1846
1402 1484
1403 1957
1404 1633
1405 675
1406 717
1407 2257
1408 2250
1409 2539
1410 2109
1411 934
1412 759
1413 5
1414 431
1415 257
1416 1917
1417 2774
1418 1763
1419 4478
1420 2142
1421 5321
1422 1424
1423 110
1424 542
1425 113
1426 449
1427 1995
1428 5827
1429 8168
1430 4867
1431 6554
1432 4796
1433 2011
1434 2329
1435 2873
1436 2079
1437 4958
1438 120
1439 35
1440 1402
1441 1372
1442 7389
1443 1282
1444 1318
1445 2985
1446 4017
1447 926
1448 1247
1449 686
1450 577
1451 4782
1452 938
1453 2897
1454 1771
1455 286
1456 1251
1457 4951
1458 175
1459 5111
1460 1531
1461 848
1462 506
1463 904
1464 50
1465 826
1466 1472
1467 1241
1468 355
1469 369
1470 149
1471 28
1472 249
1473 296
1474 301
1475 1542
1476 7349
1477 13151
1478 5285
1479 4084
1480 5594
1481 4633
1482 940
1483 3276
1484 2409
1485 45
1486 744
1487 293
1488 2307
1489 1928
1490 8385
1491 2086
1492 1170
1493 2302
1494 2404
1495 661
1496 3967
1497 4845
1498 623
1499 1695
1500 3019
1501 861
1502 1236
1503 540
1504 2089
1505 3937
1506 671
1507 1363
1508 3470
1509 733
1510 1306
1511 205
1512 304
1513 741
1514 5097
1515 1736
1516 1016
1517 144
1518 16
1519 6
1520 80
1521 167
1522 270
1523 239
1524 2085
1525 7429
1526 5264
1527 15102
1528 11013
1529 7694
1530 2706
1531 133
1532 1124
1533 4041
1534 366
1535 2281
1536 1416
1537 1507
1538 2623
1539 1806
1540 186
1541 2133
1542 508
1543 1447
1544 8180
1545 4629
1546 5370
1547 2462
1548 830
1549 1865
1550 3748
1551 933
1552 816
1553 1588
1554 798
1555 986
1556 4559
1557 8383
1558 833
1559 1008
1560 1693
1561 5287
1562 3389
1563 3029
1564 90
1565 278
1566 1401
1567 1448
1568 4006
1569 81
1570 178
1571 733
1572 11037
1573 21282
1574 7256
1575 773
1576 7215
1577 3277
1578 2193
1579 5033
1580 6026
1581 2200
1582 2786
1583 2202
1584 1491
1585 406
1586 91
1587 1158
1588 3598
1589 422
1590 7157
1591 2448
1592 1801
1593 1743
1594 1958
1595 5833
1596 4028
1597 618
1598 211
1599 611
1600 5247
1601 1746
1602 5234
1603 715
1604 453
1605 69
1606 269
1607 787
1608 34
1609 60
1610 101
1611 40
1612 1628
1613 1890
1614 1049
1615 222
1616 2634
1617 9079
1618 7285
1619 13012
1620 5941
1621 9511
1622 7966
1623 3056
1624 2131
1625 337
1626 6219
1627 3275
1628 1601
1629 3533
1630 2130
1631 1755
1632 2123
1633 1655
1634 2882
1635 979
1636 969
1637 1504
1638 1667
1639 1951
1640 3318
1641 760
1642 91
1643 228
1644 301
1645 5798
1646 10542
1647 1949
1648 3646
1649 1762
1650 1210
1651 3826
1652 9201
1653 374
1654 1314
1655 4091
1656 4416
1657 1207
1658 1778
1659 2716
1660 1392
1661 1855
1662 1859
1663 536
1664 1931
1665 3038
1666 2164
1667 4818
1668 4309
1669 114
1670 995
1671 1045
1672 34
1673 265
1674 68
1675 137
1676 121
1677 10784
1678 6961
1679 5629
1680 6097
1681 2181
1682 3318
1683 3451
1684 1871
1685 4173
1686 2599
1687 1096
1688 1556
1689 2336
1690 969
1691 2482
1692 681
1693 1536
1694 2428
1695 218
1696 1110
1697 300
1698 563
1699 756
1700 383
1701 5051
1702 574
1703 1638
1704 17
1705 70
1706 430
1707 1327
1708 114
1709 1913
1710 9582
1711 2965
1712 1834
1713 1453
1714 1468
1715 4343
1716 2961
1717 2134
1718 654
1719 1295
1720 205
1721 1522
1722 401
1723 385
1724 623
1725 489
1726 1394
1727 1013
1728 3590
1729 2902
1730 198
1731 459
1732 165
1733 1256
1734 587
1735 129
1736 957
1737 2068
1738 3831
1739 3488
1740 2405
1741 814
1742 2985
1743 366
1744 1582
1745 2431
1746 1085
1747 94
1748 273
1749 481
1750 861
1751 2203
1752 3378
1753 386
1754 193
1755 1058
1756 632
1757 867
1758 1362
1759 98
1760 88
1761 3439
1762 1010
1763 1536
1764 1743
1765 1756
1766 1008
1767 3763
1768 1935
1769 53
1770 409
1771 953
1772 1832
1773 3261
1774 1592
1775 1198
1776 1268
1777 1777
1778 3182
1779 82
1780 517
1781 39
1782 2013
1783 165
1784 647
1785 1004
1786 121
1787 2484
1788 1317
1789 564
1790 1693
1791 104
1792 2436
1793 1164
1794 225
1795 10
1796 543
1797 4259
1798 3877
1799 7780
1800 6140
1801 1830
1802 2210
1803 643
1804 1357
1805 5897
1806 5758
1807 1286
1808 1653
1809 84
1810 2061
1811 1003
1812 766
1813 884
1814 641
1815 822
1816 476
1817 132
1818 929
1819 286
1820 1704
1821 1170
1822 895
1823 1153
1824 4264
1825 1467
1826 411
1827 1417
1828 1929
1829 3240
1830 251
1831 2653
1832 691
1833 2630
1834 508
1835 3476
1836 1423
1837 356
1838 1303
1839 586
1840 991
1841 986
1842 431
1843 1407
1844 4396
1845 3051
1846 955
1847 1177
1848 2833
1849 4725
1850 589
1851 352
1852 603
1853 1964
1854 800
1855 2290
1856 1387
1857 502
1858 3627
1859 4356
1860 1204
1861 2953
1862 2931
1863 163
1864 1219
1865 463
1866 1437
1867 11660
1868 2702
1869 1407
1870 381
1871 1549
1872 5330
1873 2704
1874 902
1875 324
1876 402
1877 1193
1878 1479
1879 1059
1880 126
1881 2652
1882 4319
1883 5241
1884 2796
1885 1153
1886 473
1887 502
1888 101
1889 2348
1890 2512
1891 794
1892 1611
1893 1725
1894 7336
1895 7477
1896 3210
1897 797
1898 796
1899 612
1900 3315
1901 2186
1902 415
1903 4677
1904 1595
1905 2259
1906 1553
1907 2221
1908 1252
1909 1460
1910 1375
1911 2016
1912 3889
1913 1967
1914 425
1915 178
1916 285
1917 2372
1918 1091
1919 2552
1920 1003
1921 1947
1922 492
1923 2044
1924 1914
1925 2157
1926 376
1927 435
1928 453
1929 547
1930 1125
1931 1906
1932 709
1933 264
1934 952
1935 2127
1936 2703
1937 391
1938 319
1939 611
1940 2556
1941 2205
1942 5564
1943 4478
1944 676
1945 796
1946 998
1947 184
1948 1044
1949 823
1950 818
1951 2720
1952 1623
1953 2633
1954 1514
1955 4096
1956 640
1957 1506
1958 2186
1959 1205
1960 863
1961 325
1962 53
1963 459
1964 4679
1965 4914
1966 462
1967 2463
1968 4318
1969 1995
1970 1033
1971 1813
1972 4107
1973 483
1974 1109
1975 2452
1976 1047
1977 15
1978 234
1979 211
1980 2295
1981 4145
1982 1828
1983 451
1984 820
1985 3987
1986 1744
1987 221
1988 297
1989 2794
1990 1506
1991 1822
1992 1554
1993 781
1994 1706
1995 3958
1996 6074
1997 2243
1998 1094
1999 2563
2000 2448
2001 121
2002 418
2003 1312
2004 3674
2005 1990
2006 957
2007 1498
2008 1071
2009 1593
2010 1830
2011 2331
2012 532
2013 421
2014 2569
2015 2076
2016 3773
2017 4905
2018 445
2019 3473
2020 1169
2021 1016
2022 750
2023 3609
2024 5532
2025 164
2026 1268
2027 1147
2028 1392
2029 735
2030 2211
2031 3084
2032 2071
2033 668
2034 2073
2035 3208
2036 4505
2037 1675
2038 1391
2039 1090
2040 723
2041 596
2042 858
2043 3205
2044 681
2045 1335
2046 1169
2047 1319
2048 3812
2049 4649
2050 2827
2051 2874
2052 268
2053 352
2054 1871
2055 6378
2056 961
2057 1243
2058 1203
2059 1347
2060 1264
2061 2795
2062 1889
2063 1565
2064 441
2065 302
2066 2926
2067 1924
2068 121
2069 3063
2070 819
2071 1670
2072 3652
2073 3184
2074 1535
2075 2235
2076 3470
2077 829
2078 73
2079 469
2080 2152
2081 4061
2082 2694
2083 2076
2084 1376
2085 1005
2086 2458
2087 1690
2088 2775
2089 2217
2090 1652
2091 1054
2092 893
2093 1105
2094 1778
2095 6037
2096 1687
2097 6621
2098 3238
2099 1793
2100 860
2101 455
2102 118
2103 4648
2104 4329
2105 1921
2106 79
2107 91
2108 728
2109 551
2110 3277
2111 2178
2112 3486
2113 1904
2114 1318
2115 2204
2116 1375
2117 1299
2118 4096
2119 4143
2120 811
2121 852
2122 294
2123 278
2124 3661
2125 461
2126 2288
2127 2301
2128 3387
2129 1055
2130 1593
2131 3910
2132 4548
2133 614
2134 33
2135 442
2136 127
2137 2401
2138 4584
2139 1171
2140 431
2141 52
2142 104
2143 98
2144 3126
2145 3390
2146 1257
2147 630
2148 4534
2149 1998
2150 5036
2151 674
2152 3000
2153 3795
2154 2926
2155 942
2156 230
2157 332
2158 237
2159 1386
2160 3940
2161 4021
2162 21
2163 161
2164 773
2165 3153
2166 1604
2167 1222
2168 805
2169 1934
2170 683
2171 328
2172 2511
2173 1663
2174 110
2175 1043
2176 94
2177 1933
2178 329
2179 789
2180 430
2181 1057
2182 746
2183 1358
2184 458
2185 16
2186 71
2187 2176
2188 1053
2189 850
2190 2638
2191 2020
2192 832
2193 2973
2194 484
2195 159
2196 52
2197 437
2198 279
2199 1473
2200 876
2201 1613
2202 2126
2203 3046
2204 555
2205 3063
2206 3023
2207 767
2208 139
2209 1397
2210 1191
2211 2595
2212 4699
2213 3819
2214 687
2215 967
2216 155
2217 360
2218 212
2219 430
2220 1670
2221 59
2222 87
2223 800
2224 2091
2225 458
2226 328
2227 3161
2228 2499
2229 2308
2230 2735
2231 278
2232 1075
2233 1443
2234 95
2235 394
2236 156
2237 1075
2238 391
2239 76
2240 15
2241 228
2242 136
2243 3526
2244 1741
2245 357
2246 687
2247 2761
2248 4802
2249 693
2250 3672
2251 1729
2252 500
2253 1285
2254 3973
2255 1971
2256 2566
2257 726
2258 115
2259 418
2260 2680
2261 427
2262 218
2263 113
2264 84
2265 934
2266 4806
2267 3583
2268 3254
2269 4372
2270 4432
2271 2513
2272 120
2273 532
2274 5222
2275 3774
2276 1862
2277 4145
2278 1127
2279 302
2280 218
2281 3310
2282 4443
2283 506
2284 0
2285 360
2286 2472
2287 597
2288 918
2289 919
2290 3802
2291 5303
2292 478
2293 104
2294 4222
2295 3486
2296 936
2297 1793
2298 1084
2299 130
2300 1803
2301 2710
2302 1391
2303 56
2304 808
2305 203
2306 565
2307 1419
2308 4175
2309 1302
2310 1265
2311 1209
2312 977
2313 917
2314 1911
2315 1009
2316 4742
2317 1542
2318 41
2319 647
2320 3324
2321 2127
2322 1826
2323 0
2324 32
2325 489
2326 4107
2327 6552
2328 1289
2329 292
2330 430
2331 213
2332 850
2333 811
2334 6232
2335 7834
2336 964
2337 157
2338 921
2339 2134
2340 1818
2341 564
2342 25
2343 8
2344 1388
2345 2965
2346 1478
2347 2294
2348 345
2349 1285
2350 1883
2351 3077
2352 2659
2353 4192
2354 2380
2355 573
2356 1818
2357 673
2358 260
2359 11
2360 110
2361 44
2362 87
2363 4072
2364 3403
2365 424
2366 2871
2367 2306
2368 614
2369 1613
2370 2719
2371 1753
2372 1602
2373 935
2374 124
2375 2036
2376 2875
2377 79
2378 47
2379 362
2380 637
2381 139
2382 3651
2383 1958
2384 1333
2385 4845
2386 1300
2387 3540
2388 5997
2389 3501
2390 2284
2391 4238
2392 547
2393 534
2394 3817
2395 1307
2396 456
2397 120
2398 3313
2399 96
2400 367
2401 2079
2402 8158
2403 567
2404 1094
2405 2797
2406 3613
2407 2617
2408 1486
2409 1984
2410 1298
2411 2954
2412 1988
2413 461
2414 26
2415 882
2416 257
2417 527
2418 116
2419 2310
2420 3981
2421 3382
2422 7355
2423 1034
2424 1827
2425 2242
2426 3000
2427 3882
2428 4847
2429 894
2430 43
2431 1029
2432 2609
2433 18
2434 406
2435 1236
2436 1491
2437 781
2438 4721
2439 530
2440 1733
2441 3872
2442 3847
2443 1614
2444 1843
2445 1929
2446 304
2447 23
2448 30
2449 1641
2450 164
2451 510
2452 267
2453 165
2454 1397
2455 1352
2456 2073
2457 1812
2458 348
2459 1264
2460 253
2461 167
2462 14
2463 191
2464 1117
2465 7161
2466 1076
2467 21
2468 442
2469 606
2470 1220
2471 829
2472 807
2473 198
2474 68
2475 80
2476 3
2477 408
2478 1863
2479 163
2480 603
2481 827
2482 311
2483 835
2484 1301
2485 1880
2486 877
2487 2568
2488 459
2489 637
2490 110
2491 62
2492 18
2493 60
2494 795
2495 1679
2496 545
2497 1043
2498 223
2499 1177
2500 665
2501 542
2502 704
2503 3328
2504 163
2505 45
2506 222
2507 71
2508 89
2509 660
2510 338
2511 586
2512 491
2513 1013
2514 0
2515 8
2516 292
2517 26
2518 0
2519 86
2520 456
2521 230
2522 346
2523 1120
2524 63
2525 36
2526 1772
2527 873
2528 12
2529 349
2530 553
2531 253
2532 94
2533 83
2534 2803
2535 3465
2536 533
2537 961
2538 1409
2539 240
2540 26
2541 286
2542 4039
2543 1029
2544 1290
2545 3360
2546 313
2547 146
2548 945
2549 452
2550 285
2551 137
2552 1200
2553 2188
2554 790
2555 25
2556 38
2557 241
2558 679
2559 579
2560 1909
2561 1562
2562 430
2563 1092
2564 336
2565 352
2566 706
2567 357
2568 332
2569 130
2570 410
2571 255
2572 2
2573 613
2574 46
2575 1541
2576 92
2577 108
2578 115
2579 75
2580 6
2581 17
2582 0
2583 0
2584 3
2585 2
2586 0
2587 4
2588 0
2589 0
2590 0
2591 0
2592 3
2593 0
2594 0
2595 0
2596 0
2597 0
2598 20
