0 16
1 0
2 1
3 0
4 4
5 10
6 0
7 0
8 0
9 1
10 2
11 0
12 2
13 8
14 0
15 11
16 18
17 4
18 1
19 41
20 0
21 3
22 2
23 23
24 0
25 7
26 0
27 0
28 0
29 2
30 0
31 1
32 0
33 7
34 1
35 14
36 0
37 3
38 0
39 2
40 6
41 1
42 0
43 0
44 24
45 0
46 1
47 0
48 1
49 17
50 11
51 3
52 11
53 14
54 14
55 1
56 2
57 8
58 14
59 1
60 1
61 18
62 14
63 0
64 3
65 38
66 3
67 12
68 8
69 0
70 1
71 5
72 0
73 0
74 14
75 25
76 1
77 11
78 25
79 24
80 2
81 0
82 8
83 5
84 2
85 0
86 9
87 35
88 27
89 1
90 0
91 0
92 0
93 7
94 2
95 0
96 2
97 14
98 4
99 22
100 0
101 0
102 14
103 15
104 3
105 4
106 21
107 4
108 16
109 15
110 0
111 9
112 6
113 2
114 13
115 5
116 17
117 4
118 3
119 9
120 0
121 7
122 34
123 8
124 3
125 0
126 2
127 3
128 6
129 7
130 3
131 6
132 0
133 0
134 0
135 25
136 13
137 56
138 3
139 3
140 23
141 18
142 4
143 2
144 0
145 0
146 20
147 6
148 26
149 11
150 6
151 0
152 0
153 8
154 3
155 8
156 5
157 6
158 56
159 9
160 2
161 5
162 0
163 7
164 10
165 13
166 19
167 10
168 6
169 3
170 29
171 15
172 5
173 3
174 23
175 45
176 27
177 3
178 7
179 0
180 27
181 1
182 61
183 30
184 13
185 8
186 48
187 44
188 23
189 4
190 5
191 0
192 0
193 1
194 1
195 0
196 21
197 19
198 0
199 21
200 14
201 0
202 5
203 22
204 12
205 36
206 52
207 17
208 8
209 0
210 38
211 1
212 5
213 13
214 0
215 27
216 2
217 6
218 7
219 49
220 10
221 31
222 30
223 30
224 51
225 25
226 22
227 3
228 0
229 4
230 0
231 0
232 0
233 1
234 0
235 3
236 0
237 0
238 12
239 60
240 1
241 52
242 36
243 7
244 0
245 8
246 16
247 0
248 8
249 6
250 7
251 1
252 2
253 0
254 2
255 6
256 82
257 25
258 5
259 0
260 0
261 0
262 2
263 10
264 2
265 5
266 0
267 6
268 2
269 0
270 11
271 17
272 4
273 0
274 3
275 1
276 2
277 1
278 4
279 15
280 0
281 0
282 7
283 58
284 1
285 1
286 5
287 5
288 4
289 2
290 50
291 9
292 61
293 24
294 0
295 13
296 19
297 8
298 0
299 3
300 11
301 8
302 12
303 11
304 59
305 15
306 10
307 25
308 0
309 15
310 11
311 19
312 23
313 0
314 5
315 20
316 16
317 18
318 54
319 2
320 11
321 11
322 1
323 3
324 0
325 0
326 6
327 2
328 1
329 0
330 2
331 12
332 3
333 26
334 36
335 25
336 5
337 10
338 46
339 21
340 0
341 1
342 1
343 0
344 2
345 0
346 9
347 0
348 20
349 8
350 11
351 48
352 9
353 1
354 0
355 0
356 0
357 11
358 0
359 13
360 19
361 37
362 52
363 1
364 0
365 0
366 3
367 9
368 19
369 19
370 6
371 3
372 5
373 8
374 3
375 6
376 12
377 1
378 2
379 14
380 14
381 0
382 12
383 1
384 11
385 18
386 0
387 0
388 16
389 18
390 30
391 21
392 35
393 2
394 18
395 8
396 39
397 0
398 0
399 21
400 2
401 9
402 4
403 5
404 18
405 12
406 31
407 24
408 7
409 0
410 1
411 4
412 11
413 52
414 31
415 1
416 5
417 11
418 1
419 10
420 3
421 0
422 22
423 21
424 21
425 10
426 11
427 2
428 14
429 1
430 36
431 4
432 5
433 8
434 1
435 2
436 32
437 45
438 58
439 28
440 33
441 31
442 15
443 52
444 8
445 7
446 6
447 1
448 24
449 8
450 18
451 10
452 15
453 30
454 36
455 5
456 17
457 49
458 25
459 0
460 2
461 28
462 28
463 14
464 14
465 10
466 4
467 25
468 13
469 31
470 37
471 50
472 30
473 17
474 34
475 11
476 2
477 3
478 2
479 6
480 3
481 7
482 7
483 0
484 24
485 8
486 15
487 20
488 6
489 36
490 10
491 8
492 29
493 69
494 6
495 12
496 7
497 3
498 38
499 11
500 14
501 8
502 10
503 5
504 1
505 12
506 21
507 3
508 2
509 55
510 4
511 6
512 0
513 43
514 19
515 28
516 15
517 8
518 0
519 10
520 44
521 38
522 0
523 0
524 8
525 1
526 1
527 3
528 13
529 3
530 0
531 4
532 32
533 29
534 4
535 23
536 25
537 4
538 0
539 16
540 5
541 4
542 2
543 21
544 21
545 0
546 14
547 0
548 17
549 0
550 9
551 0
552 26
553 22
554 37
555 41
556 6
557 4
558 10
559 19
560 5
561 14
562 3
563 0
564 0
565 0
566 0
567 5
568 3
569 1
570 2
571 15
572 15
573 7
574 3
575 24
576 7
577 8
578 9
579 7
580 2
581 0
582 0
583 8
584 18
585 17
586 9
587 5
588 20
589 46
590 0
591 1
592 10
593 1
594 0
595 3
596 5
597 2
598 0
599 39
600 23
601 61
602 8
603 10
604 8
605 6
606 10
607 12
608 21
609 7
610 20
611 7
612 29
613 19
614 42
615 30
616 31
617 0
618 2
619 1
620 4
621 0
622 7
623 3
624 6
625 32
626 16
627 0
628 32
629 19
630 38
631 5
632 9
633 6
634 9
635 6
636 17
637 1
638 7
639 19
640 2
641 15
642 12
643 44
644 7
645 31
646 16
647 2
648 1
649 0
650 0
651 11
652 15
653 9
654 7
655 9
656 7
657 2
658 33
659 24
660 2
661 17
662 1
663 22
664 4
665 1
666 15
667 13
668 1
669 8
670 14
671 26
672 2
673 2
674 3
675 0
676 24
677 31
678 23
679 14
680 0
681 29
682 1
683 7
684 3
685 16
686 2
687 0
688 0
689 7
690 35
691 24
692 12
693 0
694 3
695 4
696 4
697 3
698 2
699 13
700 8
701 11
702 15
703 0
704 4
705 28
706 40
707 15
708 1
709 17
710 1
711 0
712 3
713 3
714 0
715 1
716 11
717 50
718 18
719 23
720 43
721 12
722 4
723 0
724 8
725 4
726 10
727 7
728 7
729 19
730 9
731 21
732 5
733 9
734 13
735 5
736 16
737 12
738 29
739 39
740 11
741 7
742 0
743 5
744 26
745 0
746 0
747 0
748 23
749 0
750 48
751 1
752 25
753 7
754 19
755 1
756 8
757 0
758 8
759 31
760 12
761 5
762 16
763 5
764 42
765 11
766 11
767 14
768 0
769 6
770 43
771 4
772 2
773 0
774 9
775 16
776 8
777 8
778 13
779 1
780 0
781 3
782 7
783 4
784 13
785 7
786 27
787 18
788 3
789 32
790 4
791 4
792 7
793 18
794 16
795 0
796 15
797 25
798 12
799 4
800 4
801 0
802 6
803 0
804 0
805 0
806 35
807 15
808 8
809 20
810 15
811 3
812 7
813 13
814 2
815 0
816 0
817 0
818 6
819 22
820 34
821 32
822 0
823 15
824 3
825 11
826 6
827 22
828 14
829 8
830 7
831 9
832 12
833 19
834 17
835 6
836 10
837 5
838 4
839 1
840 0
841 2
842 1
843 0
844 6
845 11
846 13
847 23
848 12
849 5
850 17
851 0
852 0
853 0
854 0
855 9
856 4
857 0
858 19
859 2
860 3
861 8
862 0
863 5
864 10
865 13
866 5
867 12
868 3
869 1
870 7
871 2
872 0
873 1
874 0
875 0
876 4
877 29
878 10
879 11
880 40
881 28
882 2
883 2
884 13
885 2
886 3
887 2
888 11
889 0
890 4
891 4
892 11
893 0
894 4
895 10
896 4
897 11
898 3
899 2
900 0
901 0
902 5
903 64
904 28
905 5
906 25
907 34
908 28
909 1
910 2
911 16
912 0
913 0
914 6
915 26
916 3
917 8
918 18
919 4
920 20
921 0
922 9
923 1
924 3
925 1
926 5
927 10
928 0
929 0
930 13
931 43
932 13
933 39
934 23
935 34
936 4
937 4
938 18
939 8
940 25
941 8
942 0
943 2
944 22
945 28
946 0
947 0
948 0
949 22
950 15
951 1
952 10
953 0
954 11
955 41
956 42
957 8
958 6
959 15
960 7
961 1
962 4
963 15
964 19
965 4
966 15
967 8
968 12
969 32
970 14
971 0
972 10
973 23
974 7
975 13
976 2
977 2
978 58
979 8
980 53
981 45
982 10
983 5
984 29
985 25
986 9
987 3
988 0
989 1
990 2
991 5
992 5
993 38
994 17
995 4
996 11
997 2
998 5
999 12
1000 3
1001 12
1002 22
1003 0
1004 0
1005 0
1006 0
1007 23
1008 37
1009 0
1010 5
1011 3
1012 1
1013 0
1014 0
1015 0
1016 11
1017 29
1018 3
1019 21
1020 17
1021 38
1022 18
1023 9
1024 12
1025 2
1026 18
1027 47
1028 8
1029 4
1030 3
1031 23
1032 0
1033 1
1034 7
1035 14
1036 4
1037 2
1038 35
1039 18
1040 28
1041 0
1042 1
1043 10
1044 3
1045 8
1046 15
1047 12
1048 14
1049 0
1050 3
1051 0
1052 0
1053 0
1054 1
1055 4
1056 7
1057 12
1058 21
1059 29
1060 32
1061 8
1062 0
1063 0
1064 0
1065 1
1066 1
1067 9
1068 2
1069 8
1070 6
1071 5
1072 28
1073 10
1074 16
1075 3
1076 3
1077 0
1078 13
1079 1
1080 22
1081 15
1082 6
1083 10
1084 7
1085 2
1086 0
1087 2
1088 0
1089 1
1090 22
1091 38
1092 25
1093 36
1094 18
1095 4
1096 7
1097 2
1098 0
1099 41
1100 0
1101 2
1102 4
1103 0
1104 2
1105 3
1106 39
1107 43
1108 7
1109 0
1110 69
1111 20
1112 0
1113 18
1114 24
1115 3
1116 0
1117 3
1118 3
1119 28
1120 27
1121 27
1122 4
1123 2
1124 4
1125 2
1126 8
1127 0
1128 8
1129 17
1130 1
1131 0
1132 0
1133 10
1134 6
1135 3
1136 0
1137 0
1138 0
1139 18
1140 85
1141 48
1142 19
1143 0
1144 2
1145 0
1146 5
1147 0
1148 0
1149 28
1150 44
1151 3
1152 0
1153 6
1154 11
1155 40
1156 21
1157 20
1158 6
1159 2
1160 5
1161 3
1162 8
1163 0
1164 0
1165 0
1166 7
1167 12
1168 30
1169 3
1170 27
1171 0
1172 0
1173 5
1174 1
1175 1
1176 23
1177 47
1178 3
1179 33
1180 3
1181 20
1182 15
1183 29
1184 13
1185 29
1186 15
1187 11
1188 2
1189 0
1190 0
1191 11
1192 12
1193 0
1194 2
1195 0
1196 3
1197 0
1198 9
1199 9
1200 6
1201 1
1202 0
1203 34
1204 4
1205 0
1206 8
1207 1
1208 11
1209 5
1210 25
1211 20
1212 55
1213 4
1214 15
1215 29
1216 12
1217 52
1218 22
1219 4
1220 13
1221 9
1222 4
1223 0
1224 10
1225 4
1226 7
1227 2
1228 12
1229 25
1230 6
1231 2
1232 7
1233 14
1234 14
1235 41
1236 9
1237 9
1238 14
1239 0
1240 6
1241 0
1242 3
1243 18
1244 0
1245 9
1246 4
1247 13
1248 33
1249 54
1250 3
1251 29
1252 39
1253 52
1254 81
1255 11
1256 9
1257 4
1258 24
1259 1
1260 9
1261 2
1262 10
1263 9
1264 27
1265 21
1266 11
1267 2
1268 1
1269 0
1270 1
1271 3
1272 12
1273 8
1274 68
1275 31
1276 2
1277 7
1278 7
1279 8
1280 0
1281 0
1282 0
1283 0
1284 0
1285 0
1286 12
1287 35
1288 11
1289 28
1290 21
1291 27
1292 10
1293 17
1294 209
1295 76
1296 9
1297 2
1298 8
1299 23
1300 4
1301 0
1302 6
1303 9
1304 40
1305 9
1306 4
1307 26
1308 17
1309 15
1310 3
1311 12
1312 0
1313 0
1314 0
1315 30
1316 26
1317 33
1318 39
1319 42
1320 28
1321 62
1322 37
1323 6
1324 5
1325 11
1326 3
1327 3
1328 0
1329 7
1330 3
1331 6
1332 42
1333 9
1334 3
1335 8
1336 9
1337 22
1338 0
1339 72
1340 90
1341 14
1342 6
1343 22
1344 32
1345 8
1346 4
1347 2
1348 3
1349 4
1350 39
1351 5
1352 1
1353 28
1354 3
1355 15
1356 17
1357 4
1358 9
1359 24
1360 3
1361 0
1362 0
1363 14
1364 45
1365 59
1366 12
1367 20
1368 14
1369 34
1370 27
1371 23
1372 0
1373 2
1374 0
1375 0
1376 4
1377 5
1378 10
1379 34
1380 47
1381 8
1382 8
1383 0
1384 19
1385 7
1386 26
1387 80
1388 24
1389 2
1390 25
1391 23
1392 4
1393 6
1394 1
1395 14
1396 8
1397 11
1398 0
1399 3
1400 27
1401 17
1402 11
1403 19
1404 15
1405 4
1406 6
1407 23
1408 20
1409 22
1410 23
1411 6
1412 6
1413 0
1414 3
1415 1
1416 23
1417 24
1418 13
1419 37
1420 21
1421 51
1422 14
1423 1
1424 4
1425 0
1426 3
1427 19
1428 48
1429 76
1430 41
1431 59
1432 39
1433 20
1434 21
1435 25
1436 21
1437 44
1438 0
1439 0
1440 12
1441 10
1442 67
1443 13
1444 12
1445 0
1446 34
1447 10
1448 0
1449 6
1450 3
1451 43
1452 9
1453 28
1454 18
1455 2
1456 14
1457 46
1458 0
1459 44
1460 12
1461 9
1462 3
1463 9
1464 0
1465 7
1466 15
1467 8
1468 2
1469 0
1470 1
1471 0
1472 3
1473 3
1474 3
1475 14
1476 63
1477 122
1478 47
1479 37
1480 44
1481 42
1482 9
1483 28
1484 23
1485 0
1486 5
1487 2
1488 23
1489 18
1490 81
1491 19
1492 12
1493 20
1494 21
1495 3
1496 33
1497 48
1498 3
1499 15
1500 24
1501 6
1502 11
1503 4
1504 0
1505 0
1506 3
1507 12
1508 32
1509 8
1510 15
1511 2
1512 3
1513 0
1514 45
1515 12
1516 6
1517 0
1518 0
1519 0
1520 0
1521 2
1522 0
1523 1
1524 19
1525 75
1526 49
1527 129
1528 103
1529 66
1530 28
1531 0
1532 11
1533 40
1534 2
1535 24
1536 12
1537 13
1538 28
1539 15
1540 0
1541 16
1542 0
1543 10
1544 75
1545 45
1546 54
1547 28
1548 6
1549 11
1550 28
1551 8
1552 8
1553 14
1554 9
1555 10
1556 38
1557 73
1558 7
1559 7
1560 14
1561 48
1562 29
1563 29
1564 0
1565 2
1566 12
1567 15
1568 41
1569 0
1570 2
1571 8
1572 108
1573 192
1574 70
1575 9
1576 67
1577 24
1578 16
1579 42
1580 56
1581 14
1582 26
1583 25
1584 13
1585 2
1586 1
1587 9
1588 36
1589 0
1590 62
1591 27
1592 17
1593 20
1594 13
1595 56
1596 30
1597 6
1598 1
1599 5
1600 54
1601 14
1602 46
1603 8
1604 2
1605 0
1606 2
1607 8
1608 0
1609 0
1610 0
1611 0
1612 15
1613 0
1614 12
1615 1
1616 22
1617 92
1618 68
1619 117
1620 47
1621 84
1622 72
1623 29
1624 21
1625 4
1626 54
1627 32
1628 15
1629 29
1630 18
1631 15
1632 22
1633 13
1634 22
1635 8
1636 9
1637 11
1638 20
1639 18
1640 31
1641 0
1642 0
1643 2
1644 3
1645 54
1646 104
1647 0
1648 32
1649 19
1650 8
1651 32
1652 82
1653 4
1654 9
1655 38
1656 46
1657 9
1658 16
1659 27
1660 12
1661 15
1662 0
1663 3
1664 18
1665 34
1666 0
1667 42
1668 0
1669 0
1670 9
1671 9
1672 1
1673 1
1674 0
1675 1
1676 1
1677 92
1678 68
1679 50
1680 55
1681 21
1682 29
1683 31
1684 12
1685 38
1686 0
1687 10
1688 15
1689 22
1690 7
1691 22
1692 5
1693 18
1694 17
1695 2
1696 10
1697 2
1698 4
1699 8
1700 3
1701 52
1702 5
1703 14
1704 0
1705 0
1706 3
1707 11
1708 0
1709 17
1710 95
1711 28
1712 20
1713 14
1714 14
1715 39
1716 27
1717 21
1718 5
1719 0
1720 2
1721 16
1722 2
1723 2
1724 0
1725 4
1726 14
1727 10
1728 31
1729 22
1730 1
1731 2
1732 1
1733 11
1734 3
1735 0
1736 7
1737 20
1738 30
1739 36
1740 23
1741 7
1742 22
1743 4
1744 11
1745 23
1746 13
1747 0
1748 2
1749 4
1750 6
1751 23
1752 31
1753 2
1754 0
1755 9
1756 5
1757 7
1758 9
1759 0
1760 1
1761 36
1762 7
1763 11
1764 16
1765 16
1766 11
1767 35
1768 19
1769 0
1770 4
1771 9
1772 16
1773 38
1774 14
1775 10
1776 11
1777 16
1778 27
1779 1
1780 0
1781 0
1782 14
1783 2
1784 5
1785 10
1786 0
1787 0
1788 12
1789 6
1790 18
1791 0
1792 21
1793 9
1794 1
1795 0
1796 5
1797 40
1798 35
1799 67
1800 54
1801 14
1802 24
1803 6
1804 12
1805 53
1806 57
1807 10
1808 13
1809 0
1810 18
1811 10
1812 6
1813 8
1814 4
1815 7
1816 0
1817 2
1818 9
1819 2
1820 16
1821 11
1822 8
1823 11
1824 34
1825 13
1826 4
1827 12
1828 18
1829 32
1830 0
1831 25
1832 6
1833 23
1834 4
1835 34
1836 17
1837 2
1838 11
1839 7
1840 8
1841 9
1842 4
1843 10
1844 39
1845 25
1846 7
1847 10
1848 25
1849 47
1850 5
1851 2
1852 6
1853 16
1854 8
1855 21
1856 12
1857 4
1858 42
1859 44
1860 11
1861 25
1862 27
1863 0
1864 11
1865 3
1866 13
1867 98
1868 27
1869 12
1870 3
1871 18
1872 55
1873 22
1874 10
1875 1
1876 3
1877 13
1878 11
1879 10
1880 0
1881 29
1882 36
1883 45
1884 23
1885 11
1886 3
1887 4
1888 1
1889 18
1890 22
1891 7
1892 16
1893 13
1894 61
1895 67
1896 30
1897 8
1898 8
1899 7
1900 25
1901 22
1902 4
1903 42
1904 17
1905 21
1906 14
1907 17
1908 7
1909 14
1910 13
1911 16
1912 32
1913 20
1914 3
1915 0
1916 2
1917 19
1918 9
1919 24
1920 11
1921 16
1922 3
1923 19
1924 18
1925 19
1926 4
1927 4
1928 2
1929 4
1930 0
1931 16
1932 5
1933 1
1934 7
1935 22
1936 24
1937 2
1938 3
1939 5
1940 23
1941 20
1942 51
1943 39
1944 6
1945 7
1946 10
1947 1
1948 13
1949 7
1950 6
1951 23
1952 17
1953 23
1954 14
1955 33
1956 5
1957 17
1958 0
1959 12
1960 7
1961 2
1962 0
1963 5
1964 47
1965 37
1966 3
1967 26
1968 41
1969 21
1970 7
1971 20
1972 33
1973 3
1974 8
1975 20
1976 9
1977 0
1978 2
1979 1
1980 18
1981 38
1982 20
1983 3
1984 6
1985 39
1986 15
1987 1
1988 3
1989 24
1990 11
1991 24
1992 15
1993 7
1994 14
1995 34
1996 54
1997 17
1998 8
1999 24
2000 24
2001 0
2002 4
2003 11
2004 30
2005 19
2006 11
2007 16
2008 9
2009 16
2010 13
2011 20
2012 3
2013 2
2014 20
2015 22
2016 33
2017 45
2018 5
2019 30
2020 11
2021 10
2022 7
2023 38
2024 57
2025 1
2026 15
2027 15
2028 0
2029 8
2030 18
2031 29
2032 20
2033 6
2034 19
2035 27
2036 0
2037 14
2038 11
2039 11
2040 6
2041 3
2042 7
2043 25
2044 3
2045 13
2046 12
2047 8
2048 29
2049 42
2050 26
2051 26
2052 2
2053 2
2054 21
2055 58
2056 9
2057 11
2058 10
2059 14
2060 10
2061 23
2062 16
2063 14
2064 5
2065 4
2066 22
2067 22
2068 0
2069 26
2070 0
2071 17
2072 38
2073 26
2074 15
2075 21
2076 29
2077 6
2078 0
2079 4
2080 19
2081 35
2082 27
2083 17
2084 13
2085 9
2086 22
2087 18
2088 25
2089 20
2090 15
2091 8
2092 9
2093 11
2094 16
2095 53
2096 15
2097 60
2098 33
2099 16
2100 9
2101 2
2102 0
2103 39
2104 42
2105 19
2106 0
2107 0
2108 5
2109 3
2110 30
2111 0
2112 35
2113 18
2114 0
2115 23
2116 15
2117 13
2118 40
2119 42
2120 6
2121 6
2122 3
2123 5
2124 27
2125 3
2126 21
2127 18
2128 28
2129 6
2130 14
2131 36
2132 42
2133 5
2134 0
2135 4
2136 0
2137 22
2138 47
2139 10
2140 0
2141 0
2142 1
2143 0
2144 24
2145 32
2146 8
2147 6
2148 45
2149 19
2150 48
2151 7
2152 29
2153 32
2154 22
2155 7
2156 2
2157 0
2158 0
2159 10
2160 36
2161 32
2162 0
2163 2
2164 5
2165 29
2166 13
2167 8
2168 7
2169 17
2170 7
2171 3
2172 27
2173 17
2174 1
2175 9
2176 0
2177 16
2178 4
2179 7
2180 3
2181 10
2182 7
2183 11
2184 5
2185 0
2186 0
2187 22
2188 12
2189 10
2190 26
2191 17
2192 9
2193 30
2194 2
2195 2
2196 0
2197 2
2198 2
2199 12
2200 7
2201 10
2202 20
2203 27
2204 3
2205 29
2206 27
2207 6
2208 1
2209 16
2210 8
2211 18
2212 43
2213 37
2214 7
2215 8
2216 0
2217 3
2218 0
2219 0
2220 13
2221 0
2222 0
2223 8
2224 19
2225 4
2226 2
2227 28
2228 22
2229 0
2230 24
2231 2
2232 13
2233 14
2234 0
2235 3
2236 1
2237 10
2238 1
2239 0
2240 0
2241 0
2242 1
2243 34
2244 20
2245 3
2246 6
2247 22
2248 0
2249 6
2250 34
2251 18
2252 0
2253 12
2254 40
2255 18
2256 24
2257 7
2258 1
2259 4
2260 25
2261 3
2262 2
2263 1
2264 0
2265 9
2266 42
2267 28
2268 30
2269 38
2270 40
2271 20
2272 1
2273 4
2274 48
2275 32
2276 15
2277 37
2278 11
2279 2
2280 2
2281 28
2282 35
2283 3
2284 0
2285 4
2286 23
2287 6
2288 6
2289 11
2290 31
2291 53
2292 3
2293 0
2294 28
2295 35
2296 6
2297 19
2298 8
2299 0
2300 18
2301 26
2302 12
2303 0
2304 8
2305 2
2306 4
2307 13
2308 37
2309 14
2310 12
2311 13
2312 8
2313 4
2314 18
2315 11
2316 47
2317 17
2318 0
2319 4
2320 31
2321 21
2322 17
2323 0
2324 0
2325 4
2326 40
2327 60
2328 14
2329 3
2330 3
2331 0
2332 6
2333 5
2334 57
2335 67
2336 4
2337 2
2338 0
2339 19
2340 13
2341 3
2342 0
2343 0
2344 14
2345 23
2346 15
2347 18
2348 2
2349 10
2350 16
2351 27
2352 27
2353 44
2354 18
2355 0
2356 12
2357 5
2358 1
2359 0
2360 1
2361 0
2362 0
2363 32
2364 30
2365 3
2366 26
2367 21
2368 5
2369 16
2370 29
2371 17
2372 13
2373 9
2374 0
2375 14
2376 24
2377 0
2378 0
2379 2
2380 5
2381 0
2382 36
2383 19
2384 14
2385 50
2386 14
2387 0
2388 57
2389 31
2390 20
2391 38
2392 0
2393 5
2394 35
2395 9
2396 3
2397 0
2398 32
2399 0
2400 5
2401 17
2402 76
2403 6
2404 10
2405 26
2406 36
2407 24
2408 11
2409 12
2410 12
2411 26
2412 19
2413 2
2414 0
2415 7
2416 1
2417 4
2418 0
2419 20
2420 37
2421 31
2422 67
2423 8
2424 20
2425 19
2426 28
2427 32
2428 44
2429 11
2430 0
2431 9
2432 26
2433 0
2434 5
2435 15
2436 13
2437 6
2438 34
2439 5
2440 15
2441 33
2442 35
2443 16
2444 18
2445 22
2446 4
2447 0
2448 0
2449 12
2450 2
2451 4
2452 1
2453 1
2454 13
2455 9
2456 20
2457 14
2458 4
2459 5
2460 2
2461 2
2462 0
2463 0
2464 10
2465 62
2466 8
2467 0
2468 4
2469 4
2470 15
2471 8
2472 9
2473 1
2474 1
2475 0
2476 0
2477 3
2478 15
2479 1
2480 6
2481 10
2482 0
2483 8
2484 14
2485 18
2486 5
2487 21
2488 5
2489 6
2490 1
2491 0
2492 0
2493 0
2494 6
2495 15
2496 5
2497 9
2498 0
2499 12
2500 6
2501 6
2502 6
2503 32
2504 0
2505 0
2506 2
2507 0
2508 0
2509 4
2510 3
2511 6
2512 4
2513 11
2514 0
2515 0
2516 3
2517 0
2518 0
2519 0
2520 4
2521 2
2522 3
2523 10
2524 0
2525 0
2526 16
2527 8
2528 0
2529 3
2530 5
2531 1
2532 0
2533 0
2534 25
2535 33
2536 4
2537 8
2538 14
2539 2
2540 0
2541 2
2542 37
2543 10
2544 11
2545 31
2546 0
2547 0
2548 9
2549 3
2550 3
2551 1
2552 11
2553 20
2554 8
2555 0
2556 0
2557 2
2558 7
2559 5
2560 16
2561 13
2562 4
2563 10
2564 1
2565 4
2566 5
2567 4
2568 3
2569 0
2570 4
2571 2
2572 0
2573 4
2574 0
2575 13
2576 1
2577 0
2578 0
2579 1
2580 0
2581 0
2582 0
2583 0
2584 0
2585 0
2586 0
2587 0
2588 0
2589 0
2590 0
2591 0
2592 0
2593 0
2594 0
2595 0
2596 0
2597 0
2598 0
