0 1327
1 23
2 137
3 58
4 445
5 757
6 37
7 54
8 24
9 66
10 332
11 1153
12 195
13 729
14 1967
15 775
16 1403
17 242
18 141
19 3272
20 32
21 441
22 235
23 2271
24 21
25 743
26 54
27 83
28 77
29 251
30 42
31 139
32 27
33 695
34 136
35 1199
36 95
37 321
38 211
39 261
40 432
41 128
42 145
43 133
44 1637
45 34
46 118
47 66
48 135
49 1413
50 772
51 204
52 1315
53 1305
54 1213
55 117
56 249
57 892
58 1335
59 135
60 304
61 1650
62 1251
63 130
64 192
65 3292
66 347
67 1176
68 601
69 49
70 271
71 259
72 77
73 44
74 1233
75 2164
76 86
77 1014
78 2142
79 2152
80 223
81 47
82 893
83 447
84 161
85 63
86 958
87 3233
88 2715
89 104
90 92
91 91
92 177
93 954
94 273
95 16
96 264
97 1502
98 393
99 1710
100 49
101 124
102 1087
103 1267
104 248
105 484
106 1653
107 498
108 1387
109 1387
110 90
111 502
112 647
113 277
114 1024
115 471
116 1530
117 252
118 162
119 680
120 33
121 661
122 2652
123 805
124 270
125 75
126 188
127 281
128 390
129 691
130 326
131 752
132 209
133 13
134 99
135 2425
136 1180
137 5521
138 397
139 399
140 2116
141 1780
142 320
143 318
144 40
145 94
146 1516
147 368
148 1888
149 1169
150 486
151 0
152 30
153 582
154 417
155 734
156 290
157 505
158 4855
159 749
160 337
161 370
162 36
163 894
164 875
165 1196
166 1731
167 873
168 493
169 377
170 2241
171 1271
172 530
173 361
174 1942
175 3745
176 2561
177 293
178 758
179 41
180 2311
181 193
182 5549
183 2753
184 1104
185 889
186 4391
187 4016
188 1998
189 266
190 415
191 25
192 39
193 101
194 67
195 34
196 2024
197 1215
198 189
199 1667
200 1332
201 1185
202 452
203 2183
204 1456
205 3015
206 4612
207 1057
208 649
209 39
210 3302
211 91
212 428
213 1053
214 8
215 2446
216 195
217 652
218 810
219 3757
220 902
221 2961
222 2934
223 2582
224 4346
225 2340
226 2098
227 357
228 38
229 427
230 110
231 55
232 1
233 282
234 0
235 386
236 4
237 40
238 1352
239 5120
240 224
241 4972
242 2973
243 455
244 3143
245 731
246 1258
247 60
248 839
249 528
250 445
251 134
252 274
253 3
254 129
255 488
256 7494
257 2568
258 436
259 76
260 10
261 10
262 172
263 1286
264 210
265 490
266 155
267 436
268 239
269 27
270 873
271 1836
272 523
273 8
274 234
275 197
276 231
277 121
278 385
279 1386
280 166
281 61
282 660
283 4873
284 152
285 159
286 561
287 428
288 496
289 290
290 4006
291 921
292 5624
293 2081
294 70
295 1123
296 1566
297 594
298 812
299 375
300 1045
301 799
302 1218
303 1023
304 5114
305 1551
306 1140
307 2657
308 25
309 1367
310 970
311 1455
312 1884
313 294
314 307
315 1825
316 1622
317 1974
318 4181
319 159
320 714
321 935
322 252
323 380
324 28
325 103
326 374
327 178
328 83
329 35
330 191
331 1124
332 353
333 2191
334 2818
335 2440
336 285
337 1050
338 3737
339 2115
340 25
341 122
342 150
343 47
344 215
345 86
346 720
347 128
348 2052
349 691
350 952
351 4306
352 736
353 151
354 25
355 88
356 72
357 1151
358 31
359 1235
360 1386
361 3376
362 4604
363 150
364 12
365 34
366 427
367 702
368 1480
369 1690
370 643
371 417
372 392
373 682
374 341
375 452
376 948
377 55
378 254
379 1105
380 1142
381 51
382 1029
383 66
384 938
385 1449
386 26
387 44
388 1346
389 1749
390 2801
391 1803
392 3086
393 93
394 1612
395 763
396 3269
397 1134
398 19
399 2151
400 143
401 998
402 499
403 585
404 1624
405 1289
406 3018
407 2182
408 664
409 68
410 269
411 557
412 943
413 4226
414 2586
415 155
416 475
417 972
418 178
419 664
420 358
421 148
422 1788
423 1665
424 2339
425 1049
426 833
427 323
428 1422
429 91
430 3316
431 213
432 336
433 589
434 81
435 197
436 2739
437 4156
438 5311
439 1981
440 3119
441 2647
442 1147
443 4427
444 716
445 711
446 441
447 128
448 2195
449 770
450 1587
451 899
452 1505
453 2686
454 2891
455 494
456 1899
457 3857
458 2446
459 23
460 137
461 2801
462 2136
463 1286
464 1418
465 981
466 217
467 2143
468 1392
469 2980
470 3584
471 3746
472 2478
473 1400
474 2656
475 856
476 160
477 358
478 153
479 532
480 333
481 544
482 779
483 153
484 2078
485 715
486 1111
487 1723
488 650
489 2926
490 790
491 575
492 2983
493 5512
494 541
495 1279
496 665
497 355
498 3272
499 1010
500 950
501 919
502 799
503 326
504 135
505 1048
506 1663
507 228
508 206
509 4677
510 391
511 599
512 2168
513 3609
514 1401
515 2279
516 1106
517 849
518 70
519 828
520 3824
521 3204
522 116
523 634
524 720
525 84
526 68
527 314
528 1250
529 348
530 226
531 379
532 2771
533 2404
534 303
535 2209
536 2281
537 387
538 309
539 1708
540 271
541 546
542 269
543 2092
544 2176
545 141
546 1225
547 15
548 1625
549 98
550 820
551 229
552 2297
553 2386
554 3477
555 3043
556 635
557 363
558 870
559 1624
560 475
561 1331
562 498
563 74
564 47
565 50
566 2
567 413
568 198
569 50
570 362
571 1624
572 1044
573 654
574 225
575 1680
576 534
577 822
578 903
579 606
580 249
581 75
582 170
583 853
584 1386
585 1239
586 1024
587 358
588 2135
589 4432
590 141
591 105
592 899
593 128
594 159
595 444
596 390
597 234
598 2482
599 3500
600 2306
601 5109
602 1045
603 798
604 587
605 359
606 1097
607 1199
608 2115
609 598
610 1569
611 842
612 2438
613 1589
614 3720
615 2527
616 2369
617 67
618 225
619 124
620 368
621 63
622 810
623 394
624 521
625 3063
626 1435
627 3747
628 2501
629 1898
630 3205
631 474
632 820
633 603
634 927
635 516
636 1446
637 97
638 705
639 1626
640 233
641 1478
642 1231
643 3392
644 696
645 2569
646 1446
647 178
648 193
649 22
650 11
651 950
652 1324
653 705
654 619
655 841
656 494
657 208
658 2653
659 1942
660 186
661 1311
662 179
663 1808
664 322
665 163
666 1428
667 1202
668 102
669 693
670 1066
671 2566
672 305
673 179
674 369
675 95
676 1946
677 2570
678 1857
679 1080
680 2921
681 2293
682 143
683 555
684 378
685 1130
686 329
687 33
688 54
689 631
690 2847
691 1791
692 1076
693 49
694 304
695 411
696 465
697 282
698 226
699 1058
700 649
701 676
702 1292
703 121
704 373
705 2166
706 3334
707 1386
708 143
709 1471
710 115
711 18
712 285
713 197
714 9
715 206
716 1062
717 4303
718 2026
719 1687
720 4089
721 894
722 489
723 49
724 679
725 378
726 988
727 643
728 630
729 1595
730 955
731 2195
732 390
733 923
734 1124
735 488
736 1471
737 1082
738 2707
739 2833
740 1092
741 701
742 70
743 517
744 2046
745 80
746 46
747 17
748 1714
749 673
750 4703
751 171
752 2011
753 562
754 1638
755 150
756 807
757 381
758 681
759 2618
760 1272
761 399
762 1098
763 400
764 3216
765 1015
766 1093
767 907
768 44
769 523
770 3277
771 445
772 198
773 0
774 759
775 1235
776 780
777 771
778 764
779 95
780 25
781 226
782 775
783 420
784 1103
785 498
786 1942
787 1261
788 271
789 2727
790 324
791 382
792 733
793 1557
794 1521
795 0
796 1551
797 1907
798 915
799 534
800 272
801 8
802 520
803 38
804 106
805 84
806 2987
807 1311
808 736
809 2157
810 1181
811 297
812 912
813 1032
814 274
815 96
816 0
817 2
818 566
819 2353
820 2456
821 2525
822 1091
823 1404
824 291
825 924
826 437
827 1965
828 1242
829 738
830 569
831 929
832 1297
833 1633
834 1652
835 708
836 1066
837 470
838 428
839 164
840 36
841 223
842 197
843 0
844 622
845 1092
846 1187
847 1881
848 1207
849 357
850 1595
851 60
852 1479
853 332
854 141
855 975
856 353
857 1938
858 1716
859 294
860 361
861 818
862 1637
863 442
864 662
865 1007
866 303
867 918
868 255
869 231
870 456
871 148
872 59
873 180
874 4
875 29
876 238
877 2935
878 1090
879 885
880 3783
881 2514
882 353
883 246
884 1415
885 158
886 301
887 230
888 849
889 4354
890 387
891 401
892 1030
893 469
894 403
895 793
896 475
897 928
898 304
899 182
900 0
901 33
902 378
903 4921
904 2264
905 461
906 2117
907 2832
908 2197
909 96
910 238
911 1664
912 77
913 98
914 646
915 1931
916 117
917 749
918 1868
919 478
920 1791
921 2288
922 760
923 142
924 389
925 117
926 345
927 841
928 0
929 82
930 1170
931 3625
932 1215
933 3664
934 1683
935 2778
936 483
937 339
938 1570
939 596
940 2366
941 976
942 9
943 183
944 2021
945 2543
946 891
947 67
948 34
949 1730
950 1135
951 130
952 922
953 2164
954 886
955 3679
956 4118
957 852
958 450
959 1253
960 768
961 137
962 434
963 1291
964 1500
965 342
966 1061
967 878
968 1061
969 2648
970 1113
971 53
972 919
973 2158
974 669
975 1236
976 225
977 136
978 4829
979 688
980 4145
981 4376
982 812
983 438
984 2649
985 2267
986 624
987 161
988 6
989 57
990 129
991 370
992 516
993 3247
994 1718
995 438
996 929
997 294
998 488
999 915
1000 403
1001 1134
1002 2038
1003 43
1004 23
1005 56
1006 27
1007 1821
1008 3341
1009 15
1010 514
1011 303
1012 172
1013 7
1014 33
1015 55
1016 874
1017 2533
1018 250
1019 2068
1020 1754
1021 3015
1022 1895
1023 787
1024 1068
1025 377
1026 1437
1027 3618
1028 782
1029 256
1030 293
1031 1893
1032 65
1033 166
1034 559
1035 1052
1036 534
1037 278
1038 2942
1039 1764
1040 2582
1041 1510
1042 92
1043 917
1044 411
1045 587
1046 1211
1047 942
1048 1296
1049 209
1050 247
1051 22
1052 52
1053 74
1054 124
1055 481
1056 679
1057 1037
1058 1617
1059 2614
1060 2594
1061 588
1062 8
1063 161
1064 0
1065 218
1066 146
1067 698
1068 237
1069 610
1070 634
1071 317
1072 2362
1073 892
1074 1876
1075 185
1076 273
1077 29
1078 1096
1079 181
1080 2091
1081 1210
1082 449
1083 849
1084 753
1085 318
1086 47
1087 158
1088 43
1089 86
1090 1967
1091 3193
1092 2373
1093 3294
1094 1566
1095 291
1096 617
1097 216
1098 681
1099 3627
1100 110
1101 254
1102 288
1103 582
1104 182
1105 315
1106 3621
1107 3493
1108 640
1109 61
1110 6807
1111 1760
1112 209
1113 1288
1114 2286
1115 251
1116 57
1117 314
1118 312
1119 2527
1120 2419
1121 2069
1122 294
1123 119
1124 572
1125 120
1126 668
1127 31
1128 835
1129 1396
1130 71
1131 53
1132 9
1133 984
1134 625
1135 394
1136 2
1137 5
1138 40
1139 1705
1140 7327
1141 4237
1142 1656
1143 62
1144 210
1145 24
1146 493
1147 14
1148 116
1149 2604
1150 4174
1151 381
1152 454
1153 556
1154 1077
1155 3502
1156 2270
1157 1640
1158 466
1159 195
1160 444
1161 165
1162 894
1163 5
1164 78
1165 23
1166 686
1167 985
1168 2413
1169 366
1170 2543
1171 39
1172 35
1173 386
1174 100
1175 151
1176 1596
1177 3531
1178 479
1179 2854
1180 253
1181 2011
1182 1521
1183 2646
1184 1005
1185 2095
1186 1221
1187 842
1188 161
1189 41
1190 46
1191 1139
1192 1095
1193 83
1194 335
1195 86
1196 299
1197 76
1198 964
1199 991
1200 549
1201 85
1202 35
1203 2878
1204 260
1205 129
1206 542
1207 109
1208 782
1209 475
1210 2021
1211 1856
1212 4268
1213 356
1214 1153
1215 2349
1216 1003
1217 4267
1218 1982
1219 423
1220 1390
1221 805
1222 307
1223 1029
1224 908
1225 245
1226 659
1227 211
1228 1012
1229 1854
1230 676
1231 96
1232 607
1233 1073
1234 1250
1235 3806
1236 751
1237 848
1238 1396
1239 54
1240 516
1241 9
1242 152
1243 1492
1244 60
1245 756
1246 477
1247 1440
1248 3184
1249 4867
1250 302
1251 1920
1252 3337
1253 4247
1254 6919
1255 976
1256 826
1257 284
1258 2026
1259 246
1260 738
1261 281
1262 795
1263 888
1264 2317
1265 1698
1266 1140
1267 343
1268 90
1269 98
1270 171
1271 468
1272 929
1273 953
1274 5828
1275 2702
1276 235
1277 517
1278 602
1279 680
1280 73
1281 119
1282 73
1283 46
1284 30
1285 27
1286 1529
1287 3104
1288 957
1289 2550
1290 2238
1291 2286
1292 1097
1293 1220
1294 17473
1295 6184
1296 687
1297 174
1298 784
1299 2050
1300 330
1301 18
1302 549
1303 1062
1304 3288
1305 690
1306 423
1307 1969
1308 1494
1309 1331
1310 334
1311 1109
1312 41
1313 33
1314 56
1315 2956
1316 2534
1317 2685
1318 3490
1319 3016
1320 3102
1321 5674
1322 3163
1323 496
1324 389
1325 895
1326 204
1327 371
1328 17
1329 724
1330 360
1331 896
1332 3676
1333 972
1334 282
1335 867
1336 716
1337 2330
1338 1756
1339 6085
1340 8303
1341 1251
1342 521
1343 2111
1344 2617
1345 550
1346 435
1347 299
1348 268
1349 677
1350 3203
1351 292
1352 127
1353 3046
1354 362
1355 1615
1356 1413
1357 404
1358 501
1359 1719
1360 256
1361 37
1362 47
1363 1258
1364 4357
1365 5167
1366 1057
1367 1529
1368 1456
1369 3361
1370 2310
1371 2415
1372 26
1373 339
1374 45
1375 50
1376 161
1377 283
1378 851
1379 3466
1380 3641
1381 506
1382 565
1383 676
1384 1596
1385 776
1386 2284
1387 6237
1388 1842
1389 301
1390 2105
1391 1755
1392 399
1393 498
1394 266
1395 1047
1396 1067
1397 812
1398 23
1399 309
1400 2300
1401 1480
1402 1225
1403 1579
1404 1349
1405 604
1406 624
1407 1719
1408 1689
1409 1999
1410 1674
1411 703
1412 608
1413 6
1414 351
1415 178
1416 1518
1417 2196
1418 1438
1419 3592
1420 1640
1421 4351
1422 1136
1423 92
1424 409
1425 79
1426 384
1427 1616
1428 4578
1429 6276
1430 3712
1431 5190
1432 3636
1433 1540
1434 1762
1435 2353
1436 1663
1437 3707
1438 101
1439 25
1440 1033
1441 1042
1442 6042
1443 1025
1444 1043
1445 2231
1446 3215
1447 650
1448 1021
1449 521
1450 438
1451 3903
1452 764
1453 2340
1454 1304
1455 219
1456 1066
1457 3956
1458 156
1459 3949
1460 1243
1461 629
1462 349
1463 700
1464 55
1465 747
1466 1128
1467 973
1468 291
1469 274
1470 116
1471 32
1472 209
1473 246
1474 237
1475 1219
1476 5728
1477 10681
1478 4212
1479 3220
1480 4322
1481 3624
1482 726
1483 2499
1484 1873
1485 38
1486 542
1487 229
1488 1822
1489 1473
1490 6866
1491 1681
1492 924
1493 1750
1494 1836
1495 524
1496 3182
1497 3925
1498 471
1499 1317
1500 2363
1501 680
1502 999
1503 451
1504 1738
1505 3104
1506 502
1507 1107
1508 2756
1509 634
1510 1136
1511 156
1512 205
1513 576
1514 4022
1515 1346
1516 812
1517 120
1518 16
1519 0
1520 56
1521 126
1522 200
1523 174
1524 1595
1525 5702
1526 4086
1527 11836
1528 8810
1529 5892
1530 2138
1531 90
1532 947
1533 3264
1534 278
1535 1827
1536 1162
1537 1154
1538 2122
1539 1366
1540 122
1541 1673
1542 390
1543 1137
1544 6429
1545 3626
1546 4285
1547 1985
1548 640
1549 1459
1550 2912
1551 714
1552 649
1553 1226
1554 611
1555 773
1556 3647
1557 6607
1558 669
1559 763
1560 1357
1561 4033
1562 2714
1563 2295
1564 62
1565 216
1566 1092
1567 1102
1568 3080
1569 65
1570 154
1571 596
1572 8597
1573 16879
1574 5645
1575 538
1576 5675
1577 2481
1578 1706
1579 3934
1580 4761
1581 1756
1582 2170
1583 1739
1584 1201
1585 285
1586 77
1587 911
1588 2861
1589 323
1590 5588
1591 2031
1592 1422
1593 1434
1594 1450
1595 4645
1596 3242
1597 445
1598 173
1599 449
1600 4173
1601 1419
1602 4243
1603 586
1604 387
1605 51
1606 193
1607 726
1608 17
1609 47
1610 74
1611 29
1612 1288
1613 1503
1614 867
1615 155
1616 2000
1617 7304
1618 5655
1619 10312
1620 4734
1621 7499
1622 6395
1623 2407
1624 1680
1625 294
1626 4858
1627 2615
1628 1167
1629 2825
1630 1637
1631 1437
1632 1627
1633 1338
1634 2250
1635 759
1636 761
1637 1193
1638 1249
1639 1501
1640 2675
1641 643
1642 72
1643 192
1644 263
1645 4551
1646 8147
1647 1546
1648 3018
1649 1409
1650 863
1651 3008
1652 7180
1653 283
1654 1075
1655 3191
1656 3380
1657 947
1658 1475
1659 2223
1660 1049
1661 1460
1662 1465
1663 372
1664 1566
1665 2414
1666 1721
1667 3760
1668 3407
1669 91
1670 759
1671 844
1672 18
1673 220
1674 63
1675 108
1676 85
1677 8385
1678 5508
1679 4420
1680 4744
1681 1668
1682 2636
1683 2499
1684 1503
1685 3358
1686 2025
1687 831
1688 1254
1689 1845
1690 770
1691 1987
1692 524
1693 1187
1694 1891
1695 171
1696 874
1697 244
1698 438
1699 588
1700 267
1701 3990
1702 433
1703 1322
1704 18
1705 47
1706 335
1707 993
1708 80
1709 1439
1710 7516
1711 2311
1712 1406
1713 1193
1714 1239
1715 3376
1716 2359
1717 1678
1718 529
1719 1025
1720 168
1721 1247
1722 294
1723 296
1724 540
1725 355
1726 1060
1727 802
1728 2817
1729 2340
1730 163
1731 370
1732 119
1733 1027
1734 449
1735 94
1736 801
1737 1737
1738 3048
1739 2804
1740 1953
1741 692
1742 2477
1743 278
1744 1144
1745 1988
1746 854
1747 81
1748 195
1749 398
1750 673
1751 1798
1752 2619
1753 274
1754 129
1755 869
1756 490
1757 667
1758 962
1759 78
1760 74
1761 2677
1762 852
1763 1347
1764 1404
1765 1357
1766 756
1767 2893
1768 1591
1769 70
1770 347
1771 818
1772 1455
1773 2561
1774 1200
1775 988
1776 1006
1777 1363
1778 2557
1779 77
1780 451
1781 10
1782 1566
1783 129
1784 487
1785 792
1786 113
1787 1932
1788 1005
1789 391
1790 1308
1791 85
1792 1935
1793 825
1794 172
1795 16
1796 406
1797 3404
1798 3100
1799 6040
1800 4967
1801 1451
1802 1791
1803 477
1804 1069
1805 4657
1806 4601
1807 1037
1808 1345
1809 71
1810 1560
1811 753
1812 622
1813 661
1814 464
1815 589
1816 405
1817 84
1818 683
1819 220
1820 1402
1821 957
1822 665
1823 879
1824 3458
1825 1128
1826 328
1827 1080
1828 1543
1829 2583
1830 220
1831 2117
1832 564
1833 1975
1834 406
1835 2773
1836 1158
1837 287
1838 1033
1839 504
1840 788
1841 802
1842 340
1843 1081
1844 3389
1845 2479
1846 752
1847 954
1848 2255
1849 3697
1850 502
1851 268
1852 467
1853 1570
1854 633
1855 1840
1856 1112
1857 426
1858 2916
1859 3545
1860 998
1861 2353
1862 2256
1863 114
1864 922
1865 357
1866 1033
1867 8956
1868 2159
1869 1197
1870 301
1871 1246
1872 4195
1873 2126
1874 658
1875 268
1876 309
1877 952
1878 1177
1879 816
1880 119
1881 2086
1882 3384
1883 4143
1884 2218
1885 921
1886 385
1887 403
1888 81
1889 1760
1890 2036
1891 610
1892 1266
1893 1398
1894 5692
1895 5990
1896 2446
1897 648
1898 587
1899 493
1900 2624
1901 1720
1902 371
1903 3737
1904 1243
1905 1728
1906 1230
1907 1778
1908 913
1909 1154
1910 1077
1911 1579
1912 3071
1913 1472
1914 346
1915 119
1916 197
1917 1880
1918 854
1919 2061
1920 802
1921 1493
1922 352
1923 1646
1924 1620
1925 1749
1926 301
1927 319
1928 379
1929 471
1930 849
1931 1469
1932 586
1933 225
1934 664
1935 1776
1936 2123
1937 325
1938 244
1939 527
1940 2054
1941 1616
1942 4343
1943 3414
1944 559
1945 633
1946 780
1947 130
1948 813
1949 711
1950 672
1951 2072
1952 1262
1953 2232
1954 1198
1955 3242
1956 554
1957 1155
1958 1649
1959 970
1960 685
1961 254
1962 41
1963 353
1964 3708
1965 3756
1966 367
1967 2014
1968 3495
1969 1578
1970 853
1971 1588
1972 3204
1973 430
1974 884
1975 1982
1976 840
1977 16
1978 195
1979 131
1980 1824
1981 3372
1982 1514
1983 349
1984 636
1985 3077
1986 1398
1987 178
1988 270
1989 2208
1990 1142
1991 1541
1992 1252
1993 581
1994 1401
1995 3131
1996 4609
1997 1760
1998 882
1999 2017
2000 1978
2001 81
2002 366
2003 1100
2004 3036
2005 1532
2006 789
2007 1152
2008 810
2009 1281
2010 1394
2011 1791
2012 389
2013 326
2014 1998
2015 1587
2016 3106
2017 3854
2018 325
2019 2818
2020 909
2021 818
2022 614
2023 2838
2024 4406
2025 133
2026 990
2027 964
2028 974
2029 550
2030 1803
2031 2505
2032 1599
2033 591
2034 1665
2035 2436
2036 3493
2037 1317
2038 1054
2039 811
2040 598
2041 447
2042 704
2043 2541
2044 512
2045 1067
2046 963
2047 932
2048 3079
2049 3544
2050 2310
2051 2286
2052 263
2053 271
2054 1584
2055 4725
2056 747
2057 985
2058 968
2059 1081
2060 1052
2061 2196
2062 1461
2063 1230
2064 356
2065 233
2066 2279
2067 1519
2068 92
2069 2449
2070 654
2071 1294
2072 2943
2073 2581
2074 1230
2075 1780
2076 2655
2077 659
2078 66
2079 347
2080 1681
2081 3305
2082 2197
2083 1732
2084 1139
2085 790
2086 1968
2087 1372
2088 2160
2089 1829
2090 1287
2091 875
2092 745
2093 906
2094 1419
2095 4794
2096 1384
2097 5213
2098 2519
2099 1451
2100 659
2101 334
2102 70
2103 3665
2104 3350
2105 1560
2106 59
2107 77
2108 587
2109 454
2110 2557
2111 1708
2112 2703
2113 1511
2114 1059
2115 1745
2116 1133
2117 990
2118 3298
2119 3372
2120 630
2121 691
2122 237
2123 254
2124 2768
2125 299
2126 1627
2127 1763
2128 2607
2129 846
2130 1200
2131 2992
2132 3703
2133 458
2134 20
2135 345
2136 94
2137 1778
2138 3709
2139 893
2140 313
2141 51
2142 69
2143 86
2144 2434
2145 2619
2146 983
2147 460
2148 3596
2149 1552
2150 3868
2151 580
2152 2355
2153 3004
2154 2325
2155 708
2156 163
2157 250
2158 182
2159 1038
2160 3212
2161 3126
2162 21
2163 131
2164 617
2165 2487
2166 1251
2167 967
2168 588
2169 1521
2170 566
2171 276
2172 2033
2173 1352
2174 100
2175 886
2176 78
2177 1485
2178 279
2179 686
2180 341
2181 838
2182 613
2183 1093
2184 358
2185 10
2186 42
2187 1741
2188 825
2189 642
2190 2117
2191 1720
2192 684
2193 2372
2194 409
2195 115
2196 41
2197 373
2198 194
2199 1192
2200 716
2201 1306
2202 1628
2203 2302
2204 413
2205 2372
2206 2479
2207 627
2208 99
2209 1066
2210 971
2211 1980
2212 3757
2213 2978
2214 569
2215 756
2216 142
2217 302
2218 162
2219 331
2220 1343
2221 45
2222 66
2223 639
2224 1610
2225 375
2226 296
2227 2432
2228 1884
2229 1795
2230 2202
2231 228
2232 844
2233 1119
2234 67
2235 306
2236 141
2237 794
2238 264
2239 52
2240 10
2241 210
2242 95
2243 2712
2244 1270
2245 277
2246 523
2247 2144
2248 3698
2249 550
2250 2927
2251 1407
2252 375
2253 966
2254 3173
2255 1424
2256 2042
2257 557
2258 113
2259 327
2260 2184
2261 379
2262 168
2263 75
2264 78
2265 768
2266 3764
2267 2821
2268 2686
2269 3557
2270 3569
2271 2042
2272 93
2273 439
2274 4288
2275 3022
2276 1453
2277 3223
2278 901
2279 233
2280 185
2281 2673
2282 3562
2283 393
2284 0
2285 302
2286 1993
2287 424
2288 658
2289 689
2290 2967
2291 4338
2292 372
2293 73
2294 3360
2295 2698
2296 670
2297 1467
2298 850
2299 109
2300 1398
2301 2091
2302 1128
2303 65
2304 631
2305 162
2306 425
2307 1084
2308 3371
2309 1049
2310 1073
2311 997
2312 767
2313 756
2314 1452
2315 788
2316 3721
2317 1174
2318 29
2319 506
2320 2686
2321 1628
2322 1315
2323 0
2324 15
2325 371
2326 3235
2327 5211
2328 983
2329 241
2330 318
2331 148
2332 713
2333 638
2334 4793
2335 6223
2336 737
2337 143
2338 716
2339 1738
2340 1483
2341 421
2342 20
2343 6
2344 1105
2345 2286
2346 1201
2347 1885
2348 277
2349 994
2350 1477
2351 2374
2352 2091
2353 3390
2354 1806
2355 456
2356 1459
2357 539
2358 179
2359 18
2360 64
2361 40
2362 54
2363 3165
2364 2768
2365 343
2366 2300
2367 1732
2368 499
2369 1179
2370 2077
2371 1452
2372 1134
2373 774
2374 91
2375 1581
2376 2374
2377 57
2378 29
2379 310
2380 495
2381 141
2382 2878
2383 1607
2384 1017
2385 3924
2386 1052
2387 2739
2388 4569
2389 2699
2390 1749
2391 3320
2392 437
2393 467
2394 2940
2395 1002
2396 323
2397 80
2398 2550
2399 72
2400 301
2401 1614
2402 6376
2403 484
2404 823
2405 2162
2406 2821
2407 2092
2408 1044
2409 1574
2410 1044
2411 2294
2412 1576
2413 333
2414 23
2415 688
2416 194
2417 443
2418 92
2419 1806
2420 3209
2421 2678
2422 5707
2423 761
2424 1485
2425 1828
2426 2380
2427 3099
2428 3744
2429 757
2430 44
2431 811
2432 2020
2433 23
2434 326
2435 970
2436 1098
2437 633
2438 3772
2439 385
2440 1368
2441 3024
2442 3003
2443 1277
2444 1413
2445 1506
2446 249
2447 27
2448 30
2449 1337
2450 129
2451 386
2452 217
2453 138
2454 1076
2455 1064
2456 1581
2457 1499
2458 262
2459 934
2460 204
2461 151
2462 15
2463 155
2464 937
2465 5601
2466 834
2467 32
2468 399
2469 451
2470 1003
2471 642
2472 644
2473 139
2474 64
2475 61
2476 0
2477 287
2478 1471
2479 133
2480 511
2481 724
2482 268
2483 653
2484 1030
2485 1453
2486 661
2487 2060
2488 391
2489 466
2490 91
2491 38
2492 16
2493 47
2494 604
2495 1342
2496 433
2497 838
2498 174
2499 1049
2500 523
2501 435
2502 537
2503 2549
2504 138
2505 32
2506 178
2507 53
2508 67
2509 472
2510 274
2511 439
2512 369
2513 840
2514 0
2515 6
2516 218
2517 19
2518 4
2519 70
2520 356
2521 224
2522 350
2523 913
2524 44
2525 38
2526 1431
2527 631
2528 14
2529 270
2530 412
2531 200
2532 102
2533 60
2534 2166
2535 2718
2536 408
2537 777
2538 1054
2539 186
2540 27
2541 196
2542 3166
2543 908
2544 1077
2545 2622
2546 241
2547 123
2548 759
2549 391
2550 208
2551 106
2552 923
2553 1712
2554 648
2555 17
2556 21
2557 179
2558 516
2559 386
2560 1477
2561 1315
2562 330
2563 952
2564 296
2565 309
2566 552
2567 284
2568 247
2569 102
2570 279
2571 183
2572 3
2573 462
2574 31
2575 1204
2576 71
2577 82
2578 98
2579 57
2580 6
2581 12
2582 0
2583 0
2584 0
2585 2
2586 0
2587 5
2588 0
2589 3
2590 0
2591 0
2592 1
2593 0
2594 0
2595 0
2596 0
2597 0
2598 12
