0 29
1 0
2 4
3 1
4 8
5 17
6 0
7 0
8 0
9 1
10 7
11 22
12 3
13 21
14 44
15 15
16 32
17 6
18 4
19 76
20 0
21 0
22 5
23 52
24 0
25 17
26 0
27 1
28 0
29 6
30 1
31 3
32 0
33 14
34 2
35 0
36 2
37 10
38 5
39 4
40 9
41 2
42 0
43 1
44 32
45 0
46 3
47 3
48 1
49 35
50 13
51 4
52 31
53 29
54 28
55 3
56 5
57 22
58 31
59 2
60 5
61 37
62 27
63 3
64 5
65 79
66 9
67 25
68 12
69 0
70 7
71 3
72 2
73 0
74 25
75 48
76 3
77 28
78 50
79 49
80 6
81 1
82 22
83 11
84 0
85 1
86 20
87 77
88 56
89 3
90 0
91 1
92 4
93 24
94 0
95 0
96 7
97 30
98 12
99 42
100 1
101 4
102 24
103 31
104 5
105 10
106 38
107 12
108 40
109 30
110 1
111 14
112 12
113 5
114 20
115 14
116 41
117 4
118 4
119 18
120 0
121 14
122 68
123 20
124 5
125 3
126 5
127 6
128 7
129 17
130 0
131 20
132 5
133 0
134 3
135 56
136 33
137 136
138 7
139 8
140 49
141 41
142 7
143 7
144 1
145 1
146 32
147 8
148 42
149 27
150 11
151 0
152 0
153 11
154 10
155 15
156 8
157 13
158 125
159 14
160 9
161 9
162 0
163 17
164 18
165 23
166 35
167 29
168 14
169 6
170 48
171 31
172 11
173 9
174 44
175 87
176 52
177 8
178 16
179 0
180 58
181 5
182 118
183 69
184 25
185 18
186 95
187 88
188 47
189 7
190 9
191 0
192 0
193 2
194 0
195 0
196 45
197 26
198 4
199 43
200 30
201 28
202 11
203 49
204 30
205 71
206 113
207 22
208 16
209 1
210 80
211 4
212 14
213 25
214 0
215 60
216 4
217 15
218 19
219 86
220 21
221 0
222 65
223 60
224 97
225 50
226 47
227 7
228 0
229 11
230 3
231 0
232 0
233 6
234 0
235 6
236 0
237 0
238 30
239 113
240 4
241 110
242 72
243 9
244 71
245 17
246 34
247 1
248 17
249 13
250 12
251 3
252 5
253 0
254 0
255 11
256 174
257 52
258 10
259 2
260 0
261 0
262 3
263 0
264 3
265 11
266 4
267 11
268 4
269 0
270 16
271 41
272 9
273 0
274 0
275 4
276 4
277 2
278 8
279 0
280 1
281 2
282 15
283 104
284 1
285 2
286 11
287 0
288 13
289 8
290 98
291 25
292 132
293 46
294 0
295 23
296 37
297 17
298 18
299 9
300 28
301 18
302 27
303 24
304 118
305 36
306 23
307 58
308 1
309 32
310 25
311 33
312 42
313 7
314 8
315 0
316 0
317 50
318 99
319 5
320 17
321 22
322 6
323 9
324 0
325 0
326 7
327 2
328 2
329 1
330 3
331 25
332 7
333 57
334 68
335 58
336 7
337 24
338 86
339 54
340 2
341 2
342 3
343 0
344 5
345 2
346 15
347 3
348 48
349 17
350 23
351 95
352 13
353 2
354 0
355 0
356 1
357 29
358 0
359 28
360 30
361 79
362 112
363 3
364 0
365 0
366 8
367 13
368 36
369 46
370 18
371 9
372 11
373 13
374 6
375 9
376 20
377 1
378 6
379 22
380 24
381 0
382 23
383 2
384 22
385 31
386 0
387 1
388 32
389 44
390 60
391 46
392 72
393 2
394 36
395 17
396 76
397 25
398 0
399 52
400 2
401 25
402 8
403 11
404 37
405 30
406 60
407 50
408 15
409 1
410 6
411 14
412 26
413 92
414 64
415 5
416 8
417 19
418 2
419 15
420 7
421 3
422 38
423 40
424 52
425 22
426 19
427 10
428 39
429 4
430 78
431 0
432 7
433 13
434 1
435 4
436 63
437 102
438 125
439 48
440 75
441 61
442 29
443 105
444 14
445 11
446 9
447 3
448 51
449 16
450 0
451 18
452 35
453 61
454 68
455 11
456 44
457 80
458 58
459 0
460 3
461 59
462 48
463 25
464 35
465 29
466 7
467 59
468 36
469 71
470 86
471 88
472 56
473 34
474 60
475 21
476 3
477 8
478 3
479 14
480 7
481 13
482 17
483 2
484 52
485 17
486 29
487 37
488 17
489 70
490 20
491 12
492 69
493 130
494 13
495 26
496 16
497 7
498 67
499 23
500 24
501 26
502 18
503 9
504 3
505 21
506 36
507 4
508 5
509 114
510 10
511 12
512 42
513 86
514 32
515 51
516 28
517 21
518 0
519 21
520 95
521 70
522 3
523 10
524 18
525 2
526 2
527 7
528 28
529 7
530 4
531 7
532 62
533 60
534 6
535 46
536 58
537 4
538 6
539 42
540 7
541 16
542 7
543 52
544 61
545 1
546 24
547 0
548 42
549 2
550 20
551 4
552 56
553 44
554 79
555 73
556 12
557 8
558 18
559 39
560 8
561 30
562 14
563 2
564 0
565 0
566 0
567 9
568 3
569 1
570 9
571 33
572 23
573 18
574 5
575 46
576 11
577 18
578 20
579 15
580 4
581 0
582 0
583 21
584 31
585 31
586 22
587 7
588 37
589 105
590 0
591 1
592 19
593 3
594 3
595 13
596 7
597 7
598 55
599 81
600 50
601 118
602 22
603 21
604 12
605 9
606 23
607 27
608 49
609 15
610 38
611 19
612 0
613 33
614 93
615 50
616 49
617 2
618 4
619 4
620 0
621 1
622 18
623 0
624 11
625 69
626 33
627 86
628 61
629 41
630 68
631 0
632 17
633 15
634 22
635 12
636 32
637 1
638 16
639 36
640 4
641 32
642 31
643 76
644 13
645 57
646 33
647 3
648 5
649 0
650 0
651 17
652 34
653 17
654 15
655 21
656 12
657 5
658 61
659 44
660 3
661 28
662 4
663 40
664 6
665 3
666 32
667 22
668 3
669 13
670 30
671 53
672 7
673 0
674 7
675 1
676 41
677 63
678 44
679 25
680 60
681 57
682 1
683 16
684 12
685 19
686 0
687 0
688 2
689 15
690 64
691 37
692 29
693 1
694 10
695 10
696 11
697 7
698 7
699 25
700 13
701 12
702 30
703 2
704 9
705 54
706 70
707 29
708 3
709 33
710 2
711 0
712 7
713 5
714 0
715 6
716 26
717 99
718 48
719 35
720 92
721 23
722 12
723 1
724 15
725 9
726 24
727 14
728 15
729 42
730 21
731 49
732 8
733 22
734 27
735 8
736 39
737 25
738 63
739 72
740 26
741 16
742 0
743 10
744 42
745 1
746 0
747 0
748 42
749 0
750 118
751 3
752 45
753 11
754 32
755 3
756 17
757 10
758 15
759 60
760 29
761 7
762 24
763 8
764 79
765 22
766 23
767 25
768 0
769 12
770 68
771 11
772 4
773 0
774 16
775 33
776 16
777 17
778 14
779 3
780 0
781 6
782 19
783 6
784 29
785 15
786 47
787 26
788 5
789 59
790 7
791 11
792 16
793 36
794 29
795 0
796 31
797 35
798 22
799 14
800 4
801 0
802 9
803 1
804 2
805 0
806 62
807 35
808 17
809 59
810 31
811 6
812 23
813 21
814 9
815 2
816 0
817 0
818 0
819 56
820 58
821 53
822 25
823 37
824 6
825 28
826 9
827 44
828 27
829 14
830 12
831 19
832 29
833 37
834 39
835 17
836 26
837 11
838 6
839 6
840 1
841 4
842 4
843 0
844 13
845 25
846 28
847 44
848 30
849 4
850 40
851 1
852 30
853 7
854 3
855 21
856 7
857 48
858 42
859 4
860 7
861 19
862 36
863 10
864 12
865 20
866 4
867 17
868 5
869 0
870 10
871 3
872 0
873 4
874 0
875 0
876 6
877 63
878 28
879 17
880 90
881 57
882 8
883 5
884 37
885 2
886 7
887 5
888 18
889 99
890 11
891 9
892 22
893 11
894 7
895 18
896 12
897 25
898 8
899 4
900 0
901 0
902 10
903 123
904 53
905 12
906 53
907 62
908 59
909 2
910 6
911 33
912 0
913 2
914 15
915 45
916 2
917 18
918 41
919 10
920 40
921 56
922 16
923 2
924 10
925 2
926 6
927 22
928 0
929 0
930 27
931 79
932 28
933 89
934 34
935 67
936 11
937 7
938 33
939 16
940 58
941 18
942 0
943 5
944 39
945 61
946 19
947 1
948 0
949 38
950 24
951 1
952 19
953 50
954 16
955 80
956 98
957 15
958 10
959 32
960 17
961 2
962 7
963 30
964 35
965 5
966 25
967 23
968 24
969 59
970 23
971 1
972 21
973 43
974 17
975 26
976 7
977 0
978 111
979 17
980 103
981 97
982 21
983 10
984 69
985 48
986 14
987 5
988 0
989 0
990 2
991 9
992 14
993 76
994 40
995 10
996 24
997 4
998 10
999 21
1000 10
1001 28
1002 42
1003 0
1004 0
1005 1
1006 0
1007 42
1008 68
1009 0
1010 11
1011 5
1012 4
1013 0
1014 0
1015 0
1016 20
1017 53
1018 5
1019 58
1020 42
1021 70
1022 43
1023 16
1024 22
1025 0
1026 28
1027 80
1028 16
1029 6
1030 5
1031 45
1032 2
1033 3
1034 13
1035 26
1036 12
1037 6
1038 67
1039 46
1040 63
1041 34
1042 2
1043 22
1044 7
1045 13
1046 29
1047 22
1048 0
1049 3
1050 6
1051 0
1052 0
1053 2
1054 4
1055 11
1056 14
1057 25
1058 39
1059 61
1060 60
1061 13
1062 0
1063 3
1064 0
1065 4
1066 3
1067 17
1068 6
1069 14
1070 15
1071 10
1072 59
1073 19
1074 42
1075 5
1076 5
1077 0
1078 27
1079 4
1080 49
1081 29
1082 9
1083 20
1084 19
1085 8
1086 0
1087 3
1088 1
1089 1
1090 50
1091 0
1092 56
1093 77
1094 36
1095 6
1096 16
1097 4
1098 17
1099 83
1100 1
1101 7
1102 5
1103 15
1104 3
1105 9
1106 81
1107 81
1108 15
1109 1
1110 160
1111 41
1112 5
1113 30
1114 55
1115 4
1116 1
1117 7
1118 5
1119 66
1120 56
1121 43
1122 7
1123 2
1124 13
1125 3
1126 20
1127 0
1128 21
1129 29
1130 0
1131 1
1132 0
1133 20
1134 13
1135 6
1136 0
1137 0
1138 0
1139 39
1140 171
1141 87
1142 41
1143 2
1144 5
1145 0
1146 9
1147 0
1148 3
1149 59
1150 95
1151 9
1152 9
1153 12
1154 29
1155 81
1156 62
1157 45
1158 11
1159 5
1160 13
1161 4
1162 21
1163 0
1164 2
1165 0
1166 16
1167 25
1168 62
1169 10
1170 55
1171 0
1172 0
1173 9
1174 3
1175 4
1176 34
1177 79
1178 11
1179 65
1180 4
1181 43
1182 28
1183 52
1184 23
1185 51
1186 25
1187 18
1188 1
1189 1
1190 1
1191 26
1192 26
1193 1
1194 8
1195 2
1196 9
1197 0
1198 20
1199 20
1200 13
1201 2
1202 0
1203 67
1204 5
1205 1
1206 8
1207 0
1208 21
1209 10
1210 53
1211 41
1212 96
1213 5
1214 26
1215 56
1216 28
1217 96
1218 45
1219 8
1220 30
1221 14
1222 6
1223 0
1224 19
1225 5
1226 12
1227 5
1228 22
1229 42
1230 18
1231 3
1232 12
1233 27
1234 33
1235 91
1236 17
1237 19
1238 30
1239 1
1240 9
1241 0
1242 5
1243 34
1244 0
1245 17
1246 10
1247 32
1248 72
1249 117
1250 6
1251 52
1252 80
1253 97
1254 158
1255 22
1256 18
1257 8
1258 45
1259 5
1260 18
1261 6
1262 19
1263 20
1264 0
1265 42
1266 27
1267 4
1268 3
1269 1
1270 6
1271 12
1272 16
1273 25
1274 137
1275 54
1276 6
1277 11
1278 13
1279 14
1280 0
1281 2
1282 2
1283 1
1284 0
1285 0
1286 36
1287 73
1288 21
1289 63
1290 48
1291 0
1292 25
1293 31
1294 415
1295 147
1296 11
1297 2
1298 19
1299 46
1300 6
1301 1
1302 0
1303 25
1304 80
1305 12
1306 11
1307 50
1308 39
1309 29
1310 7
1311 27
1312 1
1313 0
1314 0
1315 73
1316 67
1317 69
1318 84
1319 76
1320 63
1321 142
1322 81
1323 11
1324 0
1325 19
1326 3
1327 11
1328 0
1329 16
1330 7
1331 19
1332 84
1333 18
1334 5
1335 22
1336 19
1337 57
1338 40
1339 147
1340 187
1341 32
1342 14
1343 48
1344 64
1345 13
1346 9
1347 7
1348 6
1349 10
1350 81
1351 5
1352 3
1353 66
1354 8
1355 36
1356 32
1357 10
1358 12
1359 36
1360 5
1361 1
1362 1
1363 26
1364 101
1365 118
1366 23
1367 32
1368 33
1369 79
1370 51
1371 60
1372 0
1373 7
1374 0
1375 1
1376 2
1377 6
1378 21
1379 76
1380 85
1381 11
1382 14
1383 14
1384 36
1385 17
1386 52
1387 150
1388 47
1389 7
1390 48
1391 39
1392 9
1393 10
1394 8
1395 29
1396 22
1397 20
1398 0
1399 8
1400 48
1401 38
1402 23
1403 41
1404 32
1405 13
1406 16
1407 40
1408 42
1409 43
1410 43
1411 13
1412 13
1413 0
1414 10
1415 5
1416 33
1417 50
1418 30
1419 78
1420 42
1421 91
1422 25
1423 2
1424 10
1425 1
1426 7
1427 35
1428 108
1429 141
1430 86
1431 116
1432 81
1433 31
1434 40
1435 50
1436 31
1437 84
1438 0
1439 0
1440 25
1441 21
1442 140
1443 20
1444 19
1445 50
1446 75
1447 15
1448 26
1449 13
1450 11
1451 88
1452 15
1453 59
1454 32
1455 4
1456 20
1457 95
1458 2
1459 93
1460 25
1461 18
1462 9
1463 17
1464 0
1465 17
1466 29
1467 22
1468 6
1469 4
1470 2
1471 0
1472 6
1473 5
1474 5
1475 29
1476 131
1477 238
1478 97
1479 70
1480 100
1481 81
1482 19
1483 60
1484 43
1485 0
1486 13
1487 6
1488 44
1489 44
1490 151
1491 46
1492 18
1493 45
1494 49
1495 12
1496 71
1497 91
1498 11
1499 31
1500 56
1501 18
1502 19
1503 10
1504 35
1505 72
1506 9
1507 25
1508 61
1509 14
1510 25
1511 5
1512 5
1513 15
1514 97
1515 30
1516 21
1517 1
1518 0
1519 0
1520 2
1521 3
1522 5
1523 0
1524 43
1525 140
1526 98
1527 276
1528 211
1529 128
1530 54
1531 0
1532 20
1533 0
1534 7
1535 48
1536 23
1537 27
1538 46
1539 32
1540 3
1541 37
1542 10
1543 27
1544 149
1545 88
1546 100
1547 43
1548 11
1549 34
1550 61
1551 14
1552 17
1553 27
1554 15
1555 19
1556 82
1557 159
1558 15
1559 17
1560 34
1561 93
1562 67
1563 63
1564 1
1565 4
1566 28
1567 26
1568 70
1569 0
1570 4
1571 13
1572 193
1573 377
1574 140
1575 15
1576 129
1577 59
1578 40
1579 91
1580 111
1581 36
1582 49
1583 43
1584 29
1585 0
1586 1
1587 20
1588 67
1589 0
1590 137
1591 44
1592 30
1593 31
1594 36
1595 104
1596 76
1597 11
1598 0
1599 12
1600 101
1601 29
1602 93
1603 12
1604 9
1605 0
1606 5
1607 17
1608 0
1609 0
1610 0
1611 0
1612 0
1613 37
1614 21
1615 0
1616 48
1617 172
1618 131
1619 235
1620 109
1621 189
1622 156
1623 56
1624 40
1625 7
1626 107
1627 67
1628 32
1629 60
1630 42
1631 28
1632 37
1633 29
1634 51
1635 18
1636 0
1637 24
1638 29
1639 37
1640 58
1641 13
1642 2
1643 4
1644 5
1645 105
1646 194
1647 41
1648 66
1649 30
1650 19
1651 65
1652 164
1653 6
1654 27
1655 79
1656 77
1657 22
1658 37
1659 54
1660 24
1661 32
1662 27
1663 12
1664 35
1665 59
1666 42
1667 86
1668 82
1669 0
1670 16
1671 21
1672 0
1673 5
1674 1
1675 3
1676 1
1677 181
1678 119
1679 112
1680 111
1681 37
1682 66
1683 64
1684 36
1685 76
1686 45
1687 18
1688 24
1689 45
1690 16
1691 47
1692 13
1693 28
1694 47
1695 4
1696 18
1697 4
1698 9
1699 14
1700 5
1701 87
1702 14
1703 28
1704 0
1705 1
1706 6
1707 24
1708 1
1709 36
1710 172
1711 55
1712 36
1713 29
1714 30
1715 86
1716 0
1717 35
1718 11
1719 25
1720 0
1721 26
1722 8
1723 6
1724 10
1725 9
1726 25
1727 16
1728 0
1729 56
1730 0
1731 7
1732 4
1733 0
1734 11
1735 2
1736 16
1737 36
1738 67
1739 70
1740 48
1741 15
1742 59
1743 5
1744 30
1745 45
1746 24
1747 2
1748 8
1749 7
1750 16
1751 48
1752 67
1753 5
1754 3
1755 18
1756 11
1757 15
1758 19
1759 1
1760 0
1761 58
1762 22
1763 31
1764 30
1765 35
1766 23
1767 59
1768 33
1769 0
1770 5
1771 18
1772 31
1773 0
1774 0
1775 24
1776 23
1777 37
1778 64
1779 0
1780 10
1781 0
1782 31
1783 5
1784 8
1785 20
1786 2
1787 45
1788 22
1789 10
1790 26
1791 0
1792 0
1793 20
1794 4
1795 0
1796 9
1797 80
1798 71
1799 149
1800 117
1801 32
1802 43
1803 12
1804 23
1805 95
1806 107
1807 26
1808 30
1809 1
1810 30
1811 17
1812 10
1813 12
1814 12
1815 13
1816 11
1817 2
1818 16
1819 4
1820 31
1821 19
1822 14
1823 20
1824 76
1825 23
1826 8
1827 23
1828 32
1829 61
1830 5
1831 43
1832 16
1833 52
1834 10
1835 64
1836 26
1837 5
1838 25
1839 11
1840 19
1841 21
1842 10
1843 29
1844 81
1845 55
1846 17
1847 23
1848 40
1849 84
1850 9
1851 5
1852 11
1853 35
1854 14
1855 0
1856 28
1857 7
1858 66
1859 80
1860 21
1861 51
1862 57
1863 0
1864 21
1865 7
1866 21
1867 213
1868 47
1869 25
1870 5
1871 25
1872 94
1873 47
1874 20
1875 6
1876 8
1877 22
1878 28
1879 20
1880 2
1881 44
1882 85
1883 96
1884 50
1885 24
1886 6
1887 11
1888 2
1889 48
1890 49
1891 15
1892 30
1893 33
1894 139
1895 137
1896 57
1897 14
1898 16
1899 12
1900 60
1901 39
1902 7
1903 95
1904 26
1905 42
1906 0
1907 0
1908 23
1909 26
1910 30
1911 34
1912 73
1913 33
1914 9
1915 3
1916 4
1917 46
1918 21
1919 0
1920 17
1921 35
1922 10
1923 38
1924 34
1925 43
1926 8
1927 8
1928 7
1929 11
1930 18
1931 36
1932 12
1933 4
1934 15
1935 39
1936 51
1937 5
1938 7
1939 11
1940 40
1941 33
1942 98
1943 80
1944 13
1945 16
1946 20
1947 4
1948 0
1949 14
1950 14
1951 48
1952 33
1953 52
1954 29
1955 72
1956 9
1957 29
1958 42
1959 22
1960 17
1961 4
1962 1
1963 6
1964 74
1965 90
1966 10
1967 44
1968 82
1969 33
1970 19
1971 31
1972 87
1973 10
1974 18
1975 46
1976 20
1977 0
1978 6
1979 3
1980 41
1981 78
1982 33
1983 6
1984 16
1985 0
1986 33
1987 2
1988 5
1989 53
1990 26
1991 34
1992 30
1993 17
1994 28
1995 62
1996 112
1997 38
1998 22
1999 44
2000 50
2001 1
2002 9
2003 27
2004 67
2005 39
2006 18
2007 25
2008 19
2009 29
2010 32
2011 45
2012 9
2013 6
2014 50
2015 37
2016 67
2017 92
2018 6
2019 64
2020 24
2021 16
2022 12
2023 59
2024 107
2025 2
2026 24
2027 25
2028 26
2029 11
2030 38
2031 57
2032 40
2033 12
2034 35
2035 57
2036 82
2037 29
2038 24
2039 18
2040 12
2041 11
2042 17
2043 46
2044 10
2045 27
2046 22
2047 25
2048 72
2049 81
2050 56
2051 51
2052 6
2053 5
2054 31
2055 108
2056 17
2057 24
2058 16
2059 19
2060 22
2061 50
2062 32
2063 32
2064 10
2065 5
2066 50
2067 38
2068 1
2069 53
2070 15
2071 26
2072 60
2073 55
2074 32
2075 46
2076 65
2077 12
2078 1
2079 9
2080 39
2081 0
2082 53
2083 38
2084 26
2085 16
2086 42
2087 36
2088 47
2089 0
2090 29
2091 19
2092 17
2093 19
2094 31
2095 116
2096 27
2097 108
2098 56
2099 35
2100 15
2101 10
2102 4
2103 86
2104 81
2105 40
2106 0
2107 2
2108 11
2109 9
2110 61
2111 41
2112 58
2113 35
2114 22
2115 36
2116 25
2117 0
2118 67
2119 0
2120 14
2121 13
2122 6
2123 5
2124 59
2125 9
2126 40
2127 46
2128 60
2129 21
2130 30
2131 67
2132 82
2133 10
2134 0
2135 7
2136 2
2137 0
2138 85
2139 24
2140 7
2141 1
2142 1
2143 1
2144 58
2145 57
2146 0
2147 11
2148 78
2149 38
2150 94
2151 14
2152 50
2153 70
2154 56
2155 16
2156 2
2157 4
2158 3
2159 24
2160 78
2161 70
2162 0
2163 1
2164 13
2165 59
2166 33
2167 23
2168 14
2169 40
2170 10
2171 7
2172 46
2173 32
2174 2
2175 16
2176 1
2177 32
2178 7
2179 11
2180 8
2181 18
2182 13
2183 24
2184 9
2185 0
2186 1
2187 44
2188 18
2189 14
2190 51
2191 37
2192 17
2193 50
2194 11
2195 3
2196 0
2197 9
2198 5
2199 24
2200 16
2201 34
2202 41
2203 53
2204 9
2205 50
2206 52
2207 12
2208 1
2209 28
2210 23
2211 43
2212 85
2213 71
2214 0
2215 16
2216 4
2217 4
2218 3
2219 7
2220 0
2221 0
2222 2
2223 15
2224 37
2225 10
2226 7
2227 56
2228 44
2229 41
2230 49
2231 6
2232 20
2233 28
2234 1
2235 6
2236 5
2237 17
2238 5
2239 0
2240 0
2241 5
2242 2
2243 67
2244 35
2245 5
2246 12
2247 48
2248 88
2249 11
2250 71
2251 34
2252 7
2253 22
2254 79
2255 40
2256 45
2257 19
2258 2
2259 8
2260 43
2261 10
2262 5
2263 1
2264 2
2265 13
2266 95
2267 65
2268 59
2269 82
2270 84
2271 42
2272 1
2273 9
2274 92
2275 72
2276 34
2277 80
2278 20
2279 5
2280 4
2281 59
2282 81
2283 9
2284 0
2285 8
2286 46
2287 10
2288 18
2289 16
2290 68
2291 103
2292 7
2293 1
2294 73
2295 65
2296 16
2297 29
2298 21
2299 1
2300 33
2301 54
2302 25
2303 0
2304 16
2305 3
2306 11
2307 23
2308 75
2309 23
2310 23
2311 22
2312 16
2313 21
2314 37
2315 18
2316 88
2317 31
2318 1
2319 10
2320 65
2321 40
2322 32
2323 0
2324 0
2325 9
2326 66
2327 120
2328 24
2329 4
2330 6
2331 3
2332 14
2333 17
2334 117
2335 150
2336 22
2337 0
2338 14
2339 37
2340 0
2341 9
2342 0
2343 0
2344 28
2345 50
2346 27
2347 42
2348 7
2349 26
2350 33
2351 61
2352 0
2353 75
2354 44
2355 10
2356 31
2357 13
2358 3
2359 0
2360 4
2361 0
2362 1
2363 69
2364 59
2365 8
2366 55
2367 38
2368 9
2369 27
2370 59
2371 29
2372 28
2373 16
2374 3
2375 38
2376 52
2377 1
2378 0
2379 7
2380 8
2381 2
2382 63
2383 38
2384 24
2385 83
2386 26
2387 63
2388 116
2389 62
2390 43
2391 82
2392 9
2393 12
2394 69
2395 24
2396 7
2397 1
2398 57
2399 1
2400 6
2401 36
2402 149
2403 16
2404 19
2405 55
2406 63
2407 54
2408 23
2409 32
2410 20
2411 56
2412 39
2413 8
2414 0
2415 17
2416 3
2417 7
2418 0
2419 39
2420 75
2421 59
2422 128
2423 16
2424 33
2425 41
2426 0
2427 74
2428 87
2429 16
2430 1
2431 16
2432 45
2433 0
2434 9
2435 21
2436 24
2437 10
2438 90
2439 9
2440 33
2441 69
2442 67
2443 26
2444 31
2445 43
2446 6
2447 0
2448 0
2449 36
2450 3
2451 9
2452 6
2453 2
2454 25
2455 20
2456 33
2457 37
2458 8
2459 19
2460 5
2461 3
2462 0
2463 4
2464 17
2465 131
2466 21
2467 0
2468 9
2469 10
2470 21
2471 13
2472 13
2473 3
2474 1
2475 1
2476 0
2477 0
2478 28
2479 3
2480 10
2481 16
2482 4
2483 15
2484 24
2485 34
2486 0
2487 49
2488 7
2489 0
2490 3
2491 2
2492 1
2493 1
2494 14
2495 31
2496 9
2497 21
2498 3
2499 23
2500 13
2501 8
2502 14
2503 56
2504 3
2505 0
2506 4
2507 1
2508 0
2509 7
2510 5
2511 12
2512 9
2513 18
2514 0
2515 0
2516 5
2517 0
2518 0
2519 1
2520 8
2521 4
2522 6
2523 20
2524 1
2525 1
2526 37
2527 16
2528 0
2529 3
2530 8
2531 5
2532 1
2533 3
2534 55
2535 68
2536 9
2537 0
2538 26
2539 4
2540 0
2541 2
2542 67
2543 21
2544 25
2545 60
2546 5
2547 1
2548 21
2549 10
2550 2
2551 2
2552 24
2553 38
2554 13
2555 0
2556 0
2557 6
2558 17
2559 11
2560 31
2561 24
2562 9
2563 20
2564 6
2565 6
2566 11
2567 6
2568 7
2569 3
2570 9
2571 6
2572 0
2573 8
2574 1
2575 24
2576 0
2577 0
2578 1
2579 0
2580 0
2581 0
2582 0
2583 0
2584 0
2585 0
2586 0
2587 0
2588 0
2589 0
2590 0
2591 0
2592 0
2593 0
2594 0
2595 0
2596 0
2597 0
2598 0
