0 10
1 0
2 0
3 0
4 24
5 18
6 0
7 0
8 0
9 0
10 0
11 10
12 0
13 10
14 10
15 15
16 8
17 0
18 0
19 9
20 0
21 11
22 0
23 9
24 0
25 24
26 0
27 0
28 0
29 0
30 0
31 0
32 0
33 10
34 0
35 10
36 0
37 16
38 10
39 0
40 0
41 0
42 0
43 0
44 12
45 0
46 0
47 0
48 0
49 11
50 10
51 0
52 10
53 9
54 11
55 0
56 0
57 10
58 11
59 0
60 0
61 11
62 9
63 0
64 0
65 9
66 0
67 10
68 9
69 0
70 0
71 0
72 0
73 0
74 9
75 9
76 0
77 10
78 20
79 10
80 0
81 0
82 19
83 8
84 0
85 0
86 11
87 11
88 9
89 0
90 0
91 0
92 0
93 18
94 0
95 0
96 0
97 11
98 0
99 11
100 0
101 0
102 13
103 9
104 0
105 24
106 26
107 0
108 15
109 10
110 0
111 25
112 11
113 0
114 10
115 0
116 20
117 0
118 0
119 12
120 0
121 25
122 10
123 10
124 0
125 0
126 0
127 0
128 9
129 8
130 0
131 11
132 0
133 0
134 0
135 22
136 10
137 12
138 0
139 0
140 12
141 13
142 0
143 0
144 0
145 0
146 10
147 11
148 19
149 10
150 20
151 0
152 0
153 9
154 11
155 10
156 0
157 13
158 10
159 9
160 0
161 12
162 0
163 19
164 19
165 11
166 10
167 10
168 0
169 0
170 23
171 10
172 10
173 0
174 9
175 10
176 9
177 0
178 32
179 0
180 12
181 0
182 11
183 24
184 9
185 11
186 19
187 18
188 21
189 0
190 0
191 0
192 0
193 0
194 0
195 0
196 27
197 10
198 0
199 9
200 9
201 32
202 0
203 9
204 9
205 18
206 21
207 18
208 18
209 0
210 19
211 0
212 25
213 23
214 0
215 10
216 0
217 21
218 9
219 18
220 12
221 19
222 13
223 11
224 14
225 12
226 20
227 0
228 0
229 10
230 0
231 0
232 0
233 0
234 0
235 0
236 0
237 0
238 24
239 10
240 0
241 13
242 9
243 8
244 17
245 11
246 10
247 0
248 29
249 35
250 0
251 0
252 0
253 0
254 0
255 8
256 12
257 11
258 22
259 0
260 0
261 0
262 0
263 18
264 0
265 21
266 0
267 0
268 0
269 0
270 17
271 12
272 7
273 0
274 0
275 0
276 0
277 0
278 0
279 13
280 0
281 0
282 9
283 11
284 0
285 0
286 0
287 0
288 17
289 0
290 9
291 9
292 8
293 9
294 0
295 9
296 20
297 10
298 17
299 0
300 17
301 10
302 14
303 25
304 37
305 10
306 8
307 9
308 0
309 10
310 20
311 20
312 14
313 0
314 0
315 10
316 9
317 10
318 26
319 0
320 10
321 9
322 0
323 13
324 0
325 0
326 0
327 0
328 0
329 0
330 0
331 10
332 0
333 10
334 25
335 9
336 11
337 22
338 11
339 10
340 0
341 0
342 0
343 0
344 0
345 0
346 9
347 0
348 19
349 21
350 12
351 11
352 20
353 0
354 0
355 0
356 0
357 21
358 0
359 22
360 26
361 23
362 11
363 0
364 0
365 0
366 0
367 11
368 10
369 22
370 0
371 0
372 0
373 10
374 0
375 0
376 19
377 0
378 0
379 10
380 10
381 0
382 10
383 0
384 20
385 13
386 0
387 0
388 23
389 19
390 28
391 17
392 10
393 0
394 19
395 9
396 13
397 8
398 0
399 10
400 0
401 19
402 16
403 15
404 10
405 21
406 22
407 26
408 25
409 0
410 0
411 0
412 9
413 11
414 12
415 0
416 0
417 25
418 0
419 21
420 18
421 0
422 21
423 25
424 9
425 18
426 17
427 9
428 19
429 0
430 10
431 0
432 0
433 22
434 0
435 0
436 22
437 10
438 10
439 26
440 19
441 24
442 11
443 11
444 9
445 9
446 20
447 0
448 12
449 18
450 9
451 12
452 11
453 10
454 18
455 0
456 10
457 11
458 11
459 0
460 0
461 9
462 10
463 8
464 10
465 12
466 0
467 25
468 10
469 10
470 10
471 23
472 20
473 17
474 11
475 3
476 0
477 0
478 0
479 10
480 0
481 0
482 9
483 0
484 19
485 20
486 20
487 22
488 11
489 24
490 24
491 11
492 12
493 11
494 10
495 13
496 10
497 10
498 11
499 20
500 9
501 10
502 10
503 0
504 0
505 10
506 10
507 0
508 0
509 11
510 0
511 11
512 11
513 11
514 22
515 21
516 9
517 15
518 0
519 10
520 10
521 11
522 0
523 11
524 10
525 0
526 0
527 0
528 10
529 0
530 0
531 0
532 19
533 10
534 0
535 18
536 27
537 0
538 9
539 11
540 0
541 21
542 0
543 10
544 14
545 0
546 9
547 0
548 18
549 0
550 0
551 0
552 17
553 10
554 24
555 12
556 13
557 0
558 12
559 11
560 0
561 10
562 0
563 0
564 0
565 0
566 0
567 9
568 0
569 0
570 0
571 26
572 26
573 23
574 0
575 12
576 11
577 10
578 19
579 9
580 0
581 0
582 0
583 12
584 13
585 12
586 14
587 0
588 14
589 10
590 0
591 0
592 10
593 0
594 0
595 10
596 10
597 0
598 25
599 9
600 9
601 22
602 10
603 21
604 19
605 0
606 11
607 11
608 8
609 11
610 14
611 8
612 11
613 10
614 10
615 10
616 9
617 0
618 0
619 0
620 0
621 0
622 10
623 8
624 10
625 10
626 9
627 23
628 10
629 10
630 12
631 10
632 9
633 9
634 9
635 10
636 9
637 0
638 21
639 12
640 0
641 12
642 10
643 10
644 9
645 12
646 9
647 0
648 0
649 0
650 0
651 10
652 10
653 11
654 23
655 27
656 0
657 0
658 9
659 11
660 0
661 16
662 0
663 14
664 0
665 14
666 12
667 24
668 0
669 10
670 10
671 30
672 0
673 0
674 0
675 0
676 10
677 14
678 13
679 13
680 12
681 11
682 0
683 10
684 0
685 12
686 0
687 0
688 0
689 31
690 26
691 11
692 22
693 0
694 0
695 0
696 0
697 0
698 12
699 10
700 13
701 23
702 13
703 0
704 0
705 19
706 20
707 10
708 0
709 14
710 0
711 0
712 0
713 0
714 0
715 0
716 28
717 11
718 20
719 10
720 10
721 11
722 0
723 0
724 12
725 0
726 14
727 0
728 19
729 23
730 25
731 14
732 9
733 10
734 11
735 0
736 9
737 11
738 10
739 9
740 13
741 9
742 0
743 0
744 10
745 0
746 0
747 0
748 13
749 13
750 16
751 0
752 9
753 12
754 25
755 0
756 22
757 0
758 10
759 14
760 10
761 0
762 10
763 0
764 13
765 11
766 10
767 10
768 0
769 0
770 11
771 0
772 0
773 0
774 11
775 22
776 22
777 23
778 10
779 0
780 0
781 0
782 19
783 19
784 15
785 18
786 10
787 10
788 0
789 13
790 25
791 0
792 10
793 11
794 21
795 0
796 10
797 11
798 13
799 8
800 0
801 0
802 12
803 0
804 0
805 0
806 21
807 17
808 11
809 11
810 21
811 0
812 37
813 10
814 0
815 0
816 0
817 0
818 12
819 14
820 11
821 10
822 10
823 21
824 0
825 25
826 21
827 21
828 11
829 11
830 0
831 10
832 10
833 11
834 21
835 11
836 11
837 10
838 0
839 0
840 0
841 0
842 0
843 0
844 47
845 9
846 23
847 10
848 14
849 35
850 10
851 0
852 20
853 0
854 0
855 22
856 10
857 23
858 22
859 0
860 12
861 11
862 9
863 25
864 11
865 14
866 0
867 11
868 0
869 0
870 0
871 0
872 0
873 0
874 0
875 0
876 0
877 9
878 14
879 23
880 13
881 35
882 24
883 0
884 22
885 0
886 0
887 0
888 20
889 25
890 0
891 13
892 19
893 0
894 0
895 18
896 12
897 10
898 0
899 0
900 0
901 0
902 0
903 23
904 20
905 10
906 24
907 9
908 10
909 0
910 0
911 26
912 0
913 0
914 0
915 21
916 0
917 0
918 8
919 22
920 10
921 11
922 11
923 0
924 0
925 0
926 0
927 19
928 0
929 0
930 10
931 12
932 13
933 19
934 19
935 22
936 0
937 0
938 24
939 23
940 17
941 10
942 0
943 0
944 19
945 22
946 8
947 0
948 0
949 14
950 11
951 0
952 38
953 29
954 20
955 11
956 14
957 28
958 25
959 19
960 10
961 0
962 0
963 24
964 10
965 0
966 21
967 11
968 24
969 13
970 8
971 0
972 22
973 11
974 10
975 9
976 0
977 0
978 22
979 17
980 9
981 9
982 24
983 31
984 9
985 23
986 14
987 0
988 0
989 0
990 0
991 13
992 21
993 20
994 19
995 0
996 8
997 0
998 10
999 25
1000 34
1001 11
1002 14
1003 0
1004 0
1005 0
1006 0
1007 23
1008 10
1009 0
1010 10
1011 0
1012 0
1013 0
1014 0
1015 0
1016 27
1017 19
1018 0
1019 11
1020 18
1021 23
1022 23
1023 13
1024 21
1025 28
1026 24
1027 26
1028 8
1029 0
1030 0
1031 10
1032 0
1033 0
1034 21
1035 35
1036 11
1037 0
1038 10
1039 11
1040 10
1041 14
1042 0
1043 14
1044 0
1045 10
1046 10
1047 11
1048 24
1049 0
1050 0
1051 0
1052 0
1053 0
1054 0
1055 10
1056 21
1057 12
1058 10
1059 23
1060 11
1061 21
1062 0
1063 0
1064 0
1065 0
1066 0
1067 17
1068 0
1069 8
1070 10
1071 9
1072 10
1073 10
1074 10
1075 12
1076 0
1077 0
1078 9
1079 0
1080 24
1081 14
1082 28
1083 13
1084 9
1085 0
1086 0
1087 0
1088 0
1089 0
1090 11
1091 29
1092 10
1093 9
1094 11
1095 0
1096 10
1097 9
1098 30
1099 19
1100 0
1101 0
1102 0
1103 9
1104 0
1105 0
1106 15
1107 10
1108 9
1109 0
1110 10
1111 15
1112 0
1113 34
1114 28
1115 0
1116 0
1117 0
1118 0
1119 10
1120 23
1121 12
1122 0
1123 0
1124 0
1125 0
1126 10
1127 0
1128 10
1129 20
1130 0
1131 0
1132 0
1133 12
1134 10
1135 20
1136 0
1137 0
1138 0
1139 11
1140 19
1141 10
1142 24
1143 0
1144 0
1145 0
1146 0
1147 0
1148 0
1149 25
1150 22
1151 0
1152 11
1153 10
1154 11
1155 29
1156 20
1157 18
1158 0
1159 0
1160 0
1161 0
1162 9
1163 0
1164 0
1165 0
1166 28
1167 10
1168 10
1169 0
1170 13
1171 0
1172 0
1173 0
1174 0
1175 0
1176 24
1177 36
1178 0
1179 22
1180 0
1181 22
1182 9
1183 23
1184 9
1185 16
1186 17
1187 10
1188 0
1189 0
1190 0
1191 13
1192 12
1193 0
1194 0
1195 0
1196 0
1197 0
1198 11
1199 10
1200 10
1201 0
1202 0
1203 12
1204 0
1205 0
1206 19
1207 0
1208 25
1209 0
1210 12
1211 21
1212 22
1213 0
1214 28
1215 9
1216 20
1217 11
1218 11
1219 25
1220 21
1221 20
1222 23
1223 9
1224 11
1225 0
1226 13
1227 0
1228 13
1229 9
1230 10
1231 0
1232 8
1233 14
1234 11
1235 25
1236 13
1237 13
1238 22
1239 0
1240 9
1241 0
1242 0
1243 19
1244 0
1245 10
1246 0
1247 10
1248 10
1249 26
1250 0
1251 9
1252 18
1253 38
1254 21
1255 25
1256 11
1257 0
1258 10
1259 0
1260 10
1261 9
1262 10
1263 9
1264 11
1265 10
1266 11
1267 0
1268 0
1269 0
1270 0
1271 10
1272 14
1273 10
1274 23
1275 9
1276 0
1277 0
1278 9
1279 13
1280 0
1281 0
1282 0
1283 0
1284 0
1285 0
1286 14
1287 17
1288 10
1289 21
1290 35
1291 10
1292 21
1293 23
1294 30
1295 19
1296 10
1297 0
1298 30
1299 9
1300 8
1301 0
1302 0
1303 9
1304 11
1305 9
1306 9
1307 10
1308 10
1309 10
1310 0
1311 24
1312 0
1313 0
1314 0
1315 30
1316 9
1317 15
1318 10
1319 14
1320 9
1321 11
1322 12
1323 0
1324 0
1325 22
1326 0
1327 25
1328 0
1329 23
1330 22
1331 10
1332 22
1333 10
1334 0
1335 9
1336 22
1337 17
1338 25
1339 12
1340 10
1341 10
1342 25
1343 14
1344 20
1345 12
1346 8
1347 0
1348 0
1349 0
1350 10
1351 0
1352 0
1353 11
1354 0
1355 11
1356 10
1357 10
1358 10
1359 23
1360 0
1361 0
1362 0
1363 22
1364 11
1365 10
1366 27
1367 22
1368 28
1369 20
1370 12
1371 12
1372 0
1373 19
1374 0
1375 0
1376 0
1377 0
1378 9
1379 11
1380 22
1381 13
1382 11
1383 24
1384 18
1385 10
1386 21
1387 18
1388 30
1389 0
1390 10
1391 64
1392 18
1393 10
1394 0
1395 21
1396 8
1397 10
1398 0
1399 0
1400 15
1401 9
1402 10
1403 24
1404 10
1405 18
1406 17
1407 13
1408 18
1409 9
1410 11
1411 10
1412 11
1413 0
1414 9
1415 0
1416 20
1417 9
1418 9
1419 17
1420 22
1421 19
1422 24
1423 0
1424 0
1425 0
1426 0
1427 12
1428 17
1429 27
1430 12
1431 10
1432 21
1433 13
1434 11
1435 13
1436 26
1437 18
1438 0
1439 0
1440 17
1441 11
1442 9
1443 9
1444 10
1445 12
1446 11
1447 10
1448 9
1449 0
1450 0
1451 10
1452 24
1453 16
1454 9
1455 0
1456 9
1457 9
1458 0
1459 11
1460 12
1461 12
1462 0
1463 13
1464 0
1465 10
1466 18
1467 9
1468 0
1469 0
1470 0
1471 0
1472 0
1473 0
1474 0
1475 22
1476 22
1477 11
1478 32
1479 22
1480 12
1481 22
1482 30
1483 12
1484 17
1485 0
1486 20
1487 0
1488 22
1489 9
1490 11
1491 9
1492 9
1493 11
1494 11
1495 9
1496 11
1497 10
1498 10
1499 23
1500 9
1501 12
1502 13
1503 8
1504 12
1505 9
1506 8
1507 24
1508 11
1509 11
1510 10
1511 0
1512 0
1513 10
1514 12
1515 19
1516 22
1517 0
1518 0
1519 0
1520 0
1521 0
1522 0
1523 0
1524 11
1525 24
1526 21
1527 32
1528 21
1529 22
1530 19
1531 0
1532 24
1533 25
1534 0
1535 28
1536 10
1537 10
1538 11
1539 9
1540 0
1541 10
1542 0
1543 10
1544 12
1545 12
1546 14
1547 11
1548 8
1549 9
1550 14
1551 11
1552 14
1553 18
1554 16
1555 9
1556 25
1557 12
1558 11
1559 8
1560 9
1561 12
1562 10
1563 14
1564 0
1565 0
1566 19
1567 12
1568 28
1569 0
1570 0
1571 10
1572 20
1573 9
1574 9
1575 0
1576 10
1577 9
1578 10
1579 21
1580 12
1581 14
1582 11
1583 20
1584 18
1585 0
1586 0
1587 10
1588 10
1589 8
1590 9
1591 11
1592 10
1593 10
1594 11
1595 9
1596 9
1597 12
1598 19
1599 0
1600 28
1601 23
1602 13
1603 12
1604 7
1605 0
1606 0
1607 10
1608 0
1609 0
1610 0
1611 0
1612 21
1613 18
1614 10
1615 0
1616 9
1617 21
1618 21
1619 11
1620 20
1621 20
1622 29
1623 9
1624 10
1625 0
1626 18
1627 14
1628 10
1629 26
1630 12
1631 11
1632 10
1633 9
1634 10
1635 12
1636 9
1637 19
1638 12
1639 26
1640 10
1641 9
1642 0
1643 18
1644 0
1645 8
1646 9
1647 11
1648 9
1649 9
1650 21
1651 23
1652 10
1653 0
1654 22
1655 22
1656 17
1657 9
1658 10
1659 11
1660 12
1661 12
1662 11
1663 10
1664 11
1665 16
1666 11
1667 11
1668 22
1669 0
1670 12
1671 14
1672 0
1673 0
1674 0
1675 0
1676 0
1677 29
1678 9
1679 11
1680 12
1681 21
1682 25
1683 26
1684 10
1685 10
1686 13
1687 12
1688 17
1689 22
1690 32
1691 11
1692 10
1693 9
1694 9
1695 9
1696 11
1697 0
1698 0
1699 0
1700 0
1701 9
1702 0
1703 14
1704 0
1705 0
1706 0
1707 12
1708 0
1709 20
1710 23
1711 8
1712 22
1713 30
1714 32
1715 10
1716 9
1717 20
1718 37
1719 10
1720 0
1721 14
1722 0
1723 0
1724 8
1725 0
1726 10
1727 9
1728 10
1729 13
1730 0
1731 13
1732 0
1733 10
1734 22
1735 0
1736 14
1737 36
1738 23
1739 10
1740 9
1741 19
1742 24
1743 0
1744 14
1745 9
1746 13
1747 0
1748 0
1749 21
1750 10
1751 14
1752 10
1753 0
1754 0
1755 22
1756 7
1757 20
1758 16
1759 0
1760 0
1761 35
1762 10
1763 11
1764 23
1765 8
1766 10
1767 21
1768 22
1769 0
1770 0
1771 17
1772 10
1773 19
1774 20
1775 9
1776 22
1777 9
1778 24
1779 0
1780 0
1781 0
1782 11
1783 0
1784 24
1785 30
1786 0
1787 12
1788 17
1789 0
1790 10
1791 0
1792 10
1793 19
1794 0
1795 0
1796 0
1797 23
1798 10
1799 9
1800 10
1801 10
1802 10
1803 24
1804 8
1805 14
1806 10
1807 10
1808 13
1809 0
1810 21
1811 11
1812 8
1813 9
1814 12
1815 17
1816 12
1817 0
1818 21
1819 0
1820 10
1821 10
1822 9
1823 21
1824 23
1825 21
1826 0
1827 22
1828 22
1829 10
1830 0
1831 25
1832 8
1833 18
1834 9
1835 24
1836 11
1837 0
1838 11
1839 11
1840 30
1841 21
1842 10
1843 10
1844 22
1845 18
1846 21
1847 17
1848 19
1849 11
1850 9
1851 0
1852 0
1853 19
1854 9
1855 9
1856 11
1857 0
1858 9
1859 10
1860 11
1861 11
1862 10
1863 0
1864 14
1865 11
1866 19
1867 9
1868 9
1869 11
1870 0
1871 18
1872 23
1873 10
1874 9
1875 0
1876 0
1877 13
1878 8
1879 21
1880 0
1881 10
1882 7
1883 10
1884 11
1885 10
1886 0
1887 9
1888 0
1889 18
1890 11
1891 10
1892 9
1893 18
1894 21
1895 10
1896 9
1897 13
1898 8
1899 0
1900 26
1901 21
1902 0
1903 10
1904 10
1905 13
1906 12
1907 9
1908 9
1909 11
1910 11
1911 14
1912 11
1913 11
1914 9
1915 0
1916 0
1917 10
1918 10
1919 11
1920 10
1921 10
1922 0
1923 10
1924 8
1925 21
1926 0
1927 0
1928 0
1929 18
1930 19
1931 11
1932 12
1933 0
1934 8
1935 9
1936 30
1937 0
1938 0
1939 0
1940 10
1941 13
1942 9
1943 22
1944 0
1945 9
1946 11
1947 0
1948 10
1949 0
1950 0
1951 21
1952 11
1953 20
1954 10
1955 19
1956 18
1957 9
1958 19
1959 18
1960 11
1961 0
1962 0
1963 10
1964 9
1965 9
1966 16
1967 13
1968 9
1969 10
1970 10
1971 9
1972 8
1973 0
1974 9
1975 8
1976 21
1977 0
1978 0
1979 0
1980 21
1981 9
1982 9
1983 0
1984 10
1985 10
1986 10
1987 0
1988 0
1989 9
1990 21
1991 26
1992 21
1993 9
1994 10
1995 9
1996 9
1997 10
1998 9
1999 10
2000 9
2001 0
2002 0
2003 11
2004 11
2005 10
2006 18
2007 19
2008 10
2009 10
2010 10
2011 22
2012 0
2013 0
2014 20
2015 20
2016 10
2017 13
2018 0
2019 10
2020 9
2021 10
2022 10
2023 10
2024 10
2025 0
2026 7
2027 10
2028 13
2029 9
2030 10
2031 9
2032 21
2033 18
2034 20
2035 21
2036 10
2037 10
2038 10
2039 21
2040 11
2041 11
2042 12
2043 21
2044 10
2045 9
2046 10
2047 10
2048 10
2049 10
2050 10
2051 11
2052 0
2053 0
2054 11
2055 9
2056 11
2057 23
2058 18
2059 22
2060 20
2061 18
2062 25
2063 11
2064 13
2065 0
2066 18
2067 9
2068 0
2069 12
2070 0
2071 11
2072 10
2073 10
2074 10
2075 9
2076 10
2077 10
2078 0
2079 0
2080 12
2081 10
2082 12
2083 10
2084 12
2085 0
2086 9
2087 23
2088 18
2089 9
2090 9
2091 11
2092 22
2093 16
2094 10
2095 11
2096 10
2097 11
2098 14
2099 9
2100 10
2101 9
2102 0
2103 10
2104 11
2105 12
2106 0
2107 0
2108 9
2109 0
2110 23
2111 11
2112 19
2113 10
2114 22
2115 12
2116 24
2117 11
2118 10
2119 11
2120 23
2121 12
2122 0
2123 0
2124 10
2125 11
2126 12
2127 10
2128 19
2129 10
2130 10
2131 13
2132 9
2133 19
2134 0
2135 0
2136 0
2137 20
2138 10
2139 19
2140 0
2141 0
2142 0
2143 0
2144 9
2145 11
2146 11
2147 7
2148 12
2149 9
2150 10
2151 13
2152 9
2153 13
2154 19
2155 12
2156 0
2157 0
2158 0
2159 11
2160 14
2161 11
2162 0
2163 0
2164 0
2165 11
2166 10
2167 9
2168 9
2169 10
2170 10
2171 0
2172 11
2173 20
2174 0
2175 11
2176 0
2177 20
2178 0
2179 9
2180 10
2181 9
2182 9
2183 10
2184 0
2185 0
2186 0
2187 12
2188 10
2189 9
2190 10
2191 12
2192 19
2193 9
2194 10
2195 0
2196 0
2197 0
2198 0
2199 21
2200 11
2201 10
2202 10
2203 9
2204 0
2205 11
2206 11
2207 8
2208 0
2209 23
2210 10
2211 23
2212 19
2213 10
2214 9
2215 18
2216 0
2217 0
2218 0
2219 10
2220 9
2221 0
2222 0
2223 11
2224 22
2225 0
2226 0
2227 10
2228 26
2229 9
2230 25
2231 0
2232 25
2233 11
2234 0
2235 0
2236 0
2237 12
2238 0
2239 0
2240 0
2241 0
2242 0
2243 9
2244 9
2245 0
2246 0
2247 26
2248 18
2249 21
2250 17
2251 22
2252 0
2253 8
2254 25
2255 27
2256 25
2257 48
2258 0
2259 0
2260 10
2261 8
2262 0
2263 0
2264 0
2265 15
2266 10
2267 10
2268 8
2269 13
2270 24
2271 19
2272 0
2273 0
2274 10
2275 21
2276 26
2277 23
2278 21
2279 0
2280 0
2281 11
2282 9
2283 7
2284 0
2285 0
2286 10
2287 10
2288 10
2289 11
2290 22
2291 22
2292 0
2293 0
2294 8
2295 11
2296 9
2297 24
2298 21
2299 0
2300 19
2301 10
2302 26
2303 0
2304 22
2305 0
2306 0
2307 24
2308 10
2309 10
2310 14
2311 19
2312 21
2313 21
2314 10
2315 19
2316 9
2317 22
2318 0
2319 0
2320 23
2321 10
2322 11
2323 0
2324 0
2325 0
2326 11
2327 9
2328 11
2329 0
2330 11
2331 0
2332 8
2333 23
2334 22
2335 21
2336 9
2337 0
2338 20
2339 20
2340 8
2341 9
2342 0
2343 0
2344 11
2345 9
2346 11
2347 9
2348 0
2349 9
2350 10
2351 27
2352 26
2353 9
2354 22
2355 0
2356 11
2357 11
2358 0
2359 0
2360 0
2361 0
2362 0
2363 9
2364 11
2365 8
2366 9
2367 24
2368 9
2369 10
2370 21
2371 21
2372 20
2373 20
2374 0
2375 23
2376 23
2377 0
2378 0
2379 0
2380 0
2381 0
2382 23
2383 11
2384 9
2385 10
2386 26
2387 22
2388 38
2389 10
2390 9
2391 24
2392 0
2393 13
2394 22
2395 13
2396 10
2397 0
2398 10
2399 0
2400 0
2401 10
2402 10
2403 51
2404 4
2405 9
2406 37
2407 8
2408 12
2409 10
2410 11
2411 23
2412 9
2413 21
2414 0
2415 0
2416 0
2417 21
2418 0
2419 9
2420 9
2421 10
2422 32
2423 20
2424 10
2425 22
2426 10
2427 10
2428 23
2429 10
2430 0
2431 9
2432 21
2433 0
2434 7
2435 9
2436 9
2437 8
2438 9
2439 0
2440 13
2441 9
2442 10
2443 9
2444 25
2445 11
2446 0
2447 0
2448 0
2449 13
2450 0
2451 9
2452 0
2453 0
2454 25
2455 25
2456 10
2457 22
2458 0
2459 9
2460 0
2461 0
2462 0
2463 0
2464 9
2465 20
2466 11
2467 0
2468 11
2469 18
2470 23
2471 8
2472 20
2473 0
2474 0
2475 0
2476 0
2477 0
2478 9
2479 0
2480 10
2481 22
2482 0
2483 11
2484 8
2485 8
2486 9
2487 22
2488 0
2489 0
2490 0
2491 0
2492 0
2493 0
2494 10
2495 9
2496 11
2497 11
2498 0
2499 10
2500 9
2501 11
2502 8
2503 23
2504 0
2505 0
2506 0
2507 0
2508 0
2509 10
2510 0
2511 8
2512 0
2513 9
2514 0
2515 0
2516 0
2517 0
2518 0
2519 0
2520 0
2521 0
2522 0
2523 10
2524 0
2525 0
2526 19
2527 0
2528 0
2529 0
2530 0
2531 0
2532 0
2533 0
2534 20
2535 35
2536 0
2537 12
2538 9
2539 0
2540 0
2541 0
2542 21
2543 11
2544 10
2545 13
2546 0
2547 0
2548 18
2549 0
2550 0
2551 0
2552 20
2553 10
2554 9
2555 0
2556 0
2557 0
2558 0
2559 0
2560 10
2561 9
2562 0
2563 9
2564 0
2565 0
2566 17
2567 0
2568 0
2569 0
2570 0
2571 0
2572 0
2573 29
2574 0
2575 17
2576 0
2577 0
2578 0
2579 0
2580 0
