0 25
1 1
2 2
3 1
4 7
5 0
6 0
7 0
8 0
9 1
10 8
11 21
12 3
13 12
14 38
15 11
16 22
17 7
18 1
19 55
20 0
21 8
22 0
23 37
24 0
25 13
26 0
27 1
28 1
29 3
30 1
31 1
32 0
33 14
34 2
35 23
36 2
37 7
38 2
39 6
40 7
41 1
42 0
43 2
44 30
45 0
46 1
47 1
48 2
49 31
50 0
51 3
52 21
53 26
54 20
55 2
56 3
57 15
58 21
59 3
60 6
61 33
62 21
63 0
64 3
65 67
66 6
67 23
68 12
69 0
70 5
71 6
72 2
73 0
74 22
75 45
76 1
77 20
78 48
79 0
80 4
81 1
82 17
83 8
84 2
85 1
86 17
87 60
88 47
89 1
90 1
91 0
92 3
93 19
94 5
95 0
96 5
97 31
98 7
99 33
100 0
101 2
102 21
103 24
104 5
105 10
106 30
107 5
108 24
109 24
110 2
111 0
112 12
113 4
114 18
115 7
116 28
117 4
118 3
119 11
120 0
121 10
122 48
123 15
124 7
125 1
126 3
127 4
128 5
129 15
130 4
131 14
132 5
133 0
134 0
135 42
136 18
137 103
138 5
139 5
140 37
141 33
142 9
143 6
144 0
145 0
146 25
147 7
148 35
149 22
150 5
151 0
152 0
153 8
154 9
155 16
156 3
157 7
158 98
159 13
160 5
161 7
162 1
163 15
164 15
165 17
166 29
167 14
168 9
169 7
170 46
171 23
172 9
173 4
174 33
175 75
176 49
177 6
178 11
179 0
180 47
181 0
182 109
183 53
184 21
185 15
186 69
187 66
188 41
189 4
190 9
191 0
192 0
193 3
194 0
195 0
196 40
197 24
198 0
199 36
200 23
201 23
202 7
203 45
204 23
205 59
206 87
207 19
208 11
209 0
210 66
211 0
212 7
213 17
214 0
215 46
216 3
217 12
218 13
219 73
220 13
221 57
222 50
223 46
224 88
225 42
226 41
227 6
228 0
229 7
230 0
231 0
232 0
233 4
234 0
235 7
236 0
237 0
238 0
239 83
240 3
241 91
242 55
243 9
244 58
245 10
246 26
247 1
248 14
249 12
250 8
251 1
252 5
253 0
254 3
255 7
256 157
257 47
258 9
259 2
260 0
261 0
262 4
263 26
264 5
265 8
266 1
267 9
268 3
269 0
270 0
271 31
272 10
273 0
274 4
275 0
276 2
277 2
278 7
279 29
280 2
281 0
282 13
283 95
284 3
285 2
286 8
287 5
288 7
289 7
290 73
291 19
292 113
293 37
294 0
295 24
296 31
297 10
298 13
299 7
300 18
301 14
302 27
303 19
304 94
305 28
306 21
307 50
308 0
309 26
310 20
311 28
312 33
313 6
314 7
315 36
316 28
317 39
318 79
319 2
320 10
321 19
322 0
323 7
324 0
325 0
326 6
327 2
328 0
329 0
330 3
331 19
332 5
333 38
334 51
335 43
336 6
337 22
338 72
339 37
340 0
341 2
342 3
343 0
344 3
345 4
346 13
347 2
348 37
349 14
350 20
351 84
352 12
353 2
354 0
355 1
356 2
357 18
358 0
359 27
360 19
361 60
362 88
363 1
364 0
365 0
366 9
367 10
368 28
369 34
370 10
371 8
372 7
373 9
374 6
375 7
376 19
377 1
378 4
379 19
380 24
381 1
382 20
383 2
384 17
385 23
386 0
387 0
388 22
389 34
390 46
391 34
392 54
393 0
394 33
395 13
396 59
397 17
398 0
399 44
400 2
401 20
402 9
403 8
404 26
405 0
406 61
407 40
408 12
409 1
410 4
411 11
412 0
413 77
414 50
415 2
416 10
417 17
418 2
419 11
420 7
421 4
422 34
423 27
424 41
425 19
426 13
427 7
428 25
429 1
430 65
431 2
432 0
433 12
434 0
435 4
436 50
437 76
438 98
439 33
440 63
441 57
442 23
443 79
444 15
445 12
446 7
447 3
448 37
449 13
450 29
451 20
452 33
453 53
454 55
455 0
456 0
457 71
458 0
459 0
460 1
461 53
462 45
463 24
464 29
465 18
466 0
467 36
468 25
469 49
470 62
471 71
472 43
473 26
474 49
475 16
476 3
477 5
478 2
479 6
480 8
481 11
482 15
483 3
484 36
485 11
486 20
487 26
488 10
489 60
490 17
491 11
492 55
493 109
494 9
495 24
496 10
497 5
498 58
499 13
500 17
501 17
502 14
503 6
504 1
505 23
506 36
507 2
508 3
509 85
510 5
511 14
512 41
513 66
514 30
515 45
516 22
517 12
518 0
519 17
520 0
521 55
522 0
523 10
524 13
525 0
526 1
527 5
528 23
529 6
530 4
531 7
532 53
533 42
534 5
535 41
536 48
537 9
538 5
539 30
540 7
541 7
542 3
543 39
544 37
545 3
546 0
547 0
548 36
549 2
550 14
551 2
552 39
553 43
554 65
555 60
556 11
557 6
558 13
559 36
560 9
561 27
562 9
563 0
564 1
565 0
566 0
567 7
568 2
569 0
570 7
571 26
572 22
573 11
574 4
575 33
576 10
577 15
578 0
579 11
580 3
581 0
582 2
583 18
584 24
585 26
586 16
587 7
588 41
589 81
590 4
591 1
592 17
593 1
594 3
595 9
596 7
597 7
598 56
599 57
600 38
601 98
602 19
603 13
604 11
605 5
606 24
607 17
608 43
609 10
610 28
611 15
612 38
613 32
614 66
615 47
616 45
617 0
618 2
619 3
620 9
621 0
622 11
623 6
624 0
625 58
626 25
627 73
628 44
629 35
630 56
631 6
632 17
633 12
634 15
635 9
636 24
637 0
638 12
639 34
640 3
641 31
642 25
643 60
644 13
645 44
646 32
647 4
648 3
649 1
650 0
651 21
652 23
653 12
654 12
655 13
656 13
657 5
658 57
659 37
660 4
661 25
662 2
663 36
664 5
665 2
666 32
667 21
668 0
669 8
670 19
671 52
672 4
673 2
674 5
675 0
676 35
677 47
678 32
679 17
680 51
681 39
682 2
683 10
684 8
685 22
686 6
687 0
688 1
689 11
690 58
691 30
692 18
693 0
694 5
695 8
696 8
697 7
698 5
699 21
700 10
701 0
702 20
703 2
704 7
705 37
706 0
707 28
708 1
709 28
710 0
711 0
712 0
713 3
714 0
715 4
716 24
717 91
718 34
719 31
720 76
721 17
722 11
723 0
724 12
725 8
726 13
727 14
728 11
729 28
730 16
731 38
732 9
733 17
734 22
735 6
736 30
737 20
738 49
739 52
740 18
741 12
742 0
743 12
744 37
745 1
746 0
747 0
748 33
749 12
750 91
751 3
752 41
753 11
754 34
755 2
756 13
757 6
758 11
759 49
760 24
761 6
762 21
763 5
764 59
765 22
766 18
767 19
768 1
769 6
770 57
771 11
772 4
773 0
774 15
775 22
776 15
777 14
778 14
779 1
780 0
781 6
782 16
783 6
784 22
785 11
786 34
787 23
788 3
789 50
790 0
791 5
792 16
793 34
794 26
795 0
796 29
797 32
798 21
799 10
800 6
801 0
802 13
803 0
804 3
805 0
806 61
807 20
808 14
809 34
810 22
811 7
812 18
813 19
814 6
815 2
816 0
817 0
818 10
819 40
820 42
821 52
822 20
823 27
824 6
825 19
826 10
827 34
828 25
829 11
830 12
831 13
832 23
833 27
834 24
835 12
836 19
837 9
838 9
839 3
840 0
841 5
842 3
843 0
844 11
845 19
846 22
847 39
848 26
849 6
850 32
851 2
852 24
853 5
854 2
855 14
856 3
857 0
858 32
859 4
860 5
861 14
862 32
863 11
864 9
865 16
866 4
867 19
868 3
869 6
870 7
871 2
872 0
873 4
874 0
875 0
876 3
877 54
878 18
879 20
880 67
881 40
882 8
883 5
884 31
885 2
886 6
887 4
888 14
889 82
890 7
891 8
892 18
893 9
894 6
895 15
896 11
897 19
898 7
899 2
900 0
901 0
902 4
903 84
904 40
905 9
906 37
907 48
908 39
909 1
910 3
911 30
912 1
913 2
914 11
915 30
916 1
917 11
918 35
919 10
920 33
921 39
922 13
923 0
924 7
925 1
926 7
927 19
928 0
929 2
930 25
931 66
932 25
933 66
934 27
935 54
936 0
937 0
938 28
939 11
940 0
941 17
942 0
943 6
944 39
945 48
946 14
947 0
948 0
949 31
950 0
951 3
952 20
953 39
954 16
955 62
956 73
957 18
958 10
959 20
960 12
961 2
962 7
963 22
964 35
965 4
966 15
967 17
968 21
969 0
970 18
971 0
972 20
973 41
974 9
975 20
976 3
977 2
978 91
979 14
980 85
981 83
982 15
983 8
984 49
985 41
986 0
987 2
988 0
989 0
990 3
991 8
992 9
993 58
994 31
995 8
996 19
997 5
998 9
999 18
1000 0
1001 20
1002 38
1003 0
1004 0
1005 1
1006 0
1007 36
1008 61
1009 0
1010 8
1011 6
1012 3
1013 0
1014 0
1015 2
1016 14
1017 46
1018 3
1019 33
1020 35
1021 54
1022 38
1023 12
1024 17
1025 6
1026 22
1027 67
1028 15
1029 3
1030 3
1031 38
1032 0
1033 1
1034 12
1035 20
1036 11
1037 4
1038 56
1039 37
1040 52
1041 30
1042 1
1043 17
1044 9
1045 11
1046 27
1047 21
1048 23
1049 3
1050 3
1051 0
1052 1
1053 1
1054 1
1055 10
1056 12
1057 22
1058 31
1059 51
1060 56
1061 11
1062 0
1063 3
1064 0
1065 3
1066 2
1067 15
1068 0
1069 15
1070 11
1071 5
1072 43
1073 16
1074 34
1075 5
1076 5
1077 0
1078 19
1079 4
1080 40
1081 19
1082 8
1083 15
1084 16
1085 7
1086 0
1087 2
1088 0
1089 1
1090 37
1091 63
1092 0
1093 61
1094 32
1095 5
1096 13
1097 3
1098 12
1099 68
1100 1
1101 4
1102 5
1103 10
1104 3
1105 5
1106 71
1107 66
1108 14
1109 0
1110 128
1111 32
1112 2
1113 26
1114 43
1115 3
1116 0
1117 5
1118 7
1119 49
1120 39
1121 45
1122 5
1123 0
1124 11
1125 1
1126 10
1127 0
1128 16
1129 28
1130 0
1131 0
1132 0
1133 19
1134 9
1135 8
1136 0
1137 0
1138 0
1139 31
1140 138
1141 86
1142 32
1143 0
1144 4
1145 0
1146 10
1147 0
1148 2
1149 57
1150 82
1151 7
1152 9
1153 10
1154 20
1155 59
1156 44
1157 28
1158 0
1159 2
1160 6
1161 0
1162 16
1163 0
1164 1
1165 0
1166 14
1167 20
1168 44
1169 8
1170 47
1171 0
1172 0
1173 9
1174 1
1175 4
1176 28
1177 64
1178 10
1179 49
1180 4
1181 35
1182 25
1183 49
1184 18
1185 39
1186 17
1187 18
1188 3
1189 0
1190 0
1191 22
1192 22
1193 1
1194 4
1195 3
1196 6
1197 2
1198 16
1199 14
1200 7
1201 0
1202 0
1203 49
1204 4
1205 1
1206 9
1207 3
1208 12
1209 7
1210 41
1211 32
1212 75
1213 5
1214 16
1215 41
1216 22
1217 73
1218 38
1219 5
1220 23
1221 12
1222 4
1223 17
1224 13
1225 5
1226 10
1227 4
1228 16
1229 33
1230 10
1231 1
1232 9
1233 22
1234 30
1235 66
1236 16
1237 15
1238 27
1239 0
1240 8
1241 0
1242 2
1243 27
1244 1
1245 12
1246 8
1247 27
1248 63
1249 90
1250 5
1251 38
1252 63
1253 74
1254 123
1255 17
1256 15
1257 4
1258 39
1259 2
1260 13
1261 4
1262 13
1263 18
1264 53
1265 30
1266 0
1267 6
1268 1
1269 0
1270 0
1271 8
1272 18
1273 16
1274 110
1275 45
1276 5
1277 9
1278 12
1279 12
1280 1
1281 0
1282 1
1283 1
1284 0
1285 0
1286 26
1287 61
1288 18
1289 41
1290 42
1291 0
1292 15
1293 20
1294 343
1295 112
1296 13
1297 3
1298 15
1299 37
1300 7
1301 0
1302 8
1303 19
1304 64
1305 14
1306 7
1307 41
1308 30
1309 25
1310 6
1311 18
1312 0
1313 1
1314 0
1315 49
1316 49
1317 55
1318 68
1319 59
1320 56
1321 95
1322 63
1323 8
1324 7
1325 18
1326 4
1327 6
1328 0
1329 12
1330 6
1331 18
1332 72
1333 0
1334 4
1335 14
1336 12
1337 44
1338 38
1339 110
1340 150
1341 23
1342 8
1343 36
1344 50
1345 10
1346 7
1347 6
1348 0
1349 13
1350 50
1351 5
1352 1
1353 61
1354 6
1355 27
1356 23
1357 6
1358 10
1359 30
1360 3
1361 0
1362 1
1363 17
1364 80
1365 86
1366 23
1367 29
1368 29
1369 58
1370 43
1371 46
1372 0
1373 4
1374 0
1375 1
1376 2
1377 5
1378 18
1379 66
1380 67
1381 8
1382 10
1383 14
1384 31
1385 12
1386 46
1387 121
1388 33
1389 6
1390 39
1391 34
1392 8
1393 7
1394 2
1395 18
1396 16
1397 15
1398 0
1399 6
1400 0
1401 25
1402 21
1403 0
1404 21
1405 9
1406 15
1407 26
1408 32
1409 36
1410 31
1411 16
1412 8
1413 0
1414 6
1415 3
1416 27
1417 38
1418 29
1419 68
1420 28
1421 84
1422 19
1423 0
1424 7
1425 1
1426 7
1427 36
1428 94
1429 126
1430 79
1431 100
1432 71
1433 30
1434 31
1435 0
1436 31
1437 71
1438 1
1439 0
1440 21
1441 18
1442 109
1443 22
1444 19
1445 40
1446 60
1447 13
1448 18
1449 10
1450 10
1451 72
1452 13
1453 47
1454 25
1455 3
1456 17
1457 73
1458 4
1459 78
1460 20
1461 12
1462 8
1463 12
1464 0
1465 11
1466 22
1467 19
1468 4
1469 6
1470 1
1471 0
1472 5
1473 4
1474 3
1475 22
1476 106
1477 187
1478 77
1479 57
1480 76
1481 65
1482 11
1483 50
1484 31
1485 1
1486 10
1487 3
1488 0
1489 23
1490 126
1491 30
1492 16
1493 32
1494 35
1495 12
1496 57
1497 67
1498 10
1499 27
1500 46
1501 11
1502 16
1503 7
1504 28
1505 54
1506 10
1507 19
1508 49
1509 8
1510 20
1511 2
1512 6
1513 11
1514 68
1515 21
1516 13
1517 2
1518 0
1519 0
1520 0
1521 1
1522 4
1523 3
1524 35
1525 115
1526 74
1527 216
1528 169
1529 111
1530 46
1531 1
1532 16
1533 60
1534 5
1535 31
1536 20
1537 22
1538 42
1539 22
1540 1
1541 30
1542 8
1543 20
1544 114
1545 77
1546 0
1547 30
1548 13
1549 26
1550 49
1551 16
1552 13
1553 22
1554 14
1555 15
1556 68
1557 135
1558 10
1559 16
1560 24
1561 85
1562 48
1563 47
1564 0
1565 3
1566 18
1567 26
1568 56
1569 1
1570 2
1571 12
1572 160
1573 307
1574 101
1575 9
1576 115
1577 0
1578 35
1579 74
1580 96
1581 32
1582 39
1583 29
1584 18
1585 6
1586 0
1587 15
1588 49
1589 8
1590 116
1591 37
1592 20
1593 29
1594 23
1595 81
1596 58
1597 10
1598 3
1599 8
1600 80
1601 29
1602 85
1603 10
1604 6
1605 0
1606 3
1607 15
1608 0
1609 1
1610 1
1611 0
1612 23
1613 26
1614 16
1615 4
1616 37
1617 133
1618 102
1619 190
1620 87
1621 142
1622 116
1623 43
1624 34
1625 4
1626 87
1627 46
1628 20
1629 52
1630 27
1631 31
1632 29
1633 21
1634 43
1635 13
1636 11
1637 21
1638 19
1639 25
1640 53
1641 11
1642 1
1643 4
1644 4
1645 94
1646 151
1647 33
1648 57
1649 23
1650 16
1651 57
1652 141
1653 4
1654 18
1655 60
1656 65
1657 18
1658 30
1659 45
1660 21
1661 28
1662 29
1663 7
1664 30
1665 48
1666 0
1667 70
1668 63
1669 1
1670 15
1671 15
1672 0
1673 3
1674 1
1675 1
1676 1
1677 157
1678 105
1679 84
1680 94
1681 34
1682 50
1683 45
1684 25
1685 57
1686 40
1687 14
1688 25
1689 30
1690 17
1691 34
1692 10
1693 24
1694 34
1695 3
1696 16
1697 1
1698 7
1699 12
1700 5
1701 70
1702 9
1703 19
1704 0
1705 0
1706 4
1707 19
1708 1
1709 23
1710 156
1711 45
1712 28
1713 23
1714 25
1715 58
1716 46
1717 33
1718 11
1719 18
1720 4
1721 21
1722 6
1723 4
1724 12
1725 7
1726 20
1727 14
1728 52
1729 36
1730 2
1731 8
1732 3
1733 19
1734 6
1735 2
1736 13
1737 34
1738 51
1739 55
1740 32
1741 12
1742 48
1743 4
1744 22
1745 34
1746 17
1747 1
1748 4
1749 5
1750 11
1751 37
1752 41
1753 6
1754 4
1755 16
1756 10
1757 14
1758 17
1759 1
1760 1
1761 0
1762 13
1763 22
1764 25
1765 24
1766 14
1767 53
1768 26
1769 0
1770 5
1771 16
1772 26
1773 47
1774 22
1775 0
1776 16
1777 25
1778 51
1779 1
1780 8
1781 0
1782 32
1783 3
1784 10
1785 14
1786 1
1787 37
1788 18
1789 9
1790 26
1791 2
1792 32
1793 18
1794 3
1795 0
1796 0
1797 55
1798 58
1799 112
1800 82
1801 28
1802 30
1803 9
1804 20
1805 87
1806 0
1807 23
1808 24
1809 0
1810 30
1811 14
1812 11
1813 12
1814 9
1815 14
1816 8
1817 0
1818 16
1819 3
1820 23
1821 19
1822 12
1823 14
1824 55
1825 21
1826 6
1827 18
1828 28
1829 48
1830 2
1831 38
1832 10
1833 40
1834 7
1835 51
1836 22
1837 3
1838 21
1839 8
1840 16
1841 13
1842 9
1843 21
1844 62
1845 46
1846 10
1847 15
1848 33
1849 71
1850 9
1851 3
1852 10
1853 27
1854 12
1855 32
1856 20
1857 0
1858 57
1859 0
1860 19
1861 46
1862 43
1863 1
1864 16
1865 6
1866 19
1867 159
1868 35
1869 23
1870 4
1871 20
1872 74
1873 39
1874 13
1875 4
1876 3
1877 22
1878 24
1879 13
1880 1
1881 38
1882 57
1883 79
1884 41
1885 15
1886 7
1887 8
1888 0
1889 25
1890 38
1891 9
1892 21
1893 22
1894 110
1895 104
1896 49
1897 13
1898 12
1899 8
1900 47
1901 33
1902 7
1903 70
1904 22
1905 35
1906 24
1907 35
1908 15
1909 22
1910 19
1911 26
1912 56
1913 29
1914 4
1915 3
1916 3
1917 32
1918 17
1919 33
1920 10
1921 25
1922 7
1923 29
1924 31
1925 34
1926 4
1927 4
1928 7
1929 7
1930 16
1931 30
1932 12
1933 3
1934 16
1935 33
1936 42
1937 5
1938 5
1939 11
1940 34
1941 33
1942 79
1943 66
1944 10
1945 0
1946 14
1947 3
1948 13
1949 13
1950 12
1951 39
1952 22
1953 39
1954 22
1955 60
1956 8
1957 24
1958 36
1959 18
1960 9
1961 3
1962 1
1963 5
1964 67
1965 71
1966 5
1967 34
1968 63
1969 31
1970 13
1971 21
1972 56
1973 8
1974 12
1975 38
1976 10
1977 0
1978 3
1979 3
1980 36
1981 63
1982 26
1983 7
1984 14
1985 60
1986 25
1987 3
1988 4
1989 42
1990 24
1991 29
1992 23
1993 10
1994 28
1995 51
1996 85
1997 29
1998 16
1999 41
2000 37
2001 0
2002 7
2003 19
2004 58
2005 25
2006 13
2007 20
2008 14
2009 24
2010 23
2011 35
2012 0
2013 7
2014 37
2015 31
2016 57
2017 70
2018 5
2019 50
2020 19
2021 15
2022 13
2023 53
2024 76
2025 3
2026 20
2027 20
2028 14
2029 9
2030 31
2031 47
2032 0
2033 10
2034 26
2035 0
2036 72
2037 24
2038 19
2039 15
2040 12
2041 9
2042 8
2043 48
2044 8
2045 0
2046 0
2047 17
2048 51
2049 66
2050 43
2051 40
2052 3
2053 4
2054 31
2055 93
2056 12
2057 21
2058 17
2059 21
2060 17
2061 38
2062 36
2063 26
2064 5
2065 4
2066 45
2067 30
2068 1
2069 50
2070 15
2071 22
2072 51
2073 42
2074 20
2075 31
2076 49
2077 15
2078 0
2079 5
2080 31
2081 60
2082 40
2083 29
2084 17
2085 11
2086 36
2087 26
2088 39
2089 31
2090 23
2091 15
2092 16
2093 14
2094 25
2095 91
2096 28
2097 94
2098 42
2099 28
2100 16
2101 5
2102 1
2103 64
2104 63
2105 31
2106 1
2107 0
2108 8
2109 9
2110 51
2111 34
2112 50
2113 26
2114 0
2115 30
2116 24
2117 21
2118 65
2119 62
2120 10
2121 13
2122 4
2123 3
2124 52
2125 7
2126 31
2127 36
2128 45
2129 14
2130 24
2131 57
2132 72
2133 10
2134 0
2135 7
2136 0
2137 34
2138 63
2139 15
2140 5
2141 0
2142 0
2143 2
2144 43
2145 51
2146 19
2147 8
2148 69
2149 28
2150 67
2151 0
2152 39
2153 60
2154 41
2155 11
2156 3
2157 5
2158 1
2159 16
2160 59
2161 61
2162 0
2163 2
2164 8
2165 50
2166 23
2167 19
2168 12
2169 28
2170 9
2171 6
2172 35
2173 26
2174 1
2175 14
2176 0
2177 28
2178 5
2179 12
2180 7
2181 14
2182 13
2183 19
2184 7
2185 0
2186 0
2187 34
2188 20
2189 10
2190 40
2191 30
2192 10
2193 43
2194 8
2195 3
2196 0
2197 5
2198 4
2199 22
2200 14
2201 21
2202 31
2203 46
2204 7
2205 43
2206 57
2207 16
2208 0
2209 20
2210 22
2211 36
2212 70
2213 59
2214 8
2215 0
2216 3
2217 4
2218 4
2219 8
2220 23
2221 1
2222 1
2223 14
2224 0
2225 6
2226 4
2227 48
2228 40
2229 0
2230 36
2231 3
2232 15
2233 22
2234 0
2235 3
2236 2
2237 16
2238 7
2239 0
2240 0
2241 4
2242 0
2243 51
2244 25
2245 5
2246 8
2247 41
2248 76
2249 10
2250 0
2251 24
2252 0
2253 18
2254 56
2255 28
2256 0
2257 10
2258 1
2259 6
2260 41
2261 5
2262 3
2263 0
2264 1
2265 12
2266 0
2267 47
2268 45
2269 66
2270 70
2271 0
2272 0
2273 10
2274 77
2275 57
2276 29
2277 54
2278 18
2279 4
2280 2
2281 48
2282 63
2283 6
2284 0
2285 5
2286 36
2287 6
2288 10
2289 12
2290 58
2291 84
2292 6
2293 1
2294 60
2295 57
2296 18
2297 29
2298 15
2299 2
2300 29
2301 39
2302 24
2303 0
2304 14
2305 3
2306 9
2307 19
2308 62
2309 18
2310 21
2311 20
2312 11
2313 11
2314 23
2315 13
2316 69
2317 22
2318 0
2319 9
2320 49
2321 26
2322 22
2323 0
2324 0
2325 6
2326 61
2327 94
2328 17
2329 3
2330 7
2331 3
2332 13
2333 12
2334 95
2335 113
2336 12
2337 2
2338 14
2339 30
2340 25
2341 7
2342 0
2343 0
2344 22
2345 39
2346 23
2347 34
2348 4
2349 19
2350 31
2351 47
2352 42
2353 63
2354 36
2355 10
2356 27
2357 8
2358 4
2359 0
2360 1
2361 0
2362 2
2363 54
2364 47
2365 6
2366 40
2367 39
2368 7
2369 22
2370 34
2371 22
2372 24
2373 14
2374 0
2375 29
2376 40
2377 0
2378 1
2379 6
2380 10
2381 3
2382 49
2383 31
2384 20
2385 67
2386 15
2387 51
2388 85
2389 51
2390 32
2391 59
2392 9
2393 6
2394 61
2395 18
2396 6
2397 1
2398 42
2399 2
2400 4
2401 29
2402 126
2403 9
2404 18
2405 36
2406 56
2407 38
2408 21
2409 28
2410 17
2411 43
2412 29
2413 7
2414 1
2415 18
2416 2
2417 8
2418 1
2419 35
2420 59
2421 53
2422 116
2423 14
2424 28
2425 38
2426 41
2427 55
2428 70
2429 11
2430 0
2431 14
2432 35
2433 0
2434 5
2435 0
2436 25
2437 11
2438 71
2439 8
2440 24
2441 56
2442 50
2443 26
2444 29
2445 32
2446 4
2447 0
2448 0
2449 26
2450 2
2451 6
2452 6
2453 1
2454 19
2455 20
2456 31
2457 24
2458 3
2459 16
2460 4
2461 1
2462 0
2463 2
2464 18
2465 109
2466 15
2467 0
2468 6
2469 11
2470 17
2471 12
2472 12
2473 3
2474 0
2475 0
2476 0
2477 8
2478 29
2479 2
2480 10
2481 13
2482 5
2483 7
2484 17
2485 27
2486 10
2487 40
2488 7
2489 12
2490 2
2491 1
2492 0
2493 0
2494 12
2495 22
2496 8
2497 15
2498 2
2499 18
2500 6
2501 8
2502 8
2503 48
2504 3
2505 0
2506 4
2507 0
2508 1
2509 8
2510 4
2511 7
2512 7
2513 13
2514 0
2515 0
2516 5
2517 0
2518 0
2519 0
2520 10
2521 2
2522 5
2523 17
2524 0
2525 0
2526 24
2527 7
2528 0
2529 6
2530 9
2531 5
2532 1
2533 0
2534 46
2535 52
2536 6
2537 14
2538 18
2539 2
2540 0
2541 2
2542 53
2543 18
2544 18
2545 54
2546 3
2547 3
2548 13
2549 8
2550 4
2551 4
2552 17
2553 29
2554 10
2555 0
2556 0
2557 3
2558 10
2559 9
2560 32
2561 21
2562 5
2563 19
2564 4
2565 5
2566 12
2567 4
2568 3
2569 1
2570 4
2571 3
2572 0
2573 6
2574 0
2575 22
2576 1
2577 1
2578 0
2579 1
2580 0
2581 0
2582 0
2583 0
2584 0
2585 0
2586 0
2587 0
2588 0
2589 0
2590 0
2591 0
2592 0
2593 0
2594 0
2595 0
2596 0
2597 0
2598 0
