0 8
1 0
2 0
3 0
4 3
5 3
6 0
7 0
8 0
9 0
10 2
11 6
12 0
13 4
14 16
15 4
16 8
17 0
18 1
19 26
20 0
21 3
22 0
23 14
24 0
25 4
26 0
27 0
28 0
29 2
30 0
31 0
32 0
33 5
34 0
35 9
36 0
37 2
38 0
39 1
40 3
41 0
42 0
43 0
44 10
45 0
46 0
47 0
48 0
49 9
50 5
51 1
52 6
53 8
54 8
55 0
56 0
57 6
58 12
59 0
60 2
61 9
62 10
63 0
64 0
65 21
66 2
67 7
68 5
69 0
70 1
71 1
72 0
73 0
74 10
75 13
76 0
77 7
78 15
79 18
80 0
81 0
82 7
83 3
84 0
85 0
86 0
87 21
88 16
89 1
90 0
91 1
92 1
93 7
94 2
95 0
96 3
97 13
98 2
99 11
100 0
101 0
102 8
103 6
104 3
105 5
106 11
107 3
108 9
109 9
110 0
111 0
112 4
113 2
114 6
115 5
116 13
117 3
118 1
119 3
120 0
121 4
122 0
123 4
124 0
125 0
126 0
127 1
128 3
129 3
130 1
131 7
132 0
133 0
134 0
135 18
136 7
137 42
138 2
139 2
140 16
141 10
142 0
143 0
144 0
145 0
146 8
147 2
148 14
149 7
150 2
151 0
152 0
153 5
154 2
155 6
156 1
157 3
158 31
159 7
160 2
161 3
162 0
163 5
164 8
165 6
166 10
167 7
168 2
169 0
170 14
171 9
172 4
173 3
174 13
175 24
176 14
177 2
178 4
179 0
180 17
181 0
182 41
183 15
184 6
185 5
186 34
187 27
188 12
189 2
190 3
191 0
192 0
193 0
194 0
195 0
196 14
197 9
198 1
199 12
200 9
201 9
202 2
203 15
204 7
205 18
206 36
207 5
208 3
209 0
210 22
211 0
212 2
213 7
214 0
215 21
216 1
217 6
218 5
219 23
220 3
221 20
222 17
223 19
224 28
225 12
226 13
227 0
228 0
229 3
230 0
231 1
232 0
233 1
234 0
235 0
236 0
237 0
238 7
239 38
240 0
241 35
242 20
243 3
244 27
245 4
246 9
247 0
248 0
249 4
250 4
251 0
252 1
253 0
254 0
255 3
256 50
257 16
258 2
259 0
260 0
261 0
262 1
263 6
264 1
265 4
266 0
267 3
268 1
269 0
270 5
271 11
272 3
273 0
274 0
275 1
276 0
277 0
278 4
279 10
280 0
281 0
282 5
283 38
284 1
285 0
286 2
287 2
288 4
289 2
290 26
291 5
292 41
293 12
294 0
295 6
296 12
297 4
298 4
299 4
300 8
301 5
302 8
303 5
304 35
305 14
306 7
307 18
308 0
309 10
310 6
311 8
312 13
313 1
314 2
315 13
316 8
317 17
318 27
319 0
320 7
321 5
322 1
323 1
324 0
325 0
326 1
327 0
328 0
329 0
330 1
331 9
332 2
333 18
334 16
335 19
336 2
337 6
338 27
339 11
340 0
341 0
342 1
343 0
344 1
345 0
346 7
347 0
348 15
349 5
350 4
351 31
352 5
353 0
354 0
355 0
356 0
357 8
358 0
359 9
360 10
361 21
362 31
363 0
364 0
365 0
366 4
367 5
368 8
369 11
370 3
371 3
372 4
373 0
374 2
375 2
376 6
377 0
378 2
379 7
380 9
381 0
382 8
383 0
384 7
385 9
386 0
387 0
388 8
389 13
390 21
391 11
392 21
393 0
394 12
395 4
396 21
397 0
398 0
399 13
400 0
401 9
402 2
403 2
404 9
405 10
406 17
407 15
408 3
409 1
410 1
411 3
412 7
413 31
414 16
415 0
416 4
417 6
418 0
419 7
420 1
421 0
422 12
423 11
424 17
425 0
426 4
427 3
428 10
429 0
430 24
431 1
432 1
433 4
434 1
435 0
436 19
437 30
438 41
439 19
440 18
441 18
442 8
443 32
444 5
445 5
446 3
447 1
448 12
449 3
450 10
451 7
452 12
453 21
454 22
455 3
456 11
457 23
458 19
459 0
460 0
461 19
462 14
463 10
464 9
465 6
466 1
467 13
468 10
469 22
470 25
471 26
472 12
473 10
474 18
475 5
476 1
477 1
478 0
479 2
480 2
481 4
482 0
483 1
484 12
485 5
486 7
487 11
488 4
489 24
490 6
491 5
492 21
493 32
494 4
495 10
496 3
497 1
498 22
499 6
500 6
501 5
502 7
503 2
504 1
505 6
506 11
507 2
508 1
509 30
510 2
511 4
512 11
513 26
514 8
515 17
516 6
517 4
518 0
519 4
520 27
521 19
522 1
523 2
524 3
525 0
526 0
527 2
528 8
529 2
530 2
531 1
532 18
533 18
534 2
535 17
536 16
537 2
538 2
539 11
540 0
541 2
542 1
543 12
544 13
545 0
546 7
547 0
548 11
549 0
550 6
551 1
552 13
553 0
554 17
555 22
556 3
557 3
558 5
559 14
560 5
561 11
562 3
563 0
564 0
565 1
566 0
567 3
568 0
569 0
570 2
571 8
572 7
573 6
574 0
575 9
576 4
577 5
578 7
579 0
580 2
581 1
582 1
583 4
584 9
585 8
586 6
587 1
588 16
589 33
590 0
591 0
592 8
593 1
594 0
595 3
596 0
597 0
598 15
599 28
600 17
601 42
602 6
603 0
604 2
605 2
606 7
607 6
608 13
609 5
610 9
611 3
612 17
613 9
614 25
615 16
616 15
617 0
618 2
619 1
620 4
621 0
622 5
623 1
624 5
625 20
626 11
627 25
628 15
629 12
630 23
631 0
632 3
633 4
634 4
635 3
636 0
637 0
638 4
639 10
640 0
641 9
642 8
643 21
644 3
645 15
646 10
647 1
648 1
649 0
650 0
651 8
652 6
653 6
654 4
655 5
656 3
657 1
658 15
659 14
660 2
661 9
662 0
663 12
664 3
665 1
666 10
667 9
668 0
669 4
670 7
671 20
672 1
673 2
674 0
675 0
676 15
677 17
678 12
679 7
680 16
681 14
682 0
683 5
684 0
685 7
686 0
687 0
688 0
689 5
690 17
691 11
692 8
693 0
694 3
695 2
696 2
697 1
698 2
699 6
700 4
701 7
702 8
703 0
704 2
705 15
706 23
707 9
708 0
709 12
710 0
711 0
712 1
713 1
714 0
715 1
716 8
717 33
718 14
719 9
720 27
721 6
722 3
723 0
724 2
725 4
726 4
727 6
728 3
729 12
730 8
731 13
732 0
733 7
734 9
735 2
736 8
737 6
738 16
739 18
740 8
741 4
742 0
743 4
744 18
745 0
746 0
747 0
748 0
749 4
750 32
751 1
752 15
753 5
754 9
755 1
756 5
757 1
758 4
759 18
760 8
761 4
762 7
763 2
764 22
765 7
766 11
767 6
768 0
769 2
770 27
771 3
772 2
773 0
774 7
775 9
776 5
777 8
778 4
779 0
780 0
781 0
782 0
783 2
784 8
785 3
786 12
787 8
788 1
789 21
790 1
791 0
792 4
793 12
794 9
795 0
796 12
797 16
798 8
799 3
800 1
801 0
802 3
803 0
804 0
805 0
806 20
807 9
808 4
809 16
810 8
811 2
812 7
813 6
814 0
815 0
816 0
817 0
818 3
819 14
820 21
821 15
822 5
823 8
824 0
825 6
826 0
827 12
828 8
829 6
830 5
831 3
832 10
833 13
834 12
835 5
836 7
837 3
838 2
839 0
840 0
841 0
842 0
843 0
844 5
845 8
846 9
847 11
848 7
849 1
850 15
851 0
852 12
853 2
854 0
855 5
856 2
857 11
858 11
859 2
860 3
861 4
862 11
863 3
864 4
865 6
866 2
867 6
868 0
869 1
870 2
871 1
872 0
873 0
874 0
875 0
876 1
877 17
878 4
879 6
880 24
881 14
882 4
883 2
884 9
885 1
886 2
887 1
888 6
889 31
890 4
891 3
892 8
893 3
894 1
895 4
896 2
897 5
898 2
899 1
900 0
901 0
902 0
903 35
904 13
905 2
906 14
907 21
908 16
909 0
910 1
911 11
912 0
913 0
914 1
915 12
916 0
917 4
918 13
919 0
920 9
921 14
922 5
923 1
924 3
925 0
926 1
927 7
928 0
929 0
930 7
931 25
932 9
933 0
934 14
935 21
936 3
937 1
938 11
939 4
940 14
941 7
942 0
943 2
944 14
945 16
946 5
947 0
948 0
949 12
950 8
951 0
952 5
953 13
954 6
955 27
956 27
957 7
958 3
959 9
960 5
961 1
962 3
963 9
964 9
965 2
966 8
967 9
968 8
969 18
970 8
971 0
972 7
973 17
974 0
975 6
976 1
977 2
978 35
979 0
980 24
981 29
982 5
983 3
984 18
985 16
986 4
987 1
988 0
989 0
990 1
991 2
992 6
993 17
994 12
995 3
996 5
997 1
998 2
999 5
1000 2
1001 7
1002 10
1003 0
1004 0
1005 0
1006 0
1007 15
1008 19
1009 0
1010 3
1011 1
1012 1
1013 0
1014 0
1015 0
1016 6
1017 21
1018 0
1019 13
1020 11
1021 19
1022 0
1023 4
1024 6
1025 2
1026 10
1027 23
1028 6
1029 0
1030 0
1031 13
1032 0
1033 0
1034 3
1035 7
1036 4
1037 0
1038 21
1039 13
1040 16
1041 15
1042 0
1043 6
1044 0
1045 5
1046 9
1047 5
1048 7
1049 0
1050 2
1051 0
1052 0
1053 0
1054 0
1055 2
1056 6
1057 7
1058 11
1059 18
1060 0
1061 5
1062 0
1063 0
1064 0
1065 0
1066 1
1067 4
1068 2
1069 3
1070 4
1071 0
1072 18
1073 6
1074 12
1075 1
1076 1
1077 0
1078 7
1079 1
1080 15
1081 11
1082 2
1083 5
1084 5
1085 1
1086 0
1087 0
1088 0
1089 0
1090 13
1091 21
1092 16
1093 24
1094 14
1095 0
1096 3
1097 0
1098 3
1099 27
1100 0
1101 2
1102 2
1103 4
1104 0
1105 1
1106 26
1107 23
1108 3
1109 0
1110 48
1111 11
1112 0
1113 9
1114 11
1115 0
1116 0
1117 3
1118 1
1119 19
1120 16
1121 13
1122 2
1123 0
1124 3
1125 0
1126 4
1127 0
1128 4
1129 13
1130 0
1131 0
1132 0
1133 7
1134 6
1135 3
1136 0
1137 0
1138 0
1139 11
1140 58
1141 25
1142 8
1143 0
1144 2
1145 0
1146 3
1147 0
1148 0
1149 18
1150 27
1151 4
1152 1
1153 4
1154 5
1155 21
1156 15
1157 8
1158 2
1159 1
1160 3
1161 0
1162 8
1163 0
1164 0
1165 0
1166 8
1167 4
1168 13
1169 4
1170 17
1171 0
1172 0
1173 2
1174 0
1175 1
1176 0
1177 24
1178 3
1179 18
1180 0
1181 12
1182 8
1183 18
1184 7
1185 15
1186 11
1187 4
1188 1
1189 0
1190 0
1191 8
1192 7
1193 0
1194 3
1195 0
1196 3
1197 0
1198 8
1199 5
1200 3
1201 0
1202 0
1203 16
1204 0
1205 0
1206 3
1207 0
1208 5
1209 2
1210 13
1211 11
1212 29
1213 2
1214 8
1215 17
1216 7
1217 26
1218 14
1219 2
1220 8
1221 6
1222 0
1223 6
1224 4
1225 1
1226 6
1227 0
1228 10
1229 14
1230 7
1231 0
1232 4
1233 9
1234 9
1235 25
1236 6
1237 5
1238 11
1239 0
1240 2
1241 0
1242 1
1243 11
1244 0
1245 5
1246 2
1247 8
1248 19
1249 36
1250 3
1251 13
1252 26
1253 30
1254 55
1255 10
1256 5
1257 2
1258 14
1259 1
1260 5
1261 0
1262 4
1263 7
1264 15
1265 11
1266 7
1267 3
1268 0
1269 0
1270 2
1271 2
1272 4
1273 6
1274 41
1275 20
1276 0
1277 3
1278 3
1279 3
1280 0
1281 0
1282 0
1283 0
1284 0
1285 0
1286 12
1287 17
1288 8
1289 19
1290 14
1291 20
1292 9
1293 10
1294 125
1295 37
1296 5
1297 0
1298 4
1299 16
1300 1
1301 0
1302 2
1303 8
1304 22
1305 7
1306 2
1307 12
1308 8
1309 10
1310 0
1311 7
1312 0
1313 0
1314 0
1315 22
1316 17
1317 23
1318 27
1319 25
1320 24
1321 39
1322 17
1323 3
1324 3
1325 5
1326 1
1327 3
1328 0
1329 3
1330 3
1331 5
1332 27
1333 9
1334 3
1335 6
1336 6
1337 12
1338 10
1339 42
1340 58
1341 9
1342 3
1343 15
1344 21
1345 2
1346 2
1347 1
1348 1
1349 2
1350 25
1351 1
1352 0
1353 0
1354 1
1355 10
1356 0
1357 2
1358 0
1359 11
1360 1
1361 0
1362 0
1363 8
1364 27
1365 30
1366 5
1367 7
1368 9
1369 22
1370 14
1371 15
1372 0
1373 2
1374 0
1375 0
1376 0
1377 1
1378 4
1379 24
1380 28
1381 4
1382 4
1383 5
1384 11
1385 4
1386 19
1387 41
1388 14
1389 2
1390 15
1391 15
1392 3
1393 3
1394 1
1395 7
1396 8
1397 5
1398 0
1399 3
1400 17
1401 11
1402 7
1403 11
1404 11
1405 0
1406 4
1407 11
1408 12
1409 13
1410 10
1411 5
1412 3
1413 0
1414 3
1415 0
1416 10
1417 11
1418 12
1419 25
1420 13
1421 26
1422 0
1423 0
1424 3
1425 0
1426 2
1427 10
1428 35
1429 48
1430 28
1431 35
1432 27
1433 11
1434 12
1435 16
1436 12
1437 24
1438 1
1439 0
1440 9
1441 4
1442 47
1443 8
1444 4
1445 16
1446 23
1447 4
1448 8
1449 3
1450 3
1451 24
1452 4
1453 16
1454 11
1455 0
1456 6
1457 23
1458 0
1459 28
1460 8
1461 6
1462 1
1463 3
1464 0
1465 7
1466 6
1467 7
1468 2
1469 0
1470 0
1471 0
1472 0
1473 2
1474 2
1475 9
1476 42
1477 66
1478 25
1479 22
1480 31
1481 21
1482 6
1483 18
1484 10
1485 0
1486 4
1487 2
1488 13
1489 8
1490 51
1491 12
1492 5
1493 12
1494 13
1495 2
1496 19
1497 26
1498 2
1499 7
1500 18
1501 7
1502 9
1503 2
1504 12
1505 24
1506 4
1507 5
1508 19
1509 4
1510 6
1511 2
1512 0
1513 2
1514 29
1515 12
1516 0
1517 0
1518 0
1519 0
1520 0
1521 0
1522 1
1523 0
1524 12
1525 42
1526 26
1527 85
1528 63
1529 38
1530 15
1531 0
1532 6
1533 25
1534 2
1535 11
1536 7
1537 9
1538 12
1539 11
1540 0
1541 11
1542 3
1543 9
1544 46
1545 22
1546 25
1547 15
1548 5
1549 11
1550 18
1551 3
1552 5
1553 11
1554 5
1555 7
1556 25
1557 46
1558 4
1559 4
1560 10
1561 28
1562 20
1563 14
1564 1
1565 0
1566 6
1567 9
1568 18
1569 0
1570 1
1571 5
1572 52
1573 118
1574 44
1575 4
1576 42
1577 16
1578 14
1579 29
1580 31
1581 12
1582 15
1583 8
1584 7
1585 2
1586 0
1587 4
1588 18
1589 2
1590 37
1591 12
1592 8
1593 8
1594 12
1595 27
1596 20
1597 2
1598 0
1599 1
1600 30
1601 10
1602 28
1603 4
1604 1
1605 0
1606 0
1607 3
1608 0
1609 0
1610 0
1611 0
1612 10
1613 10
1614 6
1615 0
1616 11
1617 58
1618 45
1619 73
1620 28
1621 46
1622 40
1623 13
1624 12
1625 3
1626 31
1627 18
1628 8
1629 26
1630 9
1631 11
1632 9
1633 9
1634 19
1635 7
1636 3
1637 9
1638 11
1639 13
1640 16
1641 2
1642 0
1643 2
1644 1
1645 29
1646 63
1647 13
1648 13
1649 9
1650 8
1651 18
1652 0
1653 1
1654 7
1655 20
1656 20
1657 6
1658 8
1659 12
1660 6
1661 10
1662 11
1663 3
1664 10
1665 14
1666 10
1667 26
1668 30
1669 0
1670 5
1671 4
1672 0
1673 1
1674 0
1675 0
1676 1
1677 52
1678 41
1679 0
1680 0
1681 14
1682 17
1683 18
1684 11
1685 22
1686 17
1687 4
1688 7
1689 11
1690 6
1691 15
1692 3
1693 9
1694 11
1695 1
1696 8
1697 2
1698 2
1699 3
1700 2
1701 30
1702 2
1703 11
1704 0
1705 1
1706 3
1707 7
1708 0
1709 12
1710 53
1711 17
1712 10
1713 7
1714 8
1715 25
1716 14
1717 13
1718 3
1719 9
1720 0
1721 7
1722 2
1723 3
1724 4
1725 2
1726 6
1727 5
1728 16
1729 16
1730 2
1731 3
1732 0
1733 7
1734 3
1735 0
1736 4
1737 10
1738 16
1739 18
1740 13
1741 4
1742 13
1743 0
1744 9
1745 14
1746 6
1747 0
1748 2
1749 3
1750 2
1751 12
1752 15
1753 0
1754 0
1755 5
1756 3
1757 6
1758 0
1759 0
1760 0
1761 19
1762 5
1763 10
1764 7
1765 8
1766 6
1767 19
1768 13
1769 0
1770 3
1771 5
1772 9
1773 17
1774 7
1775 7
1776 5
1777 11
1778 19
1779 1
1780 2
1781 0
1782 8
1783 0
1784 6
1785 7
1786 0
1787 12
1788 8
1789 3
1790 0
1791 0
1792 14
1793 6
1794 1
1795 0
1796 2
1797 24
1798 20
1799 36
1800 31
1801 6
1802 14
1803 1
1804 6
1805 34
1806 31
1807 7
1808 10
1809 0
1810 8
1811 5
1812 5
1813 4
1814 6
1815 3
1816 2
1817 0
1818 5
1819 1
1820 9
1821 5
1822 4
1823 6
1824 23
1825 0
1826 0
1827 8
1828 11
1829 20
1830 2
1831 16
1832 4
1833 10
1834 2
1835 20
1836 7
1837 4
1838 5
1839 3
1840 7
1841 5
1842 3
1843 10
1844 24
1845 15
1846 4
1847 7
1848 15
1849 26
1850 0
1851 3
1852 3
1853 11
1854 5
1855 15
1856 9
1857 2
1858 21
1859 0
1860 5
1861 13
1862 15
1863 1
1864 10
1865 2
1866 0
1867 64
1868 15
1869 6
1870 2
1871 7
1872 29
1873 14
1874 5
1875 2
1876 2
1877 7
1878 9
1879 6
1880 0
1881 14
1882 23
1883 28
1884 15
1885 5
1886 4
1887 3
1888 0
1889 0
1890 14
1891 5
1892 9
1893 8
1894 38
1895 41
1896 18
1897 4
1898 4
1899 3
1900 15
1901 10
1902 2
1903 26
1904 10
1905 15
1906 3
1907 11
1908 8
1909 9
1910 5
1911 11
1912 20
1913 11
1914 3
1915 0
1916 4
1917 12
1918 5
1919 15
1920 6
1921 11
1922 2
1923 10
1924 0
1925 13
1926 0
1927 1
1928 2
1929 3
1930 6
1931 14
1932 3
1933 1
1934 4
1935 12
1936 16
1937 1
1938 2
1939 3
1940 16
1941 11
1942 31
1943 25
1944 3
1945 5
1946 4
1947 0
1948 4
1949 5
1950 5
1951 12
1952 9
1953 18
1954 6
1955 25
1956 2
1957 7
1958 15
1959 7
1960 2
1961 0
1962 0
1963 2
1964 24
1965 27
1966 3
1967 16
1968 26
1969 13
1970 5
1971 11
1972 21
1973 3
1974 5
1975 13
1976 6
1977 0
1978 1
1979 0
1980 0
1981 25
1982 10
1983 2
1984 3
1985 21
1986 10
1987 0
1988 1
1989 17
1990 9
1991 9
1992 6
1993 5
1994 0
1995 18
1996 31
1997 11
1998 7
1999 13
2000 12
2001 0
2002 3
2003 7
2004 16
2005 13
2006 3
2007 8
2008 6
2009 8
2010 13
2011 0
2012 2
2013 0
2014 14
2015 12
2016 19
2017 25
2018 1
2019 22
2020 6
2021 5
2022 2
2023 22
2024 30
2025 0
2026 7
2027 7
2028 9
2029 4
2030 14
2031 18
2032 14
2033 5
2034 12
2035 20
2036 23
2037 10
2038 8
2039 0
2040 5
2041 3
2042 4
2043 17
2044 3
2045 8
2046 6
2047 6
2048 21
2049 20
2050 15
2051 19
2052 1
2053 1
2054 10
2055 31
2056 6
2057 6
2058 7
2059 8
2060 7
2061 11
2062 8
2063 8
2064 2
2065 0
2066 14
2067 13
2068 0
2069 17
2070 4
2071 8
2072 19
2073 15
2074 12
2075 13
2076 17
2077 2
2078 0
2079 1
2080 14
2081 21
2082 15
2083 13
2084 5
2085 4
2086 13
2087 10
2088 15
2089 12
2090 9
2091 6
2092 5
2093 6
2094 8
2095 36
2096 9
2097 37
2098 17
2099 8
2100 6
2101 4
2102 0
2103 28
2104 23
2105 8
2106 0
2107 0
2108 3
2109 2
2110 18
2111 14
2112 17
2113 10
2114 3
2115 13
2116 9
2117 0
2118 17
2119 18
2120 4
2121 5
2122 1
2123 2
2124 20
2125 2
2126 11
2127 0
2128 19
2129 7
2130 9
2131 16
2132 25
2133 3
2134 0
2135 3
2136 0
2137 16
2138 25
2139 7
2140 3
2141 0
2142 0
2143 0
2144 16
2145 18
2146 7
2147 3
2148 24
2149 9
2150 28
2151 4
2152 14
2153 19
2154 16
2155 3
2156 1
2157 2
2158 0
2159 8
2160 18
2161 21
2162 0
2163 0
2164 3
2165 17
2166 6
2167 7
2168 4
2169 10
2170 5
2171 2
2172 14
2173 9
2174 0
2175 5
2176 0
2177 16
2178 2
2179 2
2180 2
2181 4
2182 4
2183 5
2184 1
2185 0
2186 0
2187 0
2188 4
2189 2
2190 13
2191 13
2192 4
2193 17
2194 2
2195 0
2196 0
2197 2
2198 0
2199 8
2200 4
2201 9
2202 10
2203 16
2204 3
2205 14
2206 16
2207 6
2208 0
2209 8
2210 6
2211 12
2212 0
2213 22
2214 5
2215 6
2216 1
2217 2
2218 0
2219 2
2220 10
2221 0
2222 0
2223 4
2224 14
2225 2
2226 1
2227 14
2228 0
2229 14
2230 16
2231 2
2232 5
2233 6
2234 0
2235 2
2236 0
2237 3
2238 1
2239 0
2240 0
2241 1
2242 0
2243 17
2244 9
2245 2
2246 3
2247 16
2248 27
2249 4
2250 22
2251 8
2252 3
2253 6
2254 22
2255 10
2256 13
2257 2
2258 0
2259 2
2260 15
2261 2
2262 2
2263 0
2264 0
2265 4
2266 29
2267 20
2268 14
2269 26
2270 27
2271 14
2272 1
2273 3
2274 24
2275 19
2276 0
2277 28
2278 5
2279 3
2280 1
2281 17
2282 23
2283 2
2284 0
2285 0
2286 14
2287 2
2288 3
2289 4
2290 16
2291 35
2292 2
2293 0
2294 23
2295 15
2296 5
2297 8
2298 5
2299 0
2300 10
2301 14
2302 0
2303 0
2304 4
2305 1
2306 3
2307 8
2308 22
2309 10
2310 8
2311 8
2312 6
2313 6
2314 9
2315 5
2316 27
2317 7
2318 0
2319 3
2320 20
2321 15
2322 12
2323 0
2324 0
2325 3
2326 19
2327 36
2328 5
2329 0
2330 1
2331 0
2332 5
2333 5
2334 33
2335 41
2336 4
2337 1
2338 5
2339 12
2340 8
2341 3
2342 0
2343 0
2344 9
2345 12
2346 9
2347 12
2348 2
2349 10
2350 10
2351 16
2352 16
2353 22
2354 13
2355 3
2356 9
2357 0
2358 2
2359 0
2360 0
2361 0
2362 0
2363 19
2364 14
2365 2
2366 18
2367 12
2368 2
2369 9
2370 15
2371 12
2372 11
2373 3
2374 0
2375 11
2376 18
2377 0
2378 0
2379 1
2380 2
2381 0
2382 18
2383 11
2384 8
2385 22
2386 7
2387 19
2388 33
2389 15
2390 14
2391 25
2392 3
2393 2
2394 25
2395 7
2396 2
2397 0
2398 19
2399 0
2400 1
2401 9
2402 43
2403 3
2404 5
2405 15
2406 19
2407 14
2408 6
2409 9
2410 6
2411 9
2412 11
2413 2
2414 0
2415 4
2416 1
2417 1
2418 0
2419 10
2420 20
2421 15
2422 44
2423 6
2424 10
2425 14
2426 16
2427 20
2428 24
2429 7
2430 0
2431 5
2432 14
2433 0
2434 2
2435 5
2436 7
2437 4
2438 25
2439 2
2440 8
2441 20
2442 17
2443 8
2444 9
2445 8
2446 0
2447 0
2448 0
2449 0
2450 0
2451 3
2452 1
2453 0
2454 9
2455 7
2456 8
2457 0
2458 0
2459 0
2460 3
2461 0
2462 0
2463 1
2464 5
2465 36
2466 6
2467 0
2468 3
2469 3
2470 6
2471 4
2472 0
2473 1
2474 0
2475 0
2476 0
2477 2
2478 8
2479 0
2480 3
2481 5
2482 0
2483 5
2484 7
2485 10
2486 5
2487 16
2488 2
2489 4
2490 0
2491 0
2492 0
2493 0
2494 3
2495 6
2496 3
2497 7
2498 0
2499 6
2500 1
2501 4
2502 6
2503 16
2504 1
2505 0
2506 0
2507 0
2508 0
2509 3
2510 2
2511 2
2512 3
2513 6
2514 0
2515 0
2516 1
2517 0
2518 0
2519 0
2520 2
2521 0
2522 2
2523 6
2524 0
2525 0
2526 10
2527 5
2528 0
2529 0
2530 3
2531 0
2532 0
2533 0
2534 12
2535 24
2536 2
2537 4
2538 8
2539 0
2540 0
2541 2
2542 21
2543 4
2544 7
2545 18
2546 2
2547 1
2548 5
2549 2
2550 1
2551 0
2552 6
2553 11
2554 3
2555 0
2556 0
2557 0
2558 0
2559 3
2560 9
2561 9
2562 3
2563 5
2564 2
2565 2
2566 3
2567 1
2568 1
2569 0
2570 3
2571 0
2572 0
2573 2
2574 0
2575 8
2576 0
2577 0
2578 0
2579 0
2580 0
2581 0
2582 0
2583 0
2584 0
2585 0
2586 0
2587 0
2588 0
2589 0
2590 0
2591 0
2592 0
2593 0
2594 0
2595 0
2596 0
2597 0
2598 0
