0 844
1 15
2 92
3 39
4 267
5 567
6 29
7 29
8 17
9 43
10 227
11 739
12 119
13 545
14 1259
15 514
16 908
17 187
18 96
19 2174
20 15
21 312
22 152
23 1465
24 9
25 497
26 50
27 51
28 43
29 162
30 31
31 95
32 9
33 477
34 67
35 833
36 74
37 252
38 133
39 150
40 295
41 74
42 117
43 84
44 1127
45 19
46 80
47 56
48 93
49 959
50 498
51 139
52 889
53 935
54 803
55 91
56 148
57 626
58 952
59 82
60 177
61 1089
62 793
63 106
64 154
65 2158
66 230
67 800
68 385
69 36
70 161
71 174
72 49
73 39
74 804
75 1423
76 71
77 714
78 1445
79 1412
80 160
81 43
82 589
83 331
84 85
85 45
86 642
87 2106
88 1875
89 77
90 53
91 55
92 90
93 646
94 185
95 8
96 180
97 972
98 277
99 1113
100 28
101 91
102 740
103 796
104 173
105 329
106 1104
107 313
108 966
109 854
110 63
111 325
112 438
113 187
114 712
115 328
116 1005
117 158
118 104
119 545
120 26
121 464
122 1751
123 527
124 170
125 52
126 143
127 174
128 241
129 444
130 195
131 461
132 130
133 7
134 88
135 1570
136 815
137 3711
138 272
139 261
140 1358
141 1196
142 190
143 215
144 18
145 73
146 978
147 225
148 1234
149 799
150 289
151 0
152 21
153 344
154 305
155 473
156 194
157 321
158 3147
159 500
160 209
161 231
162 24
163 632
164 567
165 819
166 1109
167 623
168 334
169 254
170 1478
171 832
172 303
173 243
174 1272
175 2420
176 1639
177 214
178 474
179 19
180 1537
181 124
182 3633
183 1828
184 727
185 668
186 2813
187 2684
188 1346
189 158
190 294
191 21
192 20
193 78
194 38
195 20
196 1366
197 825
198 126
199 1233
200 903
201 892
202 311
203 1404
204 876
205 2020
206 3113
207 701
208 436
209 29
210 2275
211 83
212 284
213 715
214 11
215 1769
216 113
217 475
218 524
219 2487
220 586
221 1967
222 1808
223 1698
224 2845
225 1643
226 1473
227 270
228 25
229 295
230 60
231 36
232 3
233 164
234 0
235 244
236 3
237 30
238 887
239 3387
240 141
241 3406
242 1986
243 322
244 2300
245 492
246 866
247 35
248 534
249 386
250 308
251 96
252 228
253 0
254 98
255 339
256 4985
257 1591
258 310
259 35
260 11
261 18
262 112
263 878
264 130
265 356
266 90
267 301
268 130
269 15
270 501
271 1151
272 368
273 0
274 152
275 128
276 140
277 89
278 234
279 898
280 124
281 28
282 467
283 3226
284 82
285 107
286 371
287 291
288 328
289 187
290 2766
291 639
292 3886
293 1318
294 40
295 796
296 1087
297 416
298 551
299 251
300 641
301 543
302 842
303 631
304 3354
305 1030
306 744
307 1755
308 9
309 907
310 671
311 945
312 1269
313 207
314 207
315 1215
316 1069
317 1338
318 2894
319 98
320 447
321 582
322 166
323 253
324 18
325 58
326 251
327 119
328 59
329 23
330 128
331 741
332 223
333 1499
334 1865
335 1742
336 180
337 683
338 2435
339 1416
340 29
341 66
342 89
343 45
344 135
345 61
346 472
347 89
348 1363
349 464
350 641
351 2811
352 514
353 84
354 16
355 62
356 48
357 714
358 21
359 847
360 915
361 2244
362 3056
363 83
364 4
365 25
366 270
367 478
368 1067
369 1093
370 448
371 269
372 278
373 457
374 233
375 300
376 642
377 40
378 163
379 730
380 789
381 17
382 666
383 48
384 596
385 1000
386 16
387 32
388 858
389 1133
390 1883
391 1215
392 2011
393 51
394 1171
395 483
396 2056
397 691
398 6
399 1380
400 100
401 666
402 349
403 402
404 1046
405 855
406 1933
407 1578
408 479
409 40
410 163
411 351
412 655
413 2831
414 1695
415 119
416 325
417 615
418 125
419 502
420 246
421 110
422 1207
423 1044
424 1566
425 710
426 554
427 232
428 998
429 57
430 2205
431 138
432 213
433 358
434 59
435 135
436 1836
437 2699
438 3484
439 1264
440 2060
441 1695
442 766
443 2998
444 495
445 427
446 328
447 78
448 1379
449 532
450 1016
451 611
452 1027
453 1848
454 2047
455 330
456 1199
457 2679
458 1577
459 11
460 71
461 1881
462 1418
463 903
464 952
465 678
466 159
467 1409
468 918
469 1969
470 2371
471 2480
472 1604
473 921
474 1785
475 573
476 129
477 223
478 82
479 323
480 217
481 360
482 507
483 121
484 1363
485 442
486 809
487 1131
488 480
489 1974
490 555
491 366
492 2074
493 3608
494 338
495 758
496 443
497 233
498 2142
499 674
500 651
501 620
502 493
503 243
504 93
505 681
506 1123
507 155
508 135
509 3216
510 246
511 412
512 1435
513 2443
514 995
515 1456
516 766
517 622
518 28
519 580
520 2558
521 2246
522 80
523 388
524 514
525 67
526 41
527 196
528 833
529 226
530 163
531 266
532 1747
533 1728
534 206
535 1426
536 1525
537 249
538 249
539 1188
540 189
541 395
542 175
543 1477
544 1475
545 72
546 810
547 6
548 1170
549 72
550 545
551 152
552 1531
553 1586
554 2235
555 2120
556 390
557 252
558 595
559 1133
560 342
561 849
562 335
563 43
564 41
565 25
566 0
567 281
568 139
569 64
570 265
571 1074
572 655
573 465
574 138
575 1213
576 351
577 561
578 650
579 381
580 163
581 71
582 106
583 502
584 944
585 896
586 676
587 249
588 1381
589 2893
590 93
591 53
592 623
593 69
594 97
595 319
596 244
597 140
598 1606
599 2296
600 1520
601 3369
602 696
603 532
604 402
605 234
606 785
607 771
608 1358
609 392
610 1022
611 567
612 1586
613 1043
614 2511
615 1679
616 1524
617 46
618 157
619 98
620 292
621 43
622 537
623 285
624 313
625 2005
626 911
627 2516
628 1591
629 1335
630 2158
631 309
632 448
633 387
634 653
635 385
636 979
637 73
638 467
639 1021
640 144
641 958
642 875
643 2348
644 482
645 1786
646 993
647 133
648 146
649 16
650 11
651 629
652 911
653 485
654 443
655 533
656 336
657 134
658 1795
659 1272
660 133
661 823
662 113
663 1236
664 234
665 120
666 968
667 768
668 63
669 429
670 697
671 1678
672 198
673 131
674 270
675 69
676 1317
677 1643
678 1143
679 706
680 1913
681 1639
682 72
683 395
684 282
685 819
686 214
687 19
688 38
689 417
690 1894
691 1173
692 754
693 31
694 228
695 251
696 304
697 179
698 153
699 696
700 405
701 489
702 844
703 71
704 213
705 1490
706 2141
707 866
708 91
709 1012
710 71
711 14
712 163
713 139
714 0
715 152
716 731
717 2927
718 1362
719 1128
720 2765
721 632
722 327
723 40
724 419
725 294
726 639
727 460
728 392
729 1036
730 643
731 1403
732 218
733 618
734 711
735 324
736 1025
737 740
738 1767
739 1990
740 704
741 452
742 40
743 340
744 1350
745 42
746 17
747 10
748 1151
749 493
750 2993
751 115
752 1353
753 359
754 1114
755 108
756 540
757 260
758 475
759 1716
760 854
761 265
762 754
763 304
764 2179
765 677
766 658
767 635
768 29
769 395
770 2185
771 309
772 116
773 0
774 508
775 831
776 492
777 519
778 513
779 68
780 20
781 157
782 513
783 322
784 737
785 366
786 1335
787 827
788 159
789 1732
790 228
791 228
792 421
793 1038
794 999
795 0
796 1043
797 1277
798 657
799 317
800 205
801 6
802 305
803 28
804 78
805 70
806 2022
807 869
808 511
809 1451
810 850
811 196
812 648
813 666
814 197
815 66
816 0
817 2
818 355
819 1506
820 1658
821 1722
822 687
823 1017
824 207
825 717
826 300
827 1334
828 842
829 422
830 388
831 625
832 792
833 1081
834 1054
835 486
836 722
837 333
838 289
839 117
840 23
841 164
842 117
843 0
844 426
845 732
846 736
847 1245
848 832
849 252
850 1041
851 45
852 951
853 211
854 99
855 657
856 232
857 1291
858 1122
859 197
860 214
861 549
862 1101
863 292
864 440
865 669
866 208
867 625
868 191
869 144
870 310
871 103
872 32
873 113
874 5
875 17
876 157
877 1918
878 745
879 599
880 2575
881 1567
882 224
883 196
884 933
885 105
886 209
887 158
888 600
889 2913
890 252
891 255
892 654
893 282
894 238
895 546
896 334
897 690
898 212
899 138
900 0
901 23
902 239
903 3264
904 1506
905 291
906 1484
907 1944
908 1423
909 56
910 139
911 1052
912 57
913 71
914 424
915 1255
916 68
917 435
918 1274
919 349
920 1173
921 1526
922 520
923 91
924 271
925 47
926 205
927 563
928 0
929 69
930 810
931 2349
932 832
933 2465
934 1147
935 1769
936 292
937 195
938 981
939 408
940 1451
941 633
942 5
943 126
944 1364
945 1775
946 549
947 44
948 14
949 1113
950 836
951 85
952 660
953 1377
954 586
955 2408
956 2638
957 549
958 324
959 906
960 503
961 74
962 305
963 898
964 1026
965 231
966 780
967 574
968 713
969 1735
970 719
971 45
972 616
973 1438
974 421
975 782
976 158
977 93
978 3206
979 462
980 2767
981 2917
982 575
983 287
984 1806
985 1544
986 448
987 120
988 7
989 36
990 103
991 268
992 293
993 2108
994 1057
995 297
996 630
997 200
998 328
999 649
1000 306
1001 757
1002 1317
1003 34
1004 7
1005 41
1006 16
1007 1148
1008 2133
1009 10
1010 344
1011 186
1012 84
1013 0
1014 16
1015 35
1016 566
1017 1686
1018 159
1019 1372
1020 1124
1021 2077
1022 1285
1023 520
1024 718
1025 248
1026 936
1027 2434
1028 519
1029 154
1030 155
1031 1286
1032 60
1033 104
1034 422
1035 748
1036 397
1037 188
1038 2027
1039 1209
1040 1747
1041 1028
1042 71
1043 621
1044 242
1045 396
1046 797
1047 669
1048 875
1049 132
1050 158
1051 17
1052 34
1053 47
1054 94
1055 351
1056 422
1057 704
1058 1024
1059 1814
1060 1762
1061 402
1062 3
1063 115
1064 0
1065 152
1066 100
1067 495
1068 160
1069 478
1070 409
1071 229
1072 1649
1073 583
1074 1273
1075 137
1076 199
1077 18
1078 703
1079 107
1080 1316
1081 828
1082 300
1083 552
1084 562
1085 172
1086 28
1087 139
1088 29
1089 42
1090 1349
1091 2108
1092 1580
1093 2229
1094 1067
1095 183
1096 418
1097 156
1098 420
1099 2410
1100 75
1101 148
1102 194
1103 390
1104 123
1105 215
1106 2333
1107 2220
1108 435
1109 48
1110 4641
1111 1216
1112 142
1113 843
1114 1557
1115 147
1116 31
1117 199
1118 210
1119 1644
1120 1582
1121 1320
1122 173
1123 76
1124 365
1125 71
1126 498
1127 16
1128 581
1129 905
1130 52
1131 31
1132 12
1133 677
1134 425
1135 253
1136 2
1137 5
1138 29
1139 1136
1140 4866
1141 2765
1142 1107
1143 41
1144 157
1145 12
1146 297
1147 7
1148 104
1149 1836
1150 2832
1151 261
1152 288
1153 387
1154 687
1155 2318
1156 1529
1157 1121
1158 299
1159 150
1160 308
1161 128
1162 587
1163 5
1164 52
1165 23
1166 503
1167 685
1168 1624
1169 248
1170 1642
1171 26
1172 26
1173 255
1174 79
1175 103
1176 1037
1177 2369
1178 312
1179 1839
1180 180
1181 1259
1182 930
1183 1698
1184 701
1185 1420
1186 869
1187 558
1188 101
1189 36
1190 34
1191 779
1192 791
1193 36
1194 206
1195 70
1196 179
1197 60
1198 650
1199 647
1200 332
1201 56
1202 26
1203 1927
1204 154
1205 74
1206 349
1207 70
1208 484
1209 309
1210 1298
1211 1194
1212 2874
1213 232
1214 769
1215 1523
1216 751
1217 2915
1218 1414
1219 270
1220 931
1221 504
1222 194
1223 651
1224 576
1225 173
1226 427
1227 141
1228 721
1229 1258
1230 459
1231 72
1232 347
1233 710
1234 839
1235 2409
1236 556
1237 661
1238 906
1239 37
1240 368
1241 10
1242 80
1243 1007
1244 38
1245 506
1246 313
1247 959
1248 2061
1249 3199
1250 216
1251 1331
1252 2194
1253 2888
1254 4580
1255 661
1256 575
1257 210
1258 1321
1259 164
1260 489
1261 182
1262 529
1263 592
1264 1537
1265 1157
1266 714
1267 212
1268 62
1269 76
1270 119
1271 340
1272 588
1273 559
1274 3876
1275 1727
1276 172
1277 308
1278 411
1279 450
1280 55
1281 59
1282 53
1283 42
1284 23
1285 10
1286 1016
1287 2057
1288 637
1289 1762
1290 1492
1291 1525
1292 782
1293 872
1294 11975
1295 4126
1296 475
1297 115
1298 563
1299 1430
1300 249
1301 18
1302 389
1303 728
1304 2156
1305 465
1306 271
1307 1335
1308 992
1309 886
1310 194
1311 743
1312 22
1313 19
1314 29
1315 1992
1316 1691
1317 1835
1318 2294
1319 2158
1320 2012
1321 3824
1322 2172
1323 329
1324 248
1325 596
1326 131
1327 245
1328 12
1329 462
1330 244
1331 631
1332 2471
1333 628
1334 181
1335 594
1336 493
1337 1490
1338 1145
1339 4084
1340 5400
1341 861
1342 364
1343 1376
1344 1663
1345 374
1346 238
1347 214
1348 162
1349 440
1350 2085
1351 212
1352 98
1353 2011
1354 226
1355 1064
1356 978
1357 259
1358 321
1359 1148
1360 167
1361 27
1362 30
1363 802
1364 2962
1365 3400
1366 770
1367 931
1368 989
1369 2294
1370 1601
1371 1670
1372 16
1373 232
1374 24
1375 33
1376 109
1377 177
1378 549
1379 2274
1380 2364
1381 297
1382 358
1383 443
1384 1100
1385 544
1386 1490
1387 4208
1388 1284
1389 212
1390 1433
1391 1257
1392 293
1393 315
1394 176
1395 709
1396 681
1397 525
1398 14
1399 219
1400 1511
1401 980
1402 805
1403 1102
1404 859
1405 374
1406 412
1407 1215
1408 1188
1409 1263
1410 1107
1411 453
1412 431
1413 4
1414 271
1415 137
1416 981
1417 1427
1418 978
1419 2384
1420 1094
1421 2709
1422 711
1423 61
1424 289
1425 59
1426 263
1427 1084
1428 3105
1429 4108
1430 2493
1431 3496
1432 2479
1433 1051
1434 1176
1435 1500
1436 1142
1437 2460
1438 53
1439 15
1440 728
1441 705
1442 4015
1443 631
1444 682
1445 1605
1446 2171
1447 483
1448 662
1449 383
1450 296
1451 2522
1452 518
1453 1489
1454 897
1455 153
1456 675
1457 2636
1458 95
1459 2640
1460 833
1461 406
1462 279
1463 499
1464 27
1465 448
1466 767
1467 712
1468 177
1469 204
1470 71
1471 12
1472 172
1473 143
1474 159
1475 803
1476 3790
1477 6989
1478 2748
1479 2149
1480 2871
1481 2483
1482 522
1483 1836
1484 1295
1485 27
1486 399
1487 149
1488 1176
1489 1016
1490 4589
1491 1112
1492 615
1493 1188
1494 1299
1495 364
1496 2102
1497 2649
1498 332
1499 890
1500 1570
1501 461
1502 651
1503 291
1504 1193
1505 2009
1506 372
1507 762
1508 1830
1509 400
1510 718
1511 115
1512 172
1513 355
1514 2638
1515 912
1516 547
1517 88
1518 5
1519 2
1520 31
1521 85
1522 143
1523 114
1524 1109
1525 3844
1526 2731
1527 7821
1528 5839
1529 3956
1530 1435
1531 56
1532 626
1533 2229
1534 171
1535 1220
1536 741
1537 720
1538 1494
1539 907
1540 74
1541 1095
1542 251
1543 797
1544 4251
1545 2333
1546 2737
1547 1315
1548 416
1549 1009
1550 1984
1551 486
1552 418
1553 757
1554 452
1555 537
1556 2337
1557 4362
1558 465
1559 511
1560 923
1561 2774
1562 1763
1563 1568
1564 49
1565 113
1566 723
1567 820
1568 2031
1569 42
1570 90
1571 435
1572 5834
1573 11417
1574 3851
1575 393
1576 3814
1577 1772
1578 1124
1579 2604
1580 3210
1581 1178
1582 1385
1583 1163
1584 775
1585 214
1586 48
1587 562
1588 1940
1589 238
1590 3846
1591 1395
1592 943
1593 905
1594 991
1595 3041
1596 2183
1597 293
1598 128
1599 312
1600 2797
1601 964
1602 2692
1603 351
1604 236
1605 33
1606 135
1607 419
1608 14
1609 37
1610 55
1611 14
1612 868
1613 963
1614 565
1615 120
1616 1411
1617 4917
1618 3790
1619 6930
1620 3256
1621 5028
1622 4341
1623 1580
1624 1091
1625 195
1626 3301
1627 1777
1628 749
1629 1833
1630 1164
1631 947
1632 1088
1633 930
1634 1472
1635 517
1636 514
1637 796
1638 840
1639 1026
1640 1752
1641 419
1642 43
1643 97
1644 149
1645 3138
1646 5634
1647 1062
1648 2013
1649 879
1650 628
1651 2029
1652 4867
1653 196
1654 720
1655 2156
1656 2298
1657 603
1658 997
1659 1511
1660 721
1661 1002
1662 1004
1663 249
1664 1051
1665 1620
1666 1033
1667 2516
1668 2222
1669 45
1670 542
1671 578
1672 13
1673 185
1674 37
1675 80
1676 67
1677 5517
1678 3724
1679 2890
1680 3341
1681 1106
1682 1793
1683 1828
1684 962
1685 2145
1686 1341
1687 561
1688 827
1689 1263
1690 472
1691 1276
1692 328
1693 793
1694 1294
1695 108
1696 564
1697 179
1698 331
1699 445
1700 179
1701 2735
1702 290
1703 851
1704 17
1705 35
1706 215
1707 662
1708 55
1709 979
1710 5176
1711 1555
1712 1005
1713 749
1714 751
1715 2248
1716 1541
1717 1191
1718 346
1719 738
1720 125
1721 802
1722 211
1723 185
1724 322
1725 242
1726 730
1727 503
1728 1866
1729 1511
1730 122
1731 247
1732 87
1733 674
1734 313
1735 74
1736 502
1737 1176
1738 1975
1739 1835
1740 1215
1741 439
1742 1579
1743 165
1744 798
1745 1344
1746 619
1747 31
1748 148
1749 261
1750 477
1751 1195
1752 1739
1753 182
1754 91
1755 559
1756 348
1757 422
1758 708
1759 41
1760 51
1761 1917
1762 524
1763 851
1764 862
1765 929
1766 548
1767 1958
1768 1056
1769 37
1770 205
1771 518
1772 979
1773 1704
1774 778
1775 619
1776 697
1777 950
1778 1725
1779 35
1780 273
1781 11
1782 1041
1783 88
1784 312
1785 522
1786 83
1787 1248
1788 661
1789 300
1790 884
1791 59
1792 1234
1793 566
1794 99
1795 3
1796 271
1797 2158
1798 2086
1799 3978
1800 3205
1801 961
1802 1202
1803 301
1804 705
1805 3017
1806 2988
1807 727
1808 829
1809 44
1810 1022
1811 507
1812 391
1813 448
1814 344
1815 439
1816 232
1817 61
1818 504
1819 149
1820 997
1821 613
1822 447
1823 593
1824 2301
1825 728
1826 232
1827 725
1828 1055
1829 1720
1830 131
1831 1457
1832 391
1833 1386
1834 240
1835 1727
1836 749
1837 196
1838 691
1839 349
1840 555
1841 547
1842 240
1843 763
1844 2315
1845 1643
1846 525
1847 619
1848 1430
1849 2438
1850 332
1851 189
1852 271
1853 989
1854 404
1855 1273
1856 712
1857 298
1858 1890
1859 2278
1860 597
1861 1485
1862 1616
1863 76
1864 679
1865 238
1866 714
1867 5911
1868 1382
1869 730
1870 223
1871 799
1872 2728
1873 1380
1874 439
1875 164
1876 192
1877 660
1878 705
1879 552
1880 63
1881 1452
1882 2234
1883 2704
1884 1470
1885 606
1886 250
1887 275
1888 46
1889 1174
1890 1381
1891 438
1892 879
1893 936
1894 3798
1895 3869
1896 1638
1897 460
1898 400
1899 303
1900 1829
1901 1058
1902 215
1903 2537
1904 809
1905 1203
1906 815
1907 1201
1908 667
1909 731
1910 705
1911 1071
1912 2003
1913 1002
1914 219
1915 87
1916 126
1917 1207
1918 566
1919 1367
1920 516
1921 1053
1922 237
1923 1093
1924 1003
1925 1151
1926 189
1927 244
1928 254
1929 293
1930 577
1931 1019
1932 397
1933 157
1934 471
1935 1144
1936 1424
1937 230
1938 203
1939 305
1940 1308
1941 1133
1942 2917
1943 2413
1944 376
1945 451
1946 524
1947 115
1948 568
1949 450
1950 394
1951 1314
1952 861
1953 1389
1954 835
1955 2061
1956 350
1957 853
1958 1154
1959 603
1960 456
1961 175
1962 28
1963 230
1964 2466
1965 2556
1966 256
1967 1293
1968 2219
1969 1095
1970 535
1971 1003
1972 2091
1973 289
1974 539
1975 1321
1976 540
1977 2
1978 123
1979 95
1980 1207
1981 2224
1982 974
1983 248
1984 441
1985 2117
1986 905
1987 104
1988 170
1989 1484
1990 792
1991 1028
1992 784
1993 380
1994 924
1995 2030
1996 3208
1997 1149
1998 581
1999 1320
2000 1247
2001 72
2002 230
2003 686
2004 2030
2005 1080
2006 495
2007 758
2008 526
2009 818
2010 942
2011 1254
2012 234
2013 247
2014 1334
2015 1133
2016 2034
2017 2535
2018 203
2019 1882
2020 592
2021 548
2022 393
2023 1833
2024 2844
2025 84
2026 704
2027 627
2028 663
2029 372
2030 1088
2031 1605
2032 1075
2033 391
2034 1084
2035 1594
2036 2376
2037 868
2038 733
2039 555
2040 388
2041 303
2042 484
2043 1627
2044 364
2045 701
2046 640
2047 640
2048 1998
2049 2334
2050 1477
2051 1493
2052 147
2053 174
2054 1043
2055 3162
2056 520
2057 661
2058 647
2059 688
2060 725
2061 1407
2062 973
2063 829
2064 238
2065 170
2066 1519
2067 1035
2068 59
2069 1607
2070 414
2071 923
2072 1940
2073 1732
2074 841
2075 1227
2076 1779
2077 495
2078 35
2079 225
2080 1158
2081 2088
2082 1423
2083 1067
2084 681
2085 487
2086 1337
2087 909
2088 1469
2089 1292
2090 859
2091 588
2092 492
2093 558
2094 910
2095 3135
2096 942
2097 3490
2098 1715
2099 955
2100 473
2101 252
2102 68
2103 2364
2104 2254
2105 1056
2106 46
2107 68
2108 338
2109 287
2110 1700
2111 1172
2112 1841
2113 1025
2114 667
2115 1188
2116 773
2117 699
2118 2140
2119 2164
2120 392
2121 478
2122 133
2123 212
2124 1852
2125 238
2126 1160
2127 1151
2128 1757
2129 546
2130 810
2131 2064
2132 2413
2133 304
2134 14
2135 226
2136 66
2137 1240
2138 2496
2139 601
2140 227
2141 36
2142 37
2143 64
2144 1682
2145 1774
2146 717
2147 315
2148 2303
2149 1062
2150 2665
2151 400
2152 1576
2153 2084
2154 1524
2155 461
2156 120
2157 188
2158 124
2159 774
2160 2122
2161 2128
2162 15
2163 84
2164 385
2165 1647
2166 878
2167 640
2168 415
2169 964
2170 364
2171 174
2172 1322
2173 874
2174 70
2175 606
2176 58
2177 923
2178 185
2179 456
2180 218
2181 627
2182 393
2183 699
2184 248
2185 6
2186 34
2187 1207
2188 597
2189 436
2190 1325
2191 1090
2192 435
2193 1512
2194 258
2195 78
2196 32
2197 234
2198 122
2199 746
2200 482
2201 867
2202 1137
2203 1505
2204 307
2205 1634
2206 1636
2207 449
2208 64
2209 703
2210 661
2211 1313
2212 2436
2213 2031
2214 340
2215 518
2216 102
2217 193
2218 89
2219 222
2220 898
2221 33
2222 50
2223 442
2224 1103
2225 222
2226 149
2227 1612
2228 1340
2229 1257
2230 1456
2231 161
2232 530
2233 792
2234 40
2235 211
2236 78
2237 547
2238 205
2239 26
2240 10
2241 132
2242 70
2243 1792
2244 902
2245 191
2246 361
2247 1425
2248 2537
2249 386
2250 1927
2251 900
2252 242
2253 664
2254 2099
2255 931
2256 1403
2257 343
2258 70
2259 212
2260 1455
2261 235
2262 140
2263 60
2264 52
2265 508
2266 2559
2267 1916
2268 1756
2269 2382
2270 2355
2271 1236
2272 73
2273 250
2274 2803
2275 2054
2276 952
2277 2126
2278 578
2279 160
2280 108
2281 1751
2282 2393
2283 297
2284 0
2285 221
2286 1336
2287 325
2288 480
2289 426
2290 1976
2291 2789
2292 256
2293 48
2294 2123
2295 1860
2296 482
2297 1010
2298 626
2299 71
2300 921
2301 1419
2302 735
2303 30
2304 481
2305 114
2306 268
2307 773
2308 2094
2309 699
2310 653
2311 641
2312 521
2313 475
2314 1023
2315 511
2316 2559
2317 816
2318 18
2319 332
2320 1778
2321 1100
2322 938
2323 0
2324 13
2325 275
2326 2191
2327 3513
2328 657
2329 152
2330 218
2331 95
2332 422
2333 448
2334 3352
2335 4128
2336 453
2337 105
2338 504
2339 1134
2340 954
2341 289
2342 14
2343 3
2344 788
2345 1521
2346 771
2347 1229
2348 182
2349 658
2350 994
2351 1613
2352 1487
2353 2192
2354 1252
2355 343
2356 1014
2357 358
2358 160
2359 12
2360 34
2361 20
2362 53
2363 2119
2364 1787
2365 251
2366 1524
2367 1203
2368 310
2369 805
2370 1438
2371 953
2372 798
2373 522
2374 57
2375 1011
2376 1541
2377 54
2378 28
2379 207
2380 351
2381 82
2382 1894
2383 1009
2384 749
2385 2547
2386 762
2387 1781
2388 3094
2389 1833
2390 1246
2391 2266
2392 300
2393 289
2394 2008
2395 660
2396 259
2397 58
2398 1652
2399 51
2400 168
2401 1086
2402 4197
2403 290
2404 584
2405 1451
2406 1944
2407 1372
2408 742
2409 1057
2410 682
2411 1628
2412 1051
2413 214
2414 10
2415 461
2416 131
2417 270
2418 73
2419 1143
2420 2192
2421 1798
2422 3876
2423 522
2424 999
2425 1221
2426 1579
2427 2038
2428 2488
2429 463
2430 23
2431 514
2432 1300
2433 7
2434 227
2435 681
2436 785
2437 407
2438 2475
2439 266
2440 973
2441 2038
2442 1995
2443 840
2444 1012
2445 1060
2446 156
2447 11
2448 15
2449 931
2450 100
2451 271
2452 148
2453 76
2454 731
2455 711
2456 1063
2457 968
2458 170
2459 653
2460 153
2461 93
2462 9
2463 114
2464 609
2465 3808
2466 518
2467 25
2468 248
2469 300
2470 636
2471 431
2472 402
2473 109
2474 35
2475 39
2476 0
2477 211
2478 972
2479 73
2480 332
2481 471
2482 164
2483 451
2484 669
2485 941
2486 436
2487 1381
2488 260
2489 336
2490 41
2491 27
2492 8
2493 39
2494 380
2495 876
2496 291
2497 544
2498 127
2499 656
2500 358
2501 275
2502 359
2503 1715
2504 83
2505 16
2506 111
2507 35
2508 42
2509 326
2510 188
2511 309
2512 282
2513 485
2514 2
2515 5
2516 166
2517 11
2518 0
2519 40
2520 245
2521 140
2522 192
2523 608
2524 40
2525 22
2526 970
2527 437
2528 5
2529 165
2530 287
2531 142
2532 59
2533 41
2534 1472
2535 1798
2536 259
2537 493
2538 761
2539 128
2540 10
2541 130
2542 2112
2543 556
2544 691
2545 1733
2546 166
2547 81
2548 504
2549 270
2550 154
2551 79
2552 647
2553 1137
2554 403
2555 12
2556 13
2557 125
2558 374
2559 284
2560 951
2561 853
2562 200
2563 612
2564 176
2565 186
2566 342
2567 179
2568 170
2569 74
2570 204
2571 133
2572 0
2573 308
2574 35
2575 799
2576 46
2577 47
2578 64
2579 26
2580 0
2581 4
2582 0
2583 0
2584 0
2585 2
2586 0
2587 0
2588 0
2589 0
2590 0
2591 0
2592 4
2593 0
2594 0
2595 0
2596 0
2597 0
2598 10
