0 182
1 0
2 21
3 7
4 56
5 99
6 3
7 7
8 0
9 7
10 50
11 164
12 18
13 97
14 246
15 117
16 181
17 26
18 25
19 403
20 1
21 54
22 28
23 311
24 0
25 102
26 10
27 9
28 5
29 32
30 4
31 12
32 3
33 95
34 12
35 160
36 13
37 32
38 22
39 36
40 58
41 16
42 29
43 26
44 229
45 5
46 26
47 9
48 21
49 200
50 81
51 20
52 164
53 192
54 174
55 22
56 32
57 116
58 183
59 23
60 35
61 215
62 182
63 18
64 23
65 427
66 51
67 152
68 80
69 4
70 33
71 34
72 12
73 7
74 172
75 282
76 13
77 143
78 287
79 275
80 25
81 7
82 120
83 70
84 11
85 6
86 105
87 465
88 340
89 10
90 17
91 13
92 23
93 137
94 36
95 0
96 31
97 187
98 39
99 228
100 0
101 13
102 136
103 153
104 27
105 83
106 212
107 74
108 191
109 175
110 12
111 81
112 79
113 36
114 141
115 77
116 221
117 41
118 27
119 104
120 5
121 82
122 332
123 80
124 38
125 8
126 35
127 35
128 49
129 89
130 29
131 82
132 29
133 0
134 16
135 311
136 190
137 698
138 58
139 62
140 280
141 250
142 52
143 36
144 8
145 14
146 191
147 50
148 272
149 160
150 74
151 0
152 0
153 78
154 51
155 80
156 55
157 72
158 697
159 89
160 41
161 52
162 4
163 123
164 118
165 164
166 244
167 101
168 64
169 49
170 299
171 185
172 68
173 51
174 276
175 507
176 298
177 47
178 92
179 6
180 326
181 27
182 743
183 378
184 140
185 122
186 607
187 520
188 241
189 46
190 62
191 0
192 0
193 10
194 10
195 0
196 276
197 172
198 30
199 234
200 184
201 174
202 60
203 281
204 185
205 404
206 642
207 145
208 74
209 5
210 484
211 9
212 53
213 149
214 0
215 346
216 25
217 72
218 120
219 481
220 145
221 431
222 374
223 339
224 586
225 354
226 282
227 40
228 4
229 63
230 16
231 7
232 0
233 29
234 0
235 40
236 0
237 5
238 177
239 712
240 20
241 650
242 422
243 59
244 432
245 100
246 160
247 8
248 106
249 84
250 67
251 17
252 42
253 0
254 6
255 65
256 962
257 339
258 53
259 11
260 0
261 0
262 24
263 180
264 21
265 63
266 18
267 57
268 28
269 2
270 122
271 255
272 70
273 0
274 31
275 27
276 24
277 22
278 52
279 195
280 28
281 10
282 111
283 659
284 10
285 14
286 70
287 57
288 71
289 39
290 516
291 130
292 805
293 283
294 14
295 165
296 222
297 88
298 121
299 48
300 156
301 117
302 175
303 123
304 682
305 209
306 145
307 355
308 0
309 183
310 149
311 167
312 272
313 36
314 44
315 247
316 196
317 269
318 585
319 27
320 96
321 107
322 31
323 43
324 0
325 10
326 47
327 26
328 11
329 5
330 31
331 125
332 32
333 273
334 397
335 319
336 23
337 133
338 475
339 284
340 8
341 17
342 19
343 5
344 21
345 18
346 90
347 18
348 274
349 95
350 136
351 544
352 93
353 24
354 0
355 6
356 13
357 141
358 3
359 178
360 197
361 462
362 623
363 21
364 0
365 3
366 33
367 89
368 187
369 221
370 76
371 52
372 59
373 79
374 49
375 42
376 131
377 6
378 22
379 144
380 135
381 2
382 114
383 8
384 131
385 200
386 1
387 8
388 167
389 222
390 350
391 251
392 418
393 12
394 226
395 102
396 411
397 150
398 0
399 296
400 23
401 126
402 63
403 62
404 231
405 150
406 367
407 283
408 95
409 8
410 41
411 72
412 115
413 566
414 353
415 18
416 66
417 141
418 26
419 108
420 31
421 14
422 251
423 225
424 313
425 137
426 108
427 40
428 194
429 7
430 438
431 23
432 34
433 70
434 8
435 23
436 378
437 599
438 697
439 239
440 432
441 342
442 160
443 568
444 99
445 80
446 45
447 15
448 293
449 108
450 239
451 123
452 196
453 369
454 417
455 71
456 223
457 503
458 313
459 0
460 8
461 415
462 278
463 164
464 175
465 116
466 33
467 280
468 182
469 398
470 473
471 478
472 331
473 175
474 377
475 116
476 26
477 42
478 20
479 74
480 47
481 70
482 115
483 20
484 280
485 83
486 159
487 239
488 85
489 429
490 111
491 74
492 424
493 726
494 69
495 174
496 93
497 53
498 428
499 160
500 117
501 129
502 100
503 41
504 21
505 132
506 227
507 20
508 24
509 603
510 56
511 79
512 278
513 517
514 189
515 290
516 125
517 132
518 6
519 107
520 497
521 424
522 24
523 80
524 99
525 18
526 9
527 45
528 194
529 45
530 33
531 48
532 386
533 345
534 37
535 284
536 331
537 54
538 42
539 249
540 37
541 81
542 37
543 288
544 286
545 16
546 147
547 1
548 216
549 9
550 120
551 27
552 286
553 305
554 459
555 403
556 89
557 49
558 91
559 221
560 62
561 169
562 70
563 11
564 13
565 5
566 0
567 52
568 22
569 5
570 55
571 195
572 126
573 93
574 32
575 193
576 73
577 103
578 121
579 80
580 40
581 5
582 31
583 107
584 179
585 179
586 141
587 51
588 279
589 604
590 17
591 10
592 119
593 20
594 15
595 58
596 49
597 31
598 334
599 465
600 285
601 698
602 128
603 108
604 94
605 47
606 164
607 158
608 293
609 81
610 175
611 113
612 343
613 188
614 450
615 323
616 298
617 11
618 31
619 22
620 52
621 6
622 107
623 45
624 61
625 426
626 187
627 525
628 306
629 254
630 431
631 48
632 106
633 76
634 121
635 69
636 173
637 16
638 100
639 224
640 25
641 167
642 186
643 475
644 91
645 349
646 203
647 26
648 24
649 4
650 0
651 139
652 145
653 83
654 85
655 105
656 71
657 33
658 364
659 248
660 21
661 167
662 21
663 225
664 36
665 30
666 203
667 160
668 12
669 91
670 147
671 355
672 36
673 24
674 34
675 16
676 249
677 327
678 248
679 134
680 388
681 313
682 13
683 85
684 51
685 145
686 36
687 3
688 8
689 88
690 390
691 256
692 145
693 2
694 32
695 56
696 62
697 31
698 20
699 126
700 105
701 95
702 177
703 18
704 58
705 267
706 460
707 180
708 14
709 189
710 9
711 2
712 27
713 27
714 0
715 31
716 128
717 567
718 270
719 199
720 532
721 122
722 64
723 9
724 89
725 53
726 148
727 83
728 74
729 195
730 123
731 287
732 42
733 119
734 172
735 62
736 218
737 154
738 337
739 396
740 143
741 89
742 7
743 74
744 282
745 9
746 6
747 0
748 246
749 92
750 617
751 31
752 282
753 77
754 250
755 22
756 102
757 52
758 107
759 327
760 166
761 36
762 144
763 48
764 440
765 140
766 144
767 148
768 10
769 71
770 392
771 57
772 35
773 0
774 107
775 162
776 117
777 104
778 83
779 15
780 2
781 29
782 109
783 42
784 153
785 82
786 266
787 201
788 31
789 363
790 35
791 48
792 94
793 187
794 183
795 0
796 174
797 247
798 127
799 68
800 37
801 0
802 76
803 6
804 18
805 12
806 434
807 169
808 93
809 256
810 175
811 36
812 113
813 143
814 34
815 5
816 0
817 0
818 61
819 294
820 324
821 344
822 138
823 192
824 41
825 120
826 61
827 258
828 176
829 80
830 68
831 134
832 154
833 204
834 195
835 92
836 141
837 61
838 68
839 19
840 3
841 29
842 26
843 0
844 95
845 155
846 153
847 259
848 166
849 44
850 223
851 7
852 189
853 41
854 14
855 133
856 42
857 265
858 240
859 42
860 35
861 116
862 224
863 54
864 84
865 120
866 33
867 127
868 28
869 35
870 60
871 17
872 5
873 24
874 0
875 0
876 30
877 395
878 137
879 112
880 475
881 329
882 55
883 40
884 177
885 15
886 49
887 24
888 111
889 597
890 50
891 44
892 134
893 63
894 52
895 96
896 74
897 139
898 38
899 39
900 0
901 3
902 52
903 648
904 310
905 59
906 297
907 408
908 346
909 10
910 35
911 234
912 12
913 11
914 85
915 234
916 12
917 107
918 232
919 59
920 212
921 307
922 94
923 20
924 44
925 12
926 39
927 136
928 0
929 5
930 168
931 501
932 160
933 438
934 211
935 358
936 57
937 40
938 208
939 80
940 298
941 118
942 0
943 20
944 271
945 327
946 111
947 12
948 0
949 266
950 141
951 15
952 128
953 305
954 115
955 479
956 503
957 106
958 78
959 185
960 121
961 17
962 48
963 163
964 240
965 39
966 153
967 124
968 155
969 335
970 151
971 8
972 138
973 294
974 102
975 133
976 39
977 16
978 654
979 104
980 569
981 570
982 125
983 56
984 337
985 286
986 89
987 29
988 0
989 5
990 19
991 43
992 88
993 476
994 262
995 55
996 124
997 34
998 52
999 105
1000 63
1001 162
1002 289
1003 5
1004 0
1005 8
1006 2
1007 210
1008 474
1009 2
1010 58
1011 37
1012 32
1013 0
1014 0
1015 7
1016 110
1017 373
1018 28
1019 274
1020 251
1021 390
1022 271
1023 93
1024 143
1025 40
1026 195
1027 469
1028 93
1029 33
1030 38
1031 215
1032 10
1033 19
1034 90
1035 162
1036 89
1037 48
1038 396
1039 261
1040 355
1041 178
1042 16
1043 123
1044 55
1045 80
1046 159
1047 128
1048 161
1049 24
1050 35
1051 0
1052 3
1053 10
1054 18
1055 65
1056 84
1057 142
1058 202
1059 378
1060 353
1061 73
1062 0
1063 21
1064 0
1065 26
1066 16
1067 76
1068 31
1069 72
1070 86
1071 37
1072 345
1073 116
1074 243
1075 27
1076 38
1077 4
1078 135
1079 16
1080 256
1081 147
1082 51
1083 122
1084 112
1085 54
1086 0
1087 23
1088 7
1089 11
1090 265
1091 385
1092 317
1093 498
1094 228
1095 32
1096 76
1097 25
1098 89
1099 462
1100 15
1101 38
1102 39
1103 76
1104 23
1105 45
1106 499
1107 459
1108 87
1109 3
1110 918
1111 240
1112 18
1113 188
1114 311
1115 44
1116 9
1117 33
1118 40
1119 337
1120 283
1121 318
1122 42
1123 16
1124 79
1125 7
1126 78
1127 4
1128 118
1129 187
1130 9
1131 10
1132 0
1133 132
1134 85
1135 65
1136 0
1137 0
1138 7
1139 194
1140 918
1141 597
1142 239
1143 5
1144 25
1145 3
1146 60
1147 0
1148 13
1149 361
1150 563
1151 61
1152 64
1153 83
1154 148
1155 448
1156 285
1157 205
1158 61
1159 29
1160 53
1161 18
1162 118
1163 0
1164 7
1165 0
1166 79
1167 136
1168 299
1169 51
1170 326
1171 1
1172 3
1173 69
1174 14
1175 31
1176 222
1177 475
1178 54
1179 413
1180 41
1181 257
1182 162
1183 382
1184 132
1185 290
1186 166
1187 95
1188 14
1189 6
1190 11
1191 170
1192 164
1193 5
1194 42
1195 15
1196 34
1197 10
1198 126
1199 141
1200 69
1201 13
1202 5
1203 384
1204 33
1205 23
1206 67
1207 7
1208 107
1209 67
1210 266
1211 250
1212 570
1213 45
1214 146
1215 292
1216 120
1217 556
1218 267
1219 53
1220 201
1221 102
1222 48
1223 128
1224 124
1225 41
1226 106
1227 37
1228 130
1229 262
1230 90
1231 15
1232 72
1233 145
1234 170
1235 508
1236 103
1237 139
1238 196
1239 10
1240 77
1241 0
1242 21
1243 207
1244 10
1245 98
1246 54
1247 172
1248 437
1249 583
1250 33
1251 264
1252 401
1253 566
1254 927
1255 159
1256 99
1257 29
1258 301
1259 33
1260 126
1261 28
1262 119
1263 117
1264 334
1265 221
1266 152
1267 49
1268 11
1269 12
1270 26
1271 46
1272 123
1273 107
1274 784
1275 355
1276 28
1277 74
1278 71
1279 110
1280 6
1281 14
1282 8
1283 7
1284 1
1285 3
1286 188
1287 388
1288 131
1289 325
1290 291
1291 302
1292 136
1293 167
1294 2413
1295 775
1296 76
1297 30
1298 94
1299 277
1300 44
1301 0
1302 82
1303 155
1304 471
1305 97
1306 65
1307 271
1308 193
1309 172
1310 35
1311 147
1312 2
1313 3
1314 9
1315 392
1316 347
1317 345
1318 462
1319 422
1320 421
1321 770
1322 401
1323 63
1324 62
1325 127
1326 29
1327 59
1328 3
1329 84
1330 43
1331 138
1332 444
1333 128
1334 39
1335 101
1336 91
1337 324
1338 254
1339 821
1340 1107
1341 160
1342 59
1343 263
1344 323
1345 71
1346 52
1347 31
1348 18
1349 96
1350 436
1351 35
1352 19
1353 347
1354 50
1355 224
1356 178
1357 51
1358 70
1359 252
1360 36
1361 3
1362 5
1363 189
1364 537
1365 710
1366 136
1367 195
1368 190
1369 438
1370 346
1371 299
1372 0
1373 44
1374 1
1375 6
1376 20
1377 55
1378 101
1379 463
1380 453
1381 45
1382 72
1383 81
1384 211
1385 105
1386 343
1387 798
1388 269
1389 42
1390 286
1391 239
1392 48
1393 73
1394 21
1395 123
1396 144
1397 109
1398 0
1399 37
1400 284
1401 193
1402 158
1403 194
1404 170
1405 65
1406 82
1407 248
1408 231
1409 256
1410 194
1411 110
1412 74
1413 0
1414 40
1415 27
1416 205
1417 287
1418 189
1419 497
1420 218
1421 579
1422 145
1423 11
1424 55
1425 16
1426 57
1427 214
1428 611
1429 853
1430 523
1431 662
1432 532
1433 222
1434 263
1435 314
1436 195
1437 473
1438 18
1439 2
1440 137
1441 149
1442 797
1443 140
1444 127
1445 302
1446 449
1447 110
1448 110
1449 72
1450 67
1451 542
1452 99
1453 323
1454 209
1455 29
1456 153
1457 560
1458 21
1459 503
1460 157
1461 82
1462 59
1463 99
1464 2
1465 67
1466 146
1467 141
1468 39
1469 32
1470 14
1471 0
1472 21
1473 29
1474 30
1475 152
1476 762
1477 1354
1478 558
1479 436
1480 614
1481 511
1482 108
1483 323
1484 243
1485 2
1486 90
1487 20
1488 237
1489 204
1490 912
1491 224
1492 124
1493 231
1494 277
1495 66
1496 423
1497 510
1498 73
1499 171
1500 329
1501 90
1502 134
1503 43
1504 225
1505 432
1506 63
1507 135
1508 382
1509 74
1510 126
1511 21
1512 33
1513 66
1514 548
1515 160
1516 97
1517 26
1518 0
1519 0
1520 4
1521 20
1522 31
1523 19
1524 224
1525 813
1526 586
1527 1589
1528 1228
1529 785
1530 264
1531 19
1532 126
1533 464
1534 48
1535 219
1536 124
1537 143
1538 264
1539 194
1540 14
1541 228
1542 63
1543 141
1544 873
1545 491
1546 580
1547 260
1548 79
1549 208
1550 380
1551 95
1552 93
1553 161
1554 91
1555 97
1556 474
1557 836
1558 92
1559 122
1560 179
1561 584
1562 355
1563 279
1564 8
1565 27
1566 148
1567 151
1568 424
1569 7
1570 12
1571 81
1572 1100
1573 2157
1574 761
1575 65
1576 769
1577 359
1578 229
1579 504
1580 609
1581 249
1582 299
1583 224
1584 134
1585 33
1586 12
1587 124
1588 377
1589 45
1590 776
1591 257
1592 183
1593 182
1594 207
1595 608
1596 402
1597 57
1598 20
1599 59
1600 534
1601 199
1602 500
1603 67
1604 43
1605 8
1606 22
1607 89
1608 1
1609 5
1610 7
1611 0
1612 153
1613 217
1614 114
1615 26
1616 266
1617 960
1618 768
1619 1345
1620 647
1621 1008
1622 799
1623 341
1624 218
1625 37
1626 616
1627 351
1628 161
1629 351
1630 196
1631 184
1632 218
1633 172
1634 265
1635 103
1636 100
1637 163
1638 185
1639 199
1640 371
1641 77
1642 5
1643 24
1644 39
1645 612
1646 1117
1647 176
1648 388
1649 193
1650 106
1651 374
1652 971
1653 34
1654 141
1655 464
1656 476
1657 126
1658 209
1659 298
1660 136
1661 199
1662 198
1663 56
1664 193
1665 287
1666 243
1667 481
1668 469
1669 13
1670 100
1671 125
1672 1
1673 27
1674 7
1675 12
1676 14
1677 1104
1678 758
1679 588
1680 613
1681 234
1682 362
1683 369
1684 201
1685 428
1686 286
1687 108
1688 151
1689 238
1690 91
1691 249
1692 67
1693 158
1694 252
1695 17
1696 123
1697 21
1698 62
1699 79
1700 34
1701 515
1702 69
1703 164
1704 0
1705 13
1706 45
1707 139
1708 7
1709 183
1710 1010
1711 309
1712 198
1713 144
1714 161
1715 478
1716 307
1717 244
1718 82
1719 171
1720 18
1721 168
1722 45
1723 40
1724 64
1725 53
1726 149
1727 94
1728 348
1729 292
1730 21
1731 56
1732 14
1733 167
1734 59
1735 12
1736 111
1737 207
1738 436
1739 347
1740 262
1741 97
1742 283
1743 31
1744 150
1745 260
1746 127
1747 11
1748 33
1749 49
1750 107
1751 254
1752 349
1753 50
1754 15
1755 129
1756 66
1757 101
1758 139
1759 5
1760 8
1761 364
1762 97
1763 165
1764 160
1765 195
1766 111
1767 389
1768 213
1769 7
1770 58
1771 91
1772 199
1773 364
1774 146
1775 143
1776 131
1777 182
1778 358
1779 4
1780 55
1781 0
1782 192
1783 9
1784 66
1785 101
1786 21
1787 264
1788 140
1789 71
1790 174
1791 8
1792 272
1793 105
1794 26
1795 0
1796 48
1797 470
1798 408
1799 714
1800 631
1801 169
1802 234
1803 68
1804 153
1805 618
1806 578
1807 126
1808 185
1809 11
1810 227
1811 114
1812 83
1813 90
1814 71
1815 88
1816 64
1817 10
1818 104
1819 28
1820 186
1821 134
1822 85
1823 115
1824 445
1825 167
1826 49
1827 132
1828 202
1829 381
1830 23
1831 270
1832 75
1833 256
1834 52
1835 365
1836 129
1837 49
1838 135
1839 85
1840 107
1841 103
1842 36
1843 158
1844 470
1845 332
1846 93
1847 131
1848 303
1849 469
1850 56
1851 32
1852 49
1853 196
1854 74
1855 232
1856 169
1857 53
1858 399
1859 478
1860 123
1861 294
1862 354
1863 17
1864 129
1865 44
1866 148
1867 1242
1868 292
1869 145
1870 35
1871 162
1872 526
1873 261
1874 95
1875 29
1876 38
1877 132
1878 145
1879 106
1880 18
1881 307
1882 435
1883 527
1884 282
1885 101
1886 60
1887 68
1888 12
1889 227
1890 270
1891 80
1892 159
1893 192
1894 742
1895 815
1896 317
1897 77
1898 82
1899 76
1900 355
1901 242
1902 47
1903 458
1904 162
1905 247
1906 165
1907 230
1908 127
1909 136
1910 150
1911 239
1912 422
1913 187
1914 42
1915 17
1916 24
1917 235
1918 100
1919 252
1920 116
1921 201
1922 65
1923 245
1924 196
1925 211
1926 38
1927 37
1928 63
1929 69
1930 116
1931 216
1932 74
1933 21
1934 86
1935 211
1936 311
1937 52
1938 30
1939 73
1940 258
1941 234
1942 554
1943 477
1944 71
1945 104
1946 100
1947 21
1948 111
1949 79
1950 80
1951 279
1952 177
1953 298
1954 175
1955 454
1956 63
1957 172
1958 231
1959 125
1960 71
1961 39
1962 3
1963 52
1964 457
1965 532
1966 58
1967 251
1968 493
1969 224
1970 99
1971 186
1972 422
1973 47
1974 120
1975 250
1976 109
1977 0
1978 18
1979 20
1980 231
1981 467
1982 211
1983 43
1984 87
1985 384
1986 183
1987 18
1988 25
1989 304
1990 150
1991 185
1992 157
1993 70
1994 185
1995 384
1996 658
1997 223
1998 109
1999 283
2000 252
2001 12
2002 63
2003 156
2004 397
2005 219
2006 92
2007 160
2008 113
2009 166
2010 180
2011 232
2012 38
2013 47
2014 278
2015 205
2016 380
2017 529
2018 45
2019 352
2020 118
2021 111
2022 88
2023 397
2024 573
2025 14
2026 138
2027 139
2028 149
2029 72
2030 246
2031 329
2032 234
2033 72
2034 237
2035 359
2036 456
2037 155
2038 159
2039 105
2040 66
2041 53
2042 87
2043 324
2044 63
2045 121
2046 118
2047 153
2048 416
2049 469
2050 312
2051 307
2052 32
2053 39
2054 201
2055 646
2056 102
2057 124
2058 122
2059 133
2060 141
2061 267
2062 217
2063 165
2064 43
2065 28
2066 300
2067 212
2068 12
2069 319
2070 83
2071 192
2072 373
2073 367
2074 168
2075 229
2076 382
2077 96
2078 6
2079 54
2080 246
2081 417
2082 286
2083 225
2084 150
2085 87
2086 266
2087 177
2088 275
2089 261
2090 170
2091 114
2092 110
2093 110
2094 147
2095 627
2096 186
2097 707
2098 322
2099 200
2100 97
2101 43
2102 13
2103 454
2104 449
2105 221
2106 9
2107 3
2108 71
2109 59
2110 356
2111 253
2112 418
2113 176
2114 121
2115 242
2116 153
2117 137
2118 443
2119 447
2120 74
2121 78
2122 27
2123 34
2124 376
2125 46
2126 218
2127 239
2128 322
2129 99
2130 169
2131 414
2132 474
2133 58
2134 0
2135 50
2136 8
2137 254
2138 461
2139 119
2140 34
2141 5
2142 10
2143 10
2144 293
2145 340
2146 138
2147 72
2148 476
2149 227
2150 546
2151 77
2152 341
2153 420
2154 331
2155 107
2156 16
2157 34
2158 23
2159 136
2160 412
2161 443
2162 2
2163 12
2164 81
2165 316
2166 165
2167 142
2168 79
2169 203
2170 75
2171 28
2172 283
2173 191
2174 10
2175 115
2176 8
2177 204
2178 43
2179 86
2180 44
2181 97
2182 74
2183 143
2184 53
2185 0
2186 5
2187 233
2188 129
2189 88
2190 279
2191 214
2192 87
2193 308
2194 53
2195 16
2196 6
2197 55
2198 34
2199 141
2200 84
2201 162
2202 231
2203 335
2204 52
2205 333
2206 333
2207 69
2208 10
2209 146
2210 117
2211 292
2212 454
2213 423
2214 58
2215 85
2216 17
2217 45
2218 31
2219 42
2220 156
2221 7
2222 4
2223 106
2224 212
2225 35
2226 22
2227 324
2228 234
2229 241
2230 290
2231 24
2232 139
2233 141
2234 7
2235 43
2236 17
2237 99
2238 34
2239 3
2240 0
2241 29
2242 16
2243 363
2244 179
2245 46
2246 49
2247 299
2248 513
2249 72
2250 396
2251 185
2252 49
2253 122
2254 415
2255 214
2256 276
2257 87
2258 19
2259 53
2260 305
2261 49
2262 19
2263 14
2264 13
2265 95
2266 512
2267 402
2268 322
2269 469
2270 457
2271 271
2272 10
2273 47
2274 528
2275 379
2276 178
2277 406
2278 124
2279 33
2280 13
2281 348
2282 479
2283 58
2284 0
2285 29
2286 253
2287 58
2288 107
2289 95
2290 396
2291 559
2292 47
2293 7
2294 461
2295 358
2296 98
2297 203
2298 126
2299 11
2300 196
2301 254
2302 141
2303 7
2304 85
2305 20
2306 55
2307 143
2308 455
2309 145
2310 155
2311 141
2312 103
2313 107
2314 192
2315 98
2316 494
2317 187
2318 0
2319 58
2320 363
2321 230
2322 162
2323 0
2324 0
2325 50
2326 420
2327 722
2328 122
2329 38
2330 56
2331 19
2332 93
2333 82
2334 634
2335 843
2336 93
2337 24
2338 102
2339 237
2340 204
2341 59
2342 2
2343 0
2344 144
2345 258
2346 158
2347 256
2348 40
2349 143
2350 208
2351 324
2352 286
2353 417
2354 225
2355 56
2356 199
2357 85
2358 24
2359 0
2360 10
2361 0
2362 12
2363 384
2364 320
2365 43
2366 298
2367 260
2368 95
2369 167
2370 293
2371 176
2372 164
2373 104
2374 19
2375 210
2376 295
2377 7
2378 6
2379 43
2380 66
2381 17
2382 399
2383 231
2384 133
2385 511
2386 166
2387 359
2388 597
2389 368
2390 245
2391 469
2392 58
2393 63
2394 399
2395 130
2396 37
2397 7
2398 339
2399 12
2400 46
2401 193
2402 862
2403 68
2404 126
2405 300
2406 408
2407 271
2408 147
2409 213
2410 115
2411 332
2412 205
2413 49
2414 0
2415 91
2416 26
2417 45
2418 14
2419 239
2420 425
2421 369
2422 770
2423 112
2424 163
2425 265
2426 345
2427 419
2428 518
2429 93
2430 3
2431 115
2432 258
2433 0
2434 47
2435 142
2436 154
2437 64
2438 506
2439 50
2440 188
2441 398
2442 405
2443 198
2444 180
2445 236
2446 26
2447 0
2448 2
2449 217
2450 7
2451 45
2452 21
2453 14
2454 141
2455 155
2456 229
2457 197
2458 34
2459 132
2460 27
2461 15
2462 0
2463 16
2464 148
2465 748
2466 115
2467 4
2468 56
2469 66
2470 127
2471 78
2472 71
2473 13
2474 9
2475 9
2476 0
2477 28
2478 187
2479 14
2480 72
2481 113
2482 37
2483 91
2484 142
2485 191
2486 69
2487 296
2488 49
2489 73
2490 10
2491 5
2492 0
2493 3
2494 80
2495 179
2496 77
2497 99
2498 22
2499 131
2500 66
2501 43
2502 70
2503 354
2504 18
2505 0
2506 22
2507 6
2508 9
2509 70
2510 34
2511 58
2512 44
2513 83
2514 0
2515 0
2516 31
2517 0
2518 0
2519 10
2520 43
2521 21
2522 42
2523 114
2524 11
2525 2
2526 172
2527 84
2528 0
2529 31
2530 53
2531 27
2532 13
2533 7
2534 306
2535 353
2536 52
2537 118
2538 125
2539 28
2540 0
2541 33
2542 402
2543 112
2544 146
2545 345
2546 38
2547 16
2548 98
2549 49
2550 34
2551 12
2552 134
2553 202
2554 82
2555 2
2556 0
2557 29
2558 73
2559 61
2560 190
2561 165
2562 49
2563 138
2564 30
2565 32
2566 73
2567 41
2568 35
2569 12
2570 39
2571 14
2572 0
2573 65
2574 3
2575 172
2576 6
2577 6
2578 12
2579 3
2580 0
2581 0
2582 0
2583 0
2584 0
2585 0
2586 0
2587 0
2588 0
2589 0
2590 0
2591 0
2592 0
2593 0
2594 0
2595 0
2596 0
2597 0
2598 3
