0 26
1 0
2 2
3 0
4 8
5 13
6 0
7 0
8 0
9 1
10 9
11 27
12 4
13 17
14 36
15 14
16 32
17 6
18 3
19 64
20 0
21 9
22 4
23 0
24 0
25 18
26 0
27 1
28 1
29 4
30 1
31 2
32 0
33 17
34 1
35 27
36 0
37 5
38 5
39 3
40 10
41 2
42 0
43 4
44 35
45 0
46 2
47 1
48 2
49 29
50 13
51 5
52 31
53 24
54 25
55 3
56 4
57 21
58 0
59 2
60 6
61 0
62 24
63 2
64 3
65 67
66 7
67 25
68 14
69 1
70 4
71 4
72 1
73 1
74 26
75 48
76 2
77 20
78 48
79 45
80 5
81 1
82 18
83 8
84 3
85 1
86 17
87 57
88 55
89 4
90 0
91 0
92 3
93 22
94 5
95 0
96 4
97 29
98 5
99 33
100 1
101 2
102 23
103 21
104 5
105 9
106 30
107 8
108 27
109 27
110 1
111 8
112 13
113 0
114 21
115 12
116 26
117 4
118 2
119 10
120 0
121 11
122 54
123 13
124 3
125 0
126 3
127 7
128 7
129 16
130 5
131 14
132 5
133 0
134 2
135 48
136 26
137 114
138 8
139 9
140 45
141 33
142 5
143 5
144 1
145 4
146 31
147 6
148 36
149 24
150 11
151 0
152 0
153 15
154 8
155 16
156 0
157 12
158 111
159 13
160 0
161 7
162 0
163 17
164 0
165 20
166 35
167 17
168 11
169 5
170 52
171 24
172 13
173 0
174 43
175 79
176 48
177 8
178 14
179 0
180 47
181 4
182 107
183 53
184 21
185 18
186 93
187 88
188 46
189 4
190 7
191 0
192 0
193 0
194 0
195 0
196 43
197 26
198 5
199 35
200 31
201 26
202 8
203 44
204 30
205 66
206 100
207 21
208 12
209 0
210 73
211 2
212 7
213 24
214 0
215 57
216 2
217 12
218 18
219 75
220 18
221 50
222 58
223 51
224 100
225 48
226 39
227 8
228 0
229 7
230 2
231 1
232 0
233 0
234 0
235 8
236 0
237 0
238 26
239 107
240 4
241 113
242 57
243 12
244 68
245 11
246 27
247 1
248 15
249 13
250 11
251 3
252 6
253 0
254 0
255 12
256 162
257 49
258 8
259 1
260 0
261 0
262 2
263 29
264 5
265 10
266 3
267 7
268 5
269 0
270 16
271 35
272 8
273 0
274 6
275 5
276 5
277 0
278 7
279 30
280 2
281 0
282 11
283 105
284 3
285 2
286 0
287 9
288 7
289 7
290 85
291 16
292 129
293 46
294 1
295 21
296 31
297 10
298 18
299 8
300 17
301 18
302 25
303 22
304 116
305 36
306 25
307 54
308 0
309 19
310 17
311 26
312 44
313 5
314 4
315 36
316 31
317 42
318 93
319 2
320 14
321 17
322 4
323 9
324 0
325 0
326 7
327 5
328 1
329 0
330 3
331 20
332 5
333 47
334 59
335 50
336 5
337 24
338 83
339 48
340 0
341 1
342 0
343 0
344 4
345 2
346 12
347 2
348 45
349 12
350 25
351 85
352 15
353 2
354 0
355 0
356 1
357 20
358 0
359 24
360 25
361 68
362 97
363 2
364 0
365 0
366 7
367 13
368 35
369 38
370 15
371 7
372 7
373 12
374 8
375 8
376 21
377 0
378 7
379 21
380 23
381 0
382 22
383 1
384 18
385 31
386 0
387 0
388 32
389 37
390 56
391 42
392 61
393 2
394 32
395 13
396 71
397 22
398 0
399 45
400 2
401 24
402 9
403 0
404 33
405 27
406 60
407 47
408 11
409 1
410 4
411 13
412 19
413 92
414 64
415 2
416 11
417 20
418 3
419 17
420 5
421 2
422 37
423 34
424 45
425 26
426 14
427 3
428 27
429 0
430 73
431 4
432 0
433 11
434 0
435 4
436 59
437 79
438 110
439 44
440 58
441 58
442 24
443 90
444 14
445 13
446 10
447 3
448 44
449 15
450 0
451 15
452 34
453 53
454 57
455 11
456 33
457 78
458 49
459 0
460 3
461 61
462 47
463 26
464 28
465 28
466 6
467 43
468 26
469 61
470 78
471 0
472 50
473 32
474 0
475 16
476 5
477 5
478 3
479 8
480 5
481 11
482 16
483 4
484 48
485 16
486 25
487 34
488 13
489 63
490 13
491 10
492 64
493 115
494 11
495 28
496 0
497 11
498 60
499 22
500 17
501 19
502 18
503 8
504 3
505 18
506 37
507 0
508 5
509 96
510 9
511 0
512 41
513 71
514 29
515 45
516 25
517 18
518 1
519 14
520 80
521 70
522 2
523 14
524 14
525 0
526 0
527 6
528 29
529 7
530 3
531 9
532 55
533 49
534 8
535 46
536 50
537 8
538 6
539 38
540 4
541 10
542 6
543 44
544 49
545 2
546 25
547 0
548 39
549 2
550 19
551 4
552 48
553 52
554 66
555 63
556 13
557 7
558 21
559 33
560 9
561 27
562 11
563 1
564 1
565 0
566 0
567 8
568 4
569 1
570 6
571 37
572 24
573 14
574 7
575 34
576 11
577 19
578 20
579 11
580 4
581 0
582 2
583 19
584 29
585 24
586 21
587 7
588 52
589 83
590 3
591 3
592 20
593 1
594 3
595 8
596 0
597 4
598 50
599 69
600 54
601 100
602 18
603 19
604 0
605 9
606 20
607 21
608 48
609 14
610 32
611 17
612 51
613 32
614 79
615 56
616 48
617 1
618 6
619 1
620 7
621 1
622 16
623 7
624 7
625 62
626 0
627 76
628 54
629 41
630 63
631 10
632 15
633 12
634 19
635 10
636 27
637 3
638 18
639 30
640 6
641 29
642 29
643 72
644 16
645 55
646 30
647 3
648 6
649 0
650 0
651 19
652 28
653 14
654 15
655 0
656 10
657 3
658 54
659 44
660 3
661 32
662 1
663 40
664 7
665 2
666 0
667 23
668 2
669 12
670 19
671 51
672 7
673 0
674 7
675 0
676 44
677 59
678 33
679 24
680 61
681 46
682 2
683 14
684 7
685 22
686 7
687 0
688 2
689 0
690 58
691 31
692 22
693 0
694 4
695 9
696 7
697 5
698 5
699 17
700 12
701 12
702 27
703 2
704 9
705 45
706 63
707 27
708 2
709 37
710 2
711 0
712 5
713 3
714 0
715 3
716 21
717 91
718 40
719 34
720 82
721 20
722 11
723 1
724 15
725 11
726 21
727 15
728 16
729 29
730 19
731 40
732 8
733 18
734 23
735 9
736 0
737 25
738 60
739 61
740 22
741 16
742 0
743 12
744 39
745 0
746 0
747 0
748 36
749 13
750 97
751 3
752 35
753 9
754 35
755 1
756 14
757 5
758 15
759 62
760 28
761 7
762 24
763 10
764 70
765 22
766 18
767 21
768 0
769 10
770 63
771 8
772 4
773 0
774 16
775 28
776 15
777 17
778 14
779 3
780 0
781 5
782 16
783 6
784 22
785 9
786 41
787 26
788 0
789 59
790 9
791 6
792 15
793 33
794 29
795 0
796 30
797 46
798 21
799 11
800 5
801 0
802 12
803 0
804 2
805 1
806 61
807 26
808 15
809 48
810 23
811 6
812 16
813 24
814 4
815 1
816 0
817 0
818 8
819 51
820 50
821 52
822 26
823 39
824 7
825 22
826 9
827 47
828 27
829 15
830 13
831 21
832 26
833 35
834 30
835 11
836 20
837 9
838 0
839 4
840 0
841 5
842 5
843 0
844 13
845 21
846 28
847 41
848 30
849 7
850 38
851 1
852 31
853 9
854 1
855 23
856 6
857 41
858 36
859 6
860 6
861 19
862 31
863 9
864 14
865 15
866 4
867 19
868 5
869 3
870 10
871 4
872 1
873 3
874 0
875 0
876 3
877 59
878 0
879 20
880 81
881 52
882 7
883 6
884 0
885 3
886 6
887 3
888 20
889 93
890 8
891 10
892 22
893 8
894 7
895 16
896 8
897 18
898 7
899 3
900 0
901 0
902 9
903 102
904 40
905 10
906 46
907 63
908 44
909 2
910 4
911 32
912 1
913 2
914 12
915 41
916 2
917 18
918 32
919 7
920 40
921 47
922 16
923 4
924 7
925 0
926 6
927 15
928 0
929 0
930 24
931 74
932 22
933 78
934 37
935 61
936 10
937 9
938 33
939 13
940 46
941 21
942 0
943 4
944 38
945 0
946 19
947 1
948 0
949 33
950 22
951 1
952 19
953 41
954 17
955 75
956 84
957 18
958 9
959 31
960 12
961 1
962 10
963 29
964 28
965 9
966 18
967 16
968 27
969 52
970 20
971 1
972 17
973 43
974 11
975 27
976 4
977 2
978 100
979 13
980 91
981 95
982 17
983 10
984 58
985 50
986 14
987 2
988 0
989 1
990 2
991 7
992 13
993 71
994 29
995 8
996 17
997 3
998 10
999 18
1000 9
1001 25
1002 41
1003 0
1004 0
1005 0
1006 0
1007 40
1008 64
1009 0
1010 11
1011 5
1012 2
1013 0
1014 0
1015 0
1016 14
1017 47
1018 6
1019 43
1020 39
1021 62
1022 37
1023 14
1024 27
1025 5
1026 29
1027 72
1028 14
1029 7
1030 5
1031 35
1032 2
1033 3
1034 12
1035 23
1036 9
1037 6
1038 60
1039 36
1040 54
1041 29
1042 1
1043 19
1044 8
1045 11
1046 30
1047 17
1048 25
1049 5
1050 6
1051 0
1052 1
1053 1
1054 2
1055 8
1056 13
1057 23
1058 33
1059 52
1060 48
1061 11
1062 0
1063 3
1064 0
1065 3
1066 2
1067 18
1068 4
1069 11
1070 0
1071 6
1072 47
1073 21
1074 42
1075 3
1076 5
1077 0
1078 25
1079 5
1080 49
1081 26
1082 8
1083 20
1084 14
1085 5
1086 0
1087 3
1088 0
1089 0
1090 40
1091 64
1092 54
1093 67
1094 34
1095 5
1096 12
1097 6
1098 13
1099 70
1100 2
1101 4
1102 6
1103 12
1104 3
1105 9
1106 76
1107 69
1108 14
1109 1
1110 136
1111 35
1112 5
1113 26
1114 46
1115 5
1116 1
1117 6
1118 6
1119 59
1120 51
1121 43
1122 5
1123 2
1124 14
1125 1
1126 14
1127 1
1128 18
1129 25
1130 0
1131 0
1132 0
1133 23
1134 10
1135 6
1136 0
1137 0
1138 0
1139 37
1140 151
1141 86
1142 37
1143 0
1144 4
1145 0
1146 11
1147 0
1148 4
1149 61
1150 92
1151 10
1152 7
1153 10
1154 22
1155 70
1156 49
1157 39
1158 7
1159 5
1160 7
1161 3
1162 19
1163 0
1164 1
1165 0
1166 15
1167 22
1168 47
1169 8
1170 0
1171 1
1172 0
1173 7
1174 0
1175 3
1176 29
1177 73
1178 7
1179 57
1180 6
1181 40
1182 27
1183 53
1184 21
1185 45
1186 26
1187 19
1188 4
1189 0
1190 0
1191 23
1192 25
1193 0
1194 6
1195 2
1196 6
1197 0
1198 17
1199 23
1200 13
1201 0
1202 0
1203 58
1204 6
1205 2
1206 13
1207 0
1208 16
1209 9
1210 41
1211 47
1212 89
1213 6
1214 22
1215 55
1216 21
1217 95
1218 36
1219 11
1220 26
1221 15
1222 7
1223 17
1224 19
1225 5
1226 15
1227 4
1228 23
1229 37
1230 17
1231 0
1232 12
1233 25
1234 25
1235 77
1236 19
1237 19
1238 33
1239 1
1240 12
1241 0
1242 3
1243 34
1244 1
1245 16
1246 10
1247 32
1248 57
1249 0
1250 7
1251 41
1252 0
1253 86
1254 144
1255 21
1256 20
1257 8
1258 0
1259 4
1260 18
1261 5
1262 19
1263 14
1264 45
1265 35
1266 27
1267 6
1268 2
1269 1
1270 2
1271 10
1272 20
1273 22
1274 122
1275 54
1276 3
1277 9
1278 0
1279 0
1280 0
1281 2
1282 0
1283 0
1284 0
1285 0
1286 34
1287 65
1288 18
1289 58
1290 48
1291 52
1292 17
1293 27
1294 382
1295 130
1296 11
1297 3
1298 19
1299 50
1300 7
1301 0
1302 14
1303 22
1304 72
1305 12
1306 9
1307 43
1308 29
1309 27
1310 7
1311 25
1312 1
1313 0
1314 0
1315 62
1316 58
1317 47
1318 73
1319 70
1320 63
1321 118
1322 71
1323 9
1324 9
1325 17
1326 3
1327 7
1328 0
1329 13
1330 5
1331 19
1332 72
1333 20
1334 4
1335 13
1336 16
1337 50
1338 32
1339 125
1340 170
1341 29
1342 9
1343 43
1344 51
1345 11
1346 9
1347 4
1348 4
1349 15
1350 71
1351 3
1352 3
1353 60
1354 8
1355 30
1356 31
1357 9
1358 10
1359 35
1360 5
1361 0
1362 0
1363 31
1364 92
1365 105
1366 25
1367 28
1368 31
1369 65
1370 48
1371 51
1372 0
1373 6
1374 1
1375 1
1376 2
1377 5
1378 17
1379 68
1380 76
1381 8
1382 11
1383 14
1384 30
1385 19
1386 43
1387 130
1388 37
1389 5
1390 49
1391 42
1392 0
1393 11
1394 6
1395 21
1396 24
1397 15
1398 0
1399 7
1400 47
1401 30
1402 25
1403 31
1404 23
1405 13
1406 12
1407 39
1408 39
1409 39
1410 40
1411 11
1412 11
1413 0
1414 5
1415 4
1416 33
1417 49
1418 29
1419 72
1420 30
1421 88
1422 21
1423 0
1424 6
1425 3
1426 7
1427 33
1428 93
1429 0
1430 78
1431 104
1432 74
1433 30
1434 35
1435 38
1436 36
1437 82
1438 0
1439 0
1440 0
1441 22
1442 136
1443 23
1444 24
1445 52
1446 76
1447 18
1448 26
1449 10
1450 0
1451 74
1452 15
1453 45
1454 29
1455 4
1456 21
1457 85
1458 1
1459 0
1460 25
1461 13
1462 8
1463 12
1464 0
1465 15
1466 20
1467 25
1468 7
1469 5
1470 3
1471 0
1472 5
1473 6
1474 0
1475 25
1476 126
1477 212
1478 81
1479 69
1480 86
1481 66
1482 19
1483 55
1484 40
1485 0
1486 11
1487 5
1488 38
1489 0
1490 147
1491 36
1492 20
1493 36
1494 48
1495 11
1496 60
1497 80
1498 8
1499 25
1500 0
1501 10
1502 21
1503 7
1504 34
1505 66
1506 10
1507 18
1508 53
1509 9
1510 22
1511 2
1512 4
1513 11
1514 88
1515 28
1516 14
1517 2
1518 0
1519 0
1520 1
1521 3
1522 5
1523 4
1524 33
1525 128
1526 83
1527 250
1528 183
1529 129
1530 53
1531 1
1532 0
1533 69
1534 7
1535 36
1536 22
1537 22
1538 46
1539 26
1540 3
1541 29
1542 8
1543 27
1544 138
1545 73
1546 95
1547 35
1548 12
1549 32
1550 60
1551 14
1552 15
1553 27
1554 15
1555 12
1556 80
1557 128
1558 13
1559 15
1560 28
1561 93
1562 52
1563 47
1564 1
1565 0
1566 26
1567 21
1568 65
1569 1
1570 0
1571 9
1572 176
1573 358
1574 118
1575 14
1576 131
1577 51
1578 33
1579 82
1580 100
1581 38
1582 39
1583 35
1584 25
1585 6
1586 1
1587 19
1588 63
1589 7
1590 120
1591 40
1592 32
1593 34
1594 34
1595 94
1596 71
1597 10
1598 3
1599 10
1600 88
1601 31
1602 83
1603 12
1604 6
1605 0
1606 3
1607 13
1608 1
1609 1
1610 2
1611 0
1612 22
1613 33
1614 18
1615 0
1616 0
1617 150
1618 123
1619 230
1620 101
1621 156
1622 122
1623 51
1624 34
1625 7
1626 104
1627 52
1628 23
1629 54
1630 37
1631 27
1632 35
1633 29
1634 0
1635 15
1636 16
1637 20
1638 26
1639 32
1640 58
1641 9
1642 0
1643 2
1644 5
1645 98
1646 175
1647 38
1648 63
1649 25
1650 20
1651 65
1652 148
1653 5
1654 19
1655 69
1656 0
1657 19
1658 30
1659 46
1660 25
1661 32
1662 28
1663 7
1664 31
1665 52
1666 36
1667 83
1668 74
1669 1
1670 17
1671 16
1672 0
1673 4
1674 0
1675 1
1676 2
1677 172
1678 127
1679 91
1680 100
1681 35
1682 50
1683 57
1684 35
1685 76
1686 37
1687 17
1688 28
1689 42
1690 15
1691 40
1692 11
1693 28
1694 41
1695 0
1696 14
1697 5
1698 8
1699 12
1700 7
1701 0
1702 8
1703 30
1704 0
1705 0
1706 5
1707 18
1708 0
1709 30
1710 153
1711 52
1712 35
1713 0
1714 23
1715 71
1716 42
1717 40
1718 12
1719 19
1720 2
1721 28
1722 7
1723 5
1724 12
1725 8
1726 20
1727 15
1728 56
1729 49
1730 4
1731 6
1732 3
1733 21
1734 10
1735 0
1736 17
1737 33
1738 56
1739 58
1740 40
1741 14
1742 53
1743 6
1744 23
1745 44
1746 21
1747 1
1748 6
1749 11
1750 15
1751 42
1752 49
1753 0
1754 4
1755 18
1756 11
1757 15
1758 23
1759 0
1760 1
1761 55
1762 16
1763 26
1764 26
1765 29
1766 13
1767 0
1768 35
1769 1
1770 6
1771 17
1772 26
1773 52
1774 24
1775 21
1776 20
1777 28
1778 50
1779 0
1780 8
1781 0
1782 32
1783 4
1784 14
1785 18
1786 4
1787 0
1788 21
1789 8
1790 29
1791 1
1792 39
1793 18
1794 3
1795 0
1796 8
1797 71
1798 66
1799 126
1800 107
1801 31
1802 40
1803 10
1804 24
1805 88
1806 86
1807 20
1808 27
1809 1
1810 35
1811 15
1812 12
1813 12
1814 10
1815 11
1816 7
1817 1
1818 14
1819 4
1820 24
1821 18
1822 15
1823 18
1824 59
1825 24
1826 9
1827 21
1828 29
1829 53
1830 4
1831 44
1832 14
1833 43
1834 6
1835 0
1836 23
1837 5
1838 20
1839 11
1840 14
1841 15
1842 8
1843 21
1844 76
1845 45
1846 15
1847 22
1848 45
1849 74
1850 7
1851 5
1852 9
1853 35
1854 10
1855 37
1856 23
1857 5
1858 53
1859 78
1860 21
1861 49
1862 46
1863 4
1864 22
1865 7
1866 22
1867 187
1868 41
1869 23
1870 6
1871 26
1872 83
1873 48
1874 12
1875 6
1876 6
1877 19
1878 19
1879 18
1880 1
1881 48
1882 66
1883 87
1884 43
1885 22
1886 7
1887 9
1888 0
1889 0
1890 40
1891 13
1892 27
1893 28
1894 119
1895 123
1896 52
1897 15
1898 11
1899 10
1900 59
1901 37
1902 0
1903 77
1904 19
1905 36
1906 27
1907 36
1908 17
1909 24
1910 28
1911 37
1912 62
1913 29
1914 6
1915 3
1916 4
1917 42
1918 17
1919 51
1920 18
1921 36
1922 8
1923 34
1924 32
1925 36
1926 5
1927 5
1928 6
1929 9
1930 19
1931 27
1932 15
1933 4
1934 13
1935 36
1936 43
1937 5
1938 5
1939 11
1940 41
1941 34
1942 89
1943 77
1944 12
1945 13
1946 14
1947 3
1948 14
1949 18
1950 14
1951 46
1952 28
1953 47
1954 30
1955 69
1956 11
1957 24
1958 33
1959 19
1960 11
1961 4
1962 1
1963 8
1964 77
1965 85
1966 8
1967 45
1968 68
1969 29
1970 16
1971 31
1972 70
1973 10
1974 18
1975 47
1976 0
1977 0
1978 5
1979 1
1980 35
1981 72
1982 27
1983 6
1984 13
1985 60
1986 28
1987 2
1988 3
1989 53
1990 26
1991 29
1992 27
1993 13
1994 28
1995 61
1996 99
1997 37
1998 17
1999 42
2000 43
2001 1
2002 0
2003 24
2004 63
2005 33
2006 15
2007 25
2008 16
2009 27
2010 30
2011 36
2012 6
2013 8
2014 41
2015 34
2016 62
2017 81
2018 6
2019 55
2020 18
2021 13
2022 13
2023 61
2024 97
2025 2
2026 18
2027 17
2028 22
2029 12
2030 30
2031 52
2032 0
2033 9
2034 39
2035 58
2036 76
2037 31
2038 24
2039 16
2040 13
2041 7
2042 14
2043 53
2044 10
2045 25
2046 0
2047 21
2048 55
2049 74
2050 0
2051 44
2052 3
2053 5
2054 32
2055 103
2056 18
2057 24
2058 17
2059 22
2060 24
2061 43
2062 27
2063 26
2064 7
2065 4
2066 48
2067 34
2068 1
2069 45
2070 14
2071 28
2072 61
2073 53
2074 22
2075 37
2076 55
2077 13
2078 0
2079 7
2080 29
2081 64
2082 52
2083 32
2084 24
2085 24
2086 42
2087 24
2088 49
2089 39
2090 28
2091 22
2092 13
2093 17
2094 31
2095 96
2096 0
2097 107
2098 59
2099 31
2100 13
2101 6
2102 1
2103 65
2104 67
2105 29
2106 2
2107 0
2108 12
2109 9
2110 0
2111 37
2112 53
2113 0
2114 23
2115 37
2116 27
2117 19
2118 63
2119 74
2120 16
2121 13
2122 4
2123 5
2124 57
2125 7
2126 38
2127 43
2128 59
2129 14
2130 25
2131 62
2132 69
2133 9
2134 0
2135 0
2136 0
2137 39
2138 73
2139 18
2140 6
2141 0
2142 1
2143 1
2144 49
2145 56
2146 21
2147 11
2148 71
2149 34
2150 88
2151 12
2152 48
2153 67
2154 42
2155 15
2156 4
2157 5
2158 4
2159 23
2160 69
2161 65
2162 0
2163 2
2164 11
2165 48
2166 27
2167 23
2168 12
2169 34
2170 10
2171 5
2172 40
2173 27
2174 1
2175 16
2176 0
2177 40
2178 6
2179 9
2180 7
2181 21
2182 12
2183 21
2184 9
2185 0
2186 0
2187 40
2188 18
2189 14
2190 41
2191 32
2192 14
2193 49
2194 3
2195 1
2196 0
2197 8
2198 3
2199 23
2200 14
2201 25
2202 33
2203 50
2204 9
2205 51
2206 55
2207 13
2208 1
2209 23
2210 16
2211 43
2212 77
2213 65
2214 11
2215 14
2216 2
2217 5
2218 3
2219 8
2220 30
2221 1
2222 1
2223 16
2224 34
2225 6
2226 6
2227 55
2228 37
2229 42
2230 50
2231 8
2232 20
2233 0
2234 0
2235 6
2236 3
2237 16
2238 6
2239 0
2240 0
2241 5
2242 1
2243 61
2244 0
2245 0
2246 10
2247 42
2248 82
2249 12
2250 59
2251 0
2252 10
2253 20
2254 61
2255 30
2256 32
2257 10
2258 2
2259 5
2260 50
2261 9
2262 4
2263 1
2264 1
2265 16
2266 82
2267 0
2268 53
2269 70
2270 73
2271 44
2272 0
2273 7
2274 88
2275 64
2276 29
2277 74
2278 18
2279 6
2280 4
2281 49
2282 74
2283 7
2284 0
2285 6
2286 35
2287 7
2288 13
2289 13
2290 65
2291 92
2292 7
2293 2
2294 61
2295 56
2296 14
2297 30
2298 22
2299 2
2300 26
2301 43
2302 21
2303 1
2304 11
2305 4
2306 6
2307 20
2308 61
2309 22
2310 17
2311 20
2312 14
2313 16
2314 28
2315 18
2316 73
2317 32
2318 0
2319 10
2320 55
2321 39
2322 28
2323 0
2324 1
2325 6
2326 65
2327 105
2328 22
2329 4
2330 8
2331 4
2332 11
2333 12
2334 107
2335 124
2336 15
2337 3
2338 18
2339 34
2340 32
2341 10
2342 0
2343 0
2344 25
2345 44
2346 23
2347 37
2348 5
2349 24
2350 31
2351 45
2352 42
2353 72
2354 42
2355 8
2356 30
2357 11
2358 4
2359 0
2360 1
2361 0
2362 1
2363 64
2364 56
2365 0
2366 51
2367 42
2368 7
2369 28
2370 44
2371 33
2372 26
2373 16
2374 1
2375 32
2376 49
2377 0
2378 0
2379 6
2380 9
2381 2
2382 58
2383 31
2384 18
2385 79
2386 21
2387 54
2388 100
2389 58
2390 35
2391 66
2392 7
2393 7
2394 55
2395 23
2396 8
2397 0
2398 58
2399 0
2400 6
2401 34
2402 133
2403 7
2404 20
2405 43
2406 64
2407 42
2408 25
2409 32
2410 23
2411 47
2412 32
2413 4
2414 0
2415 16
2416 4
2417 12
2418 1
2419 45
2420 69
2421 50
2422 111
2423 16
2424 30
2425 37
2426 49
2427 62
2428 81
2429 16
2430 0
2431 17
2432 41
2433 0
2434 7
2435 20
2436 22
2437 11
2438 76
2439 7
2440 32
2441 65
2442 62
2443 27
2444 28
2445 32
2446 4
2447 0
2448 0
2449 32
2450 3
2451 7
2452 5
2453 4
2454 22
2455 23
2456 29
2457 31
2458 4
2459 21
2460 5
2461 2
2462 0
2463 2
2464 19
2465 119
2466 18
2467 0
2468 11
2469 9
2470 0
2471 12
2472 10
2473 3
2474 0
2475 0
2476 0
2477 5
2478 31
2479 1
2480 9
2481 14
2482 5
2483 14
2484 20
2485 30
2486 11
2487 41
2488 4
2489 9
2490 1
2491 0
2492 0
2493 0
2494 14
2495 28
2496 7
2497 14
2498 3
2499 19
2500 10
2501 7
2502 11
2503 57
2504 2
2505 0
2506 3
2507 1
2508 0
2509 8
2510 7
2511 9
2512 9
2513 15
2514 0
2515 0
2516 3
2517 0
2518 0
2519 1
2520 6
2521 4
2522 7
2523 17
2524 1
2525 0
2526 27
2527 12
2528 0
2529 5
2530 9
2531 0
2532 2
2533 1
2534 49
2535 53
2536 6
2537 0
2538 28
2539 5
2540 0
2541 3
2542 62
2543 14
2544 20
2545 52
2546 5
2547 3
2548 16
2549 6
2550 4
2551 1
2552 24
2553 36
2554 13
2555 0
2556 0
2557 2
2558 0
2559 7
2560 30
2561 27
2562 5
2563 18
2564 5
2565 7
2566 11
2567 5
2568 4
2569 3
2570 5
2571 4
2572 0
2573 12
2574 0
2575 20
2576 0
2577 0
2578 1
2579 0
2580 0
2581 0
2582 0
2583 0
2584 0
2585 0
2586 0
2587 0
2588 0
2589 0
2590 0
2591 0
2592 0
2593 0
2594 0
2595 0
2596 0
2597 0
2598 0
