0 959
1 15
2 92
3 29
4 269
5 630
6 27
7 32
8 19
9 60
10 248
11 794
12 139
13 540
14 1401
15 597
16 970
17 215
18 98
19 2456
20 22
21 339
22 170
23 1557
24 6
25 564
26 55
27 72
28 47
29 171
30 30
31 100
32 19
33 563
34 98
35 898
36 83
37 253
38 149
39 178
40 319
41 85
42 127
43 97
44 1190
45 26
46 79
47 58
48 116
49 1055
50 571
51 116
52 975
53 1010
54 871
55 93
56 158
57 622
58 976
59 86
60 211
61 1189
62 920
63 108
64 182
65 2433
66 248
67 815
68 406
69 40
70 187
71 187
72 55
73 44
74 920
75 1597
76 85
77 699
78 1687
79 1524
80 156
81 42
82 652
83 341
84 121
85 40
86 727
87 2317
88 1959
89 63
90 60
91 72
92 138
93 674
94 204
95 12
96 194
97 1030
98 277
99 1244
100 27
101 97
102 814
103 903
104 159
105 355
106 1257
107 361
108 1081
109 942
110 61
111 408
112 501
113 176
114 739
115 349
116 1163
117 163
118 108
119 531
120 28
121 493
122 2012
123 553
124 219
125 58
126 151
127 220
128 302
129 507
130 210
131 520
132 119
133 2
134 80
135 1694
136 901
137 4146
138 237
139 279
140 1404
141 1282
142 192
143 225
144 24
145 66
146 1053
147 277
148 1409
149 854
150 359
151 0
152 20
153 404
154 318
155 535
156 230
157 384
158 3712
159 520
160 213
161 260
162 21
163 618
164 591
165 933
166 1258
167 730
168 356
169 244
170 1746
171 996
172 379
173 271
174 1474
175 2857
176 1739
177 242
178 533
179 22
180 1705
181 133
182 4053
183 1982
184 839
185 660
186 3208
187 2938
188 1477
189 202
190 307
191 15
192 36
193 98
194 46
195 20
196 1568
197 940
198 136
199 1252
200 977
201 877
202 332
203 1566
204 1067
205 2204
206 3461
207 861
208 480
209 28
210 2498
211 74
212 352
213 746
214 9
215 1896
216 122
217 489
218 615
219 2771
220 639
221 2067
222 1995
223 1780
224 3267
225 1715
226 1593
227 283
228 26
229 313
230 84
231 40
232 1
233 213
234 2
235 260
236 3
237 31
238 926
239 3779
240 131
241 3662
242 2124
243 343
244 2380
245 556
246 967
247 37
248 598
249 401
250 338
251 97
252 203
253 2
254 112
255 368
256 5692
257 1909
258 343
259 46
260 7
261 6
262 140
263 981
264 154
265 369
266 103
267 296
268 152
269 18
270 605
271 1428
272 361
273 0
274 151
275 153
276 174
277 89
278 299
279 979
280 101
281 42
282 495
283 3605
284 111
285 116
286 417
287 304
288 338
289 191
290 2917
291 693
292 4232
293 1475
294 73
295 785
296 1183
297 456
298 603
299 312
300 760
301 574
302 885
303 717
304 3612
305 1153
306 905
307 1875
308 8
309 1023
310 755
311 1025
312 1409
313 231
314 214
315 1322
316 1167
317 1485
318 3070
319 132
320 478
321 649
322 196
323 264
324 32
325 75
326 289
327 139
328 54
329 27
330 141
331 758
332 236
333 1715
334 2031
335 1808
336 191
337 798
338 2569
339 1548
340 20
341 86
342 150
343 40
344 150
345 71
346 495
347 119
348 1580
349 500
350 759
351 3129
352 520
353 103
354 11
355 60
356 54
357 806
358 27
359 880
360 969
361 2582
362 3476
363 112
364 4
365 16
366 294
367 523
368 1153
369 1305
370 462
371 339
372 300
373 480
374 221
375 295
376 744
377 51
378 170
379 783
380 869
381 21
382 729
383 61
384 656
385 1182
386 17
387 32
388 978
389 1348
390 2079
391 1351
392 2218
393 62
394 1273
395 539
396 2390
397 763
398 6
399 1609
400 95
401 736
402 382
403 405
404 1148
405 894
406 2165
407 1669
408 482
409 41
410 201
411 423
412 706
413 3143
414 1952
415 125
416 334
417 728
418 104
419 495
420 220
421 114
422 1356
423 1265
424 1727
425 770
426 558
427 239
428 1118
429 59
430 2474
431 151
432 217
433 432
434 69
435 147
436 2014
437 3030
438 3921
439 1504
440 2319
441 1996
442 855
443 3209
444 546
445 528
446 350
447 91
448 1470
449 540
450 1097
451 714
452 1102
453 1990
454 2206
455 325
456 1340
457 2848
458 1754
459 16
460 79
461 2032
462 1570
463 1006
464 993
465 734
466 158
467 1571
468 1045
469 2146
470 2587
471 2803
472 1761
473 1051
474 1963
475 633
476 146
477 258
478 102
479 351
480 218
481 390
482 544
483 112
484 1596
485 550
486 811
487 1276
488 491
489 2279
490 582
491 462
492 2262
493 4132
494 396
495 905
496 545
497 270
498 2436
499 740
500 727
501 692
502 530
503 238
504 106
505 721
506 1238
507 168
508 145
509 3496
510 289
511 447
512 1528
513 2716
514 1037
515 1618
516 852
517 656
518 34
519 639
520 2759
521 2228
522 110
523 471
524 561
525 79
526 56
527 242
528 942
529 243
530 173
531 302
532 2069
533 1887
534 223
535 1564
536 1628
537 274
538 250
539 1261
540 217
541 405
542 185
543 1552
544 1665
545 94
546 871
547 13
548 1219
549 80
550 624
551 165
552 1738
553 1741
554 2545
555 2328
556 422
557 261
558 622
559 1146
560 350
561 949
562 408
563 51
564 48
565 37
566 0
567 304
568 163
569 65
570 244
571 1137
572 686
573 471
574 167
575 1295
576 411
577 602
578 704
579 443
580 160
581 54
582 141
583 617
584 1066
585 883
586 701
587 225
588 1534
589 3285
590 97
591 54
592 726
593 75
594 97
595 304
596 264
597 153
598 1838
599 2619
600 1694
601 3725
602 734
603 578
604 414
605 247
606 829
607 817
608 1515
609 446
610 1123
611 571
612 1771
613 1143
614 2798
615 1945
616 1683
617 42
618 169
619 103
620 266
621 29
622 576
623 288
624 369
625 2247
626 1079
627 2717
628 1834
629 1396
630 2274
631 348
632 582
633 451
634 686
635 392
636 1013
637 67
638 519
639 1116
640 171
641 1002
642 967
643 2519
644 523
645 1917
646 1067
647 136
648 136
649 21
650 3
651 732
652 1026
653 497
654 498
655 609
656 387
657 164
658 1979
659 1397
660 120
661 920
662 114
663 1298
664 253
665 141
666 1066
667 906
668 78
669 457
670 824
671 1921
672 236
673 139
674 288
675 62
676 1350
677 1773
678 1325
679 756
680 2126
681 1745
682 87
683 451
684 266
685 868
686 175
687 24
688 38
689 521
690 2072
691 1292
692 788
693 34
694 234
695 324
696 313
697 220
698 166
699 780
700 471
701 527
702 906
703 91
704 242
705 1620
706 2408
707 947
708 117
709 1069
710 76
711 13
712 222
713 174
714 0
715 173
716 833
717 3150
718 1441
719 1230
720 2925
721 637
722 397
723 35
724 555
725 327
726 705
727 497
728 464
729 1135
730 655
731 1648
732 288
733 668
734 912
735 380
736 1129
737 817
738 1984
739 2196
740 708
741 519
742 47
743 363
744 1478
745 56
746 25
747 15
748 1263
749 557
750 3417
751 151
752 1505
753 414
754 1177
755 114
756 584
757 301
758 508
759 1888
760 946
761 297
762 843
763 321
764 2414
765 736
766 773
767 697
768 44
769 427
770 2358
771 348
772 162
773 0
774 594
775 953
776 546
777 567
778 555
779 80
780 19
781 180
782 541
783 309
784 777
785 378
786 1386
787 943
788 228
789 1911
790 235
791 261
792 544
793 1152
794 1075
795 0
796 1130
797 1417
798 673
799 394
800 179
801 8
802 375
803 21
804 73
805 67
806 2187
807 867
808 582
809 1481
810 879
811 225
812 645
813 727
814 201
815 75
816 0
817 1
818 380
819 1681
820 1806
821 1827
822 804
823 995
824 208
825 739
826 295
827 1373
828 895
829 481
830 373
831 656
832 884
833 1149
834 1213
835 541
836 788
837 334
838 327
839 119
840 22
841 184
842 122
843 0
844 460
845 869
846 836
847 1428
848 844
849 226
850 1178
851 48
852 1105
853 232
854 97
855 732
856 264
857 1442
858 1273
859 259
860 278
861 596
862 1236
863 316
864 547
865 755
866 209
867 689
868 214
869 195
870 316
871 115
872 34
873 132
874 4
875 19
876 182
877 2151
878 855
879 632
880 2755
881 1786
882 260
883 213
884 1059
885 113
886 228
887 199
888 616
889 3229
890 309
891 283
892 759
893 298
894 290
895 639
896 313
897 710
898 214
899 152
900 0
901 34
902 262
903 3640
904 1677
905 362
906 1491
907 2115
908 1567
909 72
910 173
911 1146
912 54
913 74
914 482
915 1394
916 97
917 544
918 1338
919 380
920 1306
921 1715
922 549
923 120
924 303
925 66
926 241
927 635
928 0
929 51
930 853
931 2565
932 931
933 2786
934 1195
935 2007
936 347
937 227
938 1176
939 418
940 1782
941 659
942 2
943 141
944 1491
945 1924
946 654
947 57
948 26
949 1317
950 868
951 83
952 714
953 1541
954 707
955 2676
956 2927
957 593
958 380
959 1007
960 528
961 97
962 349
963 931
964 1031
965 264
966 832
967 668
968 754
969 1967
970 778
971 34
972 704
973 1505
974 512
975 821
976 172
977 103
978 3636
979 519
980 3025
981 3207
982 602
983 312
984 1904
985 1675
986 455
987 141
988 4
989 39
990 85
991 300
992 383
993 2325
994 1231
995 337
996 616
997 214
998 345
999 685
1000 334
1001 813
1002 1462
1003 24
1004 14
1005 36
1006 20
1007 1304
1008 2362
1009 15
1010 386
1011 195
1012 145
1013 0
1014 14
1015 43
1016 625
1017 1894
1018 179
1019 1550
1020 1257
1021 2183
1022 1383
1023 546
1024 796
1025 276
1026 939
1027 2733
1028 557
1029 190
1030 222
1031 1388
1032 47
1033 122
1034 410
1035 815
1036 407
1037 222
1038 2183
1039 1188
1040 1891
1041 1083
1042 74
1043 637
1044 305
1045 479
1046 925
1047 738
1048 962
1049 135
1050 148
1051 17
1052 39
1053 40
1054 93
1055 370
1056 453
1057 774
1058 1194
1059 1922
1060 1962
1061 441
1062 5
1063 115
1064 0
1065 150
1066 108
1067 483
1068 185
1069 502
1070 476
1071 248
1072 1793
1073 672
1074 1361
1075 148
1076 190
1077 19
1078 790
1079 152
1080 1510
1081 851
1082 326
1083 668
1084 613
1085 225
1086 35
1087 147
1088 36
1089 55
1090 1507
1091 2247
1092 1752
1093 2445
1094 1200
1095 219
1096 413
1097 143
1098 521
1099 2650
1100 81
1101 172
1102 251
1103 436
1104 131
1105 247
1106 2652
1107 2600
1108 457
1109 33
1110 5162
1111 1340
1112 159
1113 900
1114 1784
1115 148
1116 34
1117 224
1118 233
1119 1927
1120 1792
1121 1502
1122 228
1123 92
1124 433
1125 81
1126 477
1127 19
1128 634
1129 1008
1130 46
1131 38
1132 12
1133 728
1134 463
1135 269
1136 11
1137 7
1138 23
1139 1221
1140 5333
1141 3147
1142 1232
1143 28
1144 185
1145 9
1146 352
1147 8
1148 92
1149 1976
1150 3145
1151 250
1152 350
1153 409
1154 752
1155 2475
1156 1662
1157 1230
1158 314
1159 136
1160 352
1161 121
1162 661
1163 8
1164 64
1165 20
1166 567
1167 762
1168 1721
1169 260
1170 1761
1171 26
1172 29
1173 284
1174 85
1175 132
1176 1212
1177 2599
1178 341
1179 2078
1180 195
1181 1405
1182 1044
1183 1994
1184 784
1185 1655
1186 925
1187 647
1188 99
1189 43
1190 35
1191 815
1192 849
1193 42
1194 202
1195 82
1196 223
1197 76
1198 687
1199 721
1200 402
1201 55
1202 33
1203 2090
1204 163
1205 73
1206 376
1207 73
1208 588
1209 353
1210 1440
1211 1370
1212 3158
1213 219
1214 790
1215 1707
1216 689
1217 3077
1218 1488
1219 306
1220 1018
1221 529
1222 239
1223 733
1224 609
1225 214
1226 483
1227 173
1228 747
1229 1374
1230 504
1231 84
1232 433
1233 750
1234 914
1235 2794
1236 580
1237 678
1238 1086
1239 39
1240 368
1241 11
1242 106
1243 1076
1244 59
1245 570
1246 337
1247 1017
1248 2337
1249 3429
1250 249
1251 1521
1252 2377
1253 3199
1254 5130
1255 732
1256 550
1257 220
1258 1446
1259 168
1260 551
1261 189
1262 593
1263 671
1264 1674
1265 1317
1266 784
1267 246
1268 69
1269 76
1270 127
1271 346
1272 683
1273 672
1274 4266
1275 1939
1276 178
1277 359
1278 397
1279 554
1280 58
1281 77
1282 52
1283 37
1284 22
1285 15
1286 1116
1287 2185
1288 688
1289 1858
1290 1648
1291 1649
1292 785
1293 912
1294 13066
1295 4691
1296 496
1297 125
1298 578
1299 1517
1300 241
1301 18
1302 399
1303 855
1304 2366
1305 499
1306 274
1307 1465
1308 1106
1309 981
1310 193
1311 798
1312 29
1313 30
1314 29
1315 2141
1316 1822
1317 2029
1318 2530
1319 2409
1320 2270
1321 4220
1322 2435
1323 339
1324 291
1325 661
1326 161
1327 300
1328 21
1329 513
1330 248
1331 659
1332 2629
1333 737
1334 182
1335 610
1336 540
1337 1713
1338 1375
1339 4582
1340 6056
1341 948
1342 388
1343 1466
1344 1891
1345 366
1346 272
1347 240
1348 177
1349 437
1350 2288
1351 208
1352 81
1353 2155
1354 260
1355 1132
1356 1058
1357 293
1358 383
1359 1231
1360 166
1361 21
1362 35
1363 906
1364 3260
1365 3799
1366 756
1367 1051
1368 1151
1369 2505
1370 1726
1371 1742
1372 14
1373 265
1374 40
1375 47
1376 127
1377 211
1378 622
1379 2566
1380 2682
1381 322
1382 404
1383 505
1384 1133
1385 575
1386 1698
1387 4518
1388 1304
1389 240
1390 1633
1391 1350
1392 316
1393 366
1394 188
1395 747
1396 717
1397 601
1398 15
1399 235
1400 1611
1401 1069
1402 846
1403 1161
1404 972
1405 374
1406 446
1407 1266
1408 1223
1409 1506
1410 1270
1411 521
1412 499
1413 0
1414 266
1415 143
1416 1142
1417 1634
1418 1103
1419 2518
1420 1213
1421 3036
1422 812
1423 62
1424 306
1425 64
1426 298
1427 1134
1428 3351
1429 4636
1430 2804
1431 3758
1432 2725
1433 1098
1434 1304
1435 1606
1436 1151
1437 2845
1438 73
1439 21
1440 731
1441 733
1442 4336
1443 747
1444 764
1445 1658
1446 2465
1447 568
1448 737
1449 383
1450 335
1451 2775
1452 513
1453 1639
1454 1034
1455 164
1456 745
1457 2892
1458 89
1459 2955
1460 899
1461 504
1462 242
1463 532
1464 29
1465 511
1466 790
1467 740
1468 207
1469 197
1470 84
1471 18
1472 138
1473 160
1474 189
1475 885
1476 4205
1477 7642
1478 3024
1479 2374
1480 3130
1481 2630
1482 531
1483 1950
1484 1403
1485 38
1486 458
1487 157
1488 1338
1489 1139
1490 4927
1491 1230
1492 649
1493 1327
1494 1439
1495 371
1496 2296
1497 2832
1498 377
1499 987
1500 1716
1501 536
1502 705
1503 346
1504 1187
1505 2244
1506 360
1507 788
1508 1934
1509 448
1510 779
1511 114
1512 173
1513 418
1514 2971
1515 969
1516 604
1517 84
1518 8
1519 6
1520 33
1521 109
1522 155
1523 132
1524 1139
1525 4213
1526 3008
1527 8706
1528 6549
1529 4455
1530 1525
1531 79
1532 699
1533 2341
1534 201
1535 1321
1536 842
1537 784
1538 1581
1539 1024
1540 63
1541 1258
1542 273
1543 855
1544 4763
1545 2570
1546 3086
1547 1524
1548 411
1549 1034
1550 2137
1551 545
1552 468
1553 873
1554 463
1555 608
1556 2589
1557 4855
1558 530
1559 569
1560 1024
1561 2971
1562 1957
1563 1817
1564 47
1565 144
1566 790
1567 852
1568 2264
1569 47
1570 100
1571 456
1572 6316
1573 12198
1574 4181
1575 393
1576 4120
1577 1823
1578 1231
1579 2705
1580 3457
1581 1251
1582 1579
1583 1224
1584 927
1585 203
1586 46
1587 670
1588 2138
1589 263
1590 4190
1591 1426
1592 1013
1593 1001
1594 1085
1595 3306
1596 2351
1597 305
1598 112
1599 368
1600 2938
1601 1012
1602 3048
1603 434
1604 228
1605 34
1606 163
1607 488
1608 18
1609 30
1610 59
1611 19
1612 997
1613 1042
1614 650
1615 105
1616 1538
1617 5266
1618 4235
1619 7600
1620 3385
1621 5499
1622 4630
1623 1767
1624 1232
1625 187
1626 3619
1627 1945
1628 857
1629 2038
1630 1196
1631 1044
1632 1199
1633 968
1634 1689
1635 539
1636 540
1637 853
1638 991
1639 1107
1640 1946
1641 465
1642 42
1643 131
1644 191
1645 3470
1646 6082
1647 1172
1648 2103
1649 942
1650 648
1651 2114
1652 5144
1653 191
1654 787
1655 2368
1656 2537
1657 686
1658 1044
1659 1645
1660 802
1661 1095
1662 1102
1663 292
1664 1131
1665 1746
1666 1201
1667 2743
1668 2505
1669 52
1670 564
1671 657
1672 22
1673 177
1674 32
1675 84
1676 76
1677 6061
1678 3924
1679 3250
1680 3555
1681 1271
1682 1964
1683 1912
1684 1074
1685 2351
1686 1457
1687 655
1688 858
1689 1339
1690 544
1691 1425
1692 359
1693 888
1694 1442
1695 138
1696 619
1697 155
1698 320
1699 410
1700 206
1701 2982
1702 336
1703 974
1704 10
1705 43
1706 228
1707 736
1708 60
1709 1100
1710 5618
1711 1749
1712 1022
1713 871
1714 835
1715 2456
1716 1652
1717 1206
1718 394
1719 776
1720 109
1721 889
1722 221
1723 210
1724 399
1725 296
1726 843
1727 617
1728 1992
1729 1634
1730 114
1731 256
1732 87
1733 746
1734 337
1735 70
1736 520
1737 1214
1738 2132
1739 2010
1740 1396
1741 446
1742 1777
1743 209
1744 852
1745 1396
1746 671
1747 59
1748 153
1749 269
1750 497
1751 1289
1752 1929
1753 197
1754 113
1755 668
1756 375
1757 540
1758 796
1759 65
1760 47
1761 1990
1762 598
1763 924
1764 1003
1765 1004
1766 613
1767 2159
1768 1185
1769 46
1770 214
1771 560
1772 1076
1773 2058
1774 903
1775 653
1776 779
1777 1036
1778 1908
1779 44
1780 318
1781 12
1782 1051
1783 94
1784 350
1785 563
1786 96
1787 1447
1788 679
1789 332
1790 944
1791 66
1792 1427
1793 599
1794 110
1795 5
1796 302
1797 2358
1798 2259
1799 4381
1800 3621
1801 1093
1802 1316
1803 354
1804 765
1805 3388
1806 3303
1807 822
1808 961
1809 40
1810 1164
1811 593
1812 447
1813 470
1814 376
1815 515
1816 278
1817 66
1818 524
1819 161
1820 1023
1821 689
1822 518
1823 694
1824 2488
1825 870
1826 243
1827 862
1828 1154
1829 1932
1830 174
1831 1595
1832 401
1833 1491
1834 314
1835 1997
1836 832
1837 189
1838 718
1839 383
1840 621
1841 571
1842 267
1843 737
1844 2575
1845 1816
1846 551
1847 686
1848 1641
1849 2742
1850 382
1851 233
1852 333
1853 1031
1854 449
1855 1327
1856 822
1857 311
1858 2077
1859 2516
1860 739
1861 1677
1862 1645
1863 83
1864 760
1865 243
1866 746
1867 6621
1868 1538
1869 881
1870 217
1871 885
1872 3001
1873 1577
1874 475
1875 193
1876 207
1877 724
1878 809
1879 603
1880 84
1881 1565
1882 2605
1883 3068
1884 1520
1885 662
1886 255
1887 294
1888 62
1889 1368
1890 1506
1891 467
1892 882
1893 979
1894 4279
1895 4482
1896 1859
1897 501
1898 418
1899 378
1900 1979
1901 1246
1902 256
1903 2675
1904 876
1905 1241
1906 962
1907 1280
1908 742
1909 832
1910 755
1911 1087
1912 2235
1913 1182
1914 230
1915 81
1916 164
1917 1366
1918 640
1919 1526
1920 596
1921 1157
1922 282
1923 1235
1924 1100
1925 1234
1926 245
1927 245
1928 270
1929 307
1930 642
1931 1064
1932 398
1933 157
1934 483
1935 1234
1936 1533
1937 210
1938 196
1939 383
1940 1542
1941 1241
1942 3144
1943 2509
1944 406
1945 517
1946 598
1947 91
1948 643
1949 498
1950 421
1951 1558
1952 904
1953 1597
1954 815
1955 2400
1956 365
1957 827
1958 1235
1959 746
1960 500
1961 158
1962 41
1963 256
1964 2516
1965 2816
1966 273
1967 1542
1968 2457
1969 1138
1970 589
1971 1088
1972 2331
1973 313
1974 608
1975 1405
1976 570
1977 13
1978 113
1979 86
1980 1379
1981 2422
1982 1002
1983 292
1984 482
1985 2248
1986 1049
1987 131
1988 185
1989 1699
1990 825
1991 1124
1992 894
1993 422
1994 981
1995 2236
1996 3448
1997 1310
1998 626
1999 1485
2000 1463
2001 65
2002 255
2003 786
2004 2213
2005 1132
2006 575
2007 871
2008 643
2009 932
2010 1065
2011 1276
2012 263
2013 255
2014 1509
2015 1198
2016 2183
2017 2749
2018 243
2019 2018
2020 702
2021 607
2022 463
2023 2137
2024 3077
2025 72
2026 699
2027 749
2028 746
2029 388
2030 1295
2031 1917
2032 1241
2033 405
2034 1182
2035 1744
2036 2608
2037 941
2038 789
2039 616
2040 402
2041 311
2042 531
2043 1864
2044 391
2045 758
2046 736
2047 797
2048 2177
2049 2641
2050 1637
2051 1675
2052 145
2053 164
2054 1145
2055 3589
2056 515
2057 744
2058 702
2059 824
2060 732
2061 1593
2062 1142
2063 906
2064 254
2065 178
2066 1688
2067 1139
2068 69
2069 1720
2070 464
2071 933
2072 2157
2073 1860
2074 884
2075 1307
2076 1950
2077 511
2078 39
2079 243
2080 1206
2081 2409
2082 1655
2083 1241
2084 820
2085 554
2086 1410
2087 1046
2088 1633
2089 1317
2090 939
2091 613
2092 514
2093 637
2094 1061
2095 3496
2096 993
2097 3968
2098 1850
2099 1060
2100 475
2101 226
2102 60
2103 2729
2104 2454
2105 1102
2106 42
2107 54
2108 440
2109 328
2110 1873
2111 1242
2112 1992
2113 1074
2114 756
2115 1289
2116 863
2117 750
2118 2410
2119 2431
2120 486
2121 431
2122 153
2123 184
2124 2096
2125 260
2126 1250
2127 1333
2128 2002
2129 669
2130 950
2131 2232
2132 2617
2133 319
2134 15
2135 231
2136 74
2137 1367
2138 2772
2139 678
2140 269
2141 34
2142 38
2143 65
2144 1744
2145 1911
2146 735
2147 366
2148 2609
2149 1201
2150 2842
2151 401
2152 1782
2153 2164
2154 1714
2155 543
2156 120
2157 215
2158 136
2159 863
2160 2292
2161 2276
2162 9
2163 109
2164 412
2165 1770
2166 946
2167 734
2168 406
2169 1084
2170 365
2171 200
2172 1447
2173 947
2174 90
2175 590
2176 54
2177 1076
2178 200
2179 473
2180 260
2181 625
2182 440
2183 793
2184 272
2185 5
2186 30
2187 1371
2188 606
2189 426
2190 1635
2191 1224
2192 492
2193 1705
2194 287
2195 76
2196 40
2197 265
2198 166
2199 834
2200 487
2201 897
2202 1189
2203 1684
2204 286
2205 1841
2206 1803
2207 497
2208 76
2209 856
2210 736
2211 1475
2212 2703
2213 2236
2214 378
2215 527
2216 91
2217 218
2218 118
2219 257
2220 933
2221 35
2222 46
2223 521
2224 1171
2225 258
2226 195
2227 1739
2228 1548
2229 1365
2230 1601
2231 175
2232 618
2233 833
2234 66
2235 230
2236 91
2237 604
2238 208
2239 49
2240 5
2241 150
2242 80
2243 2010
2244 1000
2245 179
2246 364
2247 1586
2248 2790
2249 378
2250 2131
2251 1029
2252 286
2253 761
2254 2222
2255 1049
2256 1599
2257 411
2258 67
2259 240
2260 1578
2261 273
2262 118
2263 53
2264 53
2265 574
2266 2914
2267 2169
2268 1926
2269 2482
2270 2578
2271 1422
2272 79
2273 314
2274 3131
2275 2284
2276 1110
2277 2433
2278 663
2279 160
2280 124
2281 1958
2282 2633
2283 261
2284 0
2285 244
2286 1415
2287 348
2288 503
2289 513
2290 2159
2291 3111
2292 267
2293 47
2294 2381
2295 2013
2296 535
2297 1104
2298 625
2299 81
2300 1047
2301 1592
2302 838
2303 29
2304 481
2305 132
2306 300
2307 819
2308 2396
2309 770
2310 738
2311 735
2312 552
2313 537
2314 1096
2315 561
2316 2794
2317 868
2318 19
2319 360
2320 1995
2321 1194
2322 1009
2323 0
2324 17
2325 251
2326 2342
2327 3737
2328 679
2329 175
2330 260
2331 101
2332 501
2333 508
2334 3613
2335 4589
2336 535
2337 125
2338 524
2339 1254
2340 1045
2341 282
2342 17
2343 0
2344 829
2345 1653
2346 868
2347 1355
2348 194
2349 786
2350 997
2351 1733
2352 1495
2353 2539
2354 1427
2355 313
2356 1062
2357 393
2358 132
2359 8
2360 49
2361 21
2362 43
2363 2299
2364 2070
2365 283
2366 1678
2367 1340
2368 382
2369 886
2370 1575
2371 1083
2372 862
2373 548
2374 76
2375 1121
2376 1680
2377 47
2378 33
2379 209
2380 351
2381 110
2382 2090
2383 1202
2384 757
2385 2835
2386 766
2387 2043
2388 3467
2389 1855
2390 1294
2391 2459
2392 327
2393 303
2394 2180
2395 767
2396 282
2397 68
2398 1893
2399 60
2400 205
2401 1249
2402 4615
2403 344
2404 621
2405 1615
2406 2068
2407 1438
2408 827
2409 1170
2410 747
2411 1702
2412 1090
2413 258
2414 12
2415 551
2416 145
2417 300
2418 79
2419 1255
2420 2272
2421 2054
2422 4359
2423 588
2424 1085
2425 1318
2426 1796
2427 2255
2428 2714
2429 517
2430 38
2431 552
2432 1461
2433 10
2434 230
2435 680
2436 802
2437 427
2438 2754
2439 282
2440 962
2441 2239
2442 2137
2443 933
2444 1083
2445 1077
2446 182
2447 18
2448 21
2449 1043
2450 97
2451 294
2452 149
2453 106
2454 795
2455 764
2456 1178
2457 1003
2458 215
2459 708
2460 138
2461 101
2462 15
2463 107
2464 709
2465 4134
2466 588
2467 22
2468 277
2469 329
2470 731
2471 489
2472 462
2473 118
2474 45
2475 40
2476 0
2477 226
2478 1005
2479 96
2480 357
2481 524
2482 161
2483 463
2484 712
2485 1080
2486 509
2487 1539
2488 253
2489 371
2490 74
2491 39
2492 13
2493 33
2494 434
2495 903
2496 334
2497 615
2498 158
2499 676
2500 373
2501 286
2502 435
2503 1973
2504 76
2505 23
2506 116
2507 32
2508 46
2509 360
2510 215
2511 315
2512 279
2513 524
2514 0
2515 7
2516 145
2517 8
2518 0
2519 43
2520 274
2521 157
2522 251
2523 667
2524 37
2525 25
2526 1007
2527 455
2528 2
2529 226
2530 292
2531 168
2532 69
2533 50
2534 1643
2535 1981
2536 312
2537 574
2538 835
2539 126
2540 11
2541 167
2542 2412
2543 575
2544 782
2545 1868
2546 181
2547 85
2548 558
2549 286
2550 164
2551 96
2552 684
2553 1236
2554 457
2555 14
2556 27
2557 136
2558 367
2559 342
2560 1079
2561 901
2562 252
2563 702
2564 179
2565 192
2566 425
2567 220
2568 194
2569 71
2570 250
2571 166
2572 3
2573 363
2574 31
2575 895
2576 47
2577 64
2578 87
2579 38
2580 0
2581 7
2582 0
2583 0
2584 0
2585 0
2586 0
2587 0
2588 2
2589 0
2590 0
2591 0
2592 0
2593 0
2594 0
2595 0
2596 0
2597 0
2598 12
