0 28
1 0
2 1
3 0
4 11
5 19
6 0
7 0
8 0
9 1
10 5
11 28
12 1
13 17
14 49
15 11
16 34
17 3
18 1
19 78
20 0
21 12
22 4
23 40
24 0
25 13
26 0
27 0
28 0
29 1
30 0
31 1
32 0
33 19
34 0
35 26
36 0
37 3
38 1
39 3
40 7
41 0
42 1
43 0
44 31
45 0
46 1
47 0
48 2
49 32
50 19
51 6
52 26
53 30
54 30
55 0
56 3
57 16
58 36
59 0
60 6
61 36
62 27
63 2
64 3
65 64
66 8
67 29
68 11
69 0
70 3
71 3
72 0
73 0
74 32
75 54
76 1
77 18
78 49
79 47
80 3
81 0
82 19
83 7
84 3
85 0
86 16
87 77
88 63
89 2
90 0
91 0
92 3
93 21
94 8
95 0
96 4
97 23
98 5
99 38
100 0
101 0
102 26
103 27
104 1
105 10
106 27
107 8
108 25
109 30
110 0
111 10
112 18
113 3
114 19
115 8
116 35
117 3
118 0
119 18
120 0
121 13
122 61
123 15
124 3
125 0
126 2
127 5
128 8
129 12
130 3
131 13
132 4
133 0
134 1
135 58
136 27
137 105
138 8
139 3
140 45
141 41
142 6
143 2
144 0
145 0
146 35
147 6
148 48
149 21
150 12
151 0
152 0
153 10
154 7
155 18
156 5
157 9
158 116
159 12
160 9
161 5
162 0
163 19
164 20
165 26
166 36
167 25
168 12
169 12
170 47
171 29
172 9
173 9
174 48
175 83
176 52
177 4
178 8
179 0
180 55
181 4
182 124
183 67
184 26
185 16
186 98
187 89
188 43
189 2
190 6
191 0
192 0
193 0
194 0
195 0
196 47
197 27
198 1
199 49
200 29
201 30
202 11
203 52
204 33
205 67
206 113
207 18
208 15
209 0
210 81
211 0
212 7
213 24
214 0
215 45
216 1
217 18
218 16
219 68
220 18
221 65
222 69
223 57
224 91
225 46
226 37
227 6
228 0
229 11
230 0
231 0
232 0
233 2
234 0
235 8
236 0
237 0
238 29
239 114
240 2
241 72
242 70
243 6
244 65
245 18
246 24
247 0
248 17
249 15
250 6
251 0
252 6
253 0
254 3
255 12
256 169
257 58
258 8
259 1
260 0
261 0
262 4
263 30
264 0
265 10
266 2
267 7
268 2
269 0
270 16
271 44
272 6
273 0
274 1
275 4
276 0
277 1
278 8
279 33
280 1
281 0
282 12
283 111
284 0
285 1
286 11
287 9
288 10
289 6
290 87
291 14
292 135
293 49
294 0
295 25
296 38
297 14
298 16
299 9
300 22
301 19
302 31
303 17
304 93
305 32
306 24
307 57
308 0
309 34
310 22
311 38
312 25
313 8
314 6
315 45
316 37
317 49
318 99
319 1
320 13
321 21
322 5
323 8
324 0
325 1
326 8
327 2
328 0
329 0
330 0
331 21
332 1
333 53
334 61
335 65
336 6
337 24
338 67
339 45
340 0
341 1
342 2
343 0
344 4
345 0
346 15
347 0
348 49
349 15
350 22
351 100
352 14
353 0
354 0
355 0
356 0
357 26
358 0
359 26
360 27
361 83
362 105
363 2
364 0
365 0
366 6
367 13
368 32
369 43
370 8
371 9
372 8
373 15
374 5
375 8
376 30
377 0
378 5
379 29
380 29
381 0
382 21
383 0
384 24
385 36
386 0
387 0
388 20
389 29
390 66
391 40
392 68
393 0
394 35
395 14
396 77
397 21
398 0
399 39
400 1
401 26
402 10
403 9
404 35
405 31
406 67
407 54
408 15
409 0
410 8
411 13
412 24
413 96
414 65
415 3
416 12
417 26
418 3
419 14
420 2
421 1
422 31
423 40
424 51
425 24
426 10
427 0
428 27
429 0
430 61
431 3
432 5
433 12
434 0
435 1
436 53
437 97
438 128
439 46
440 67
441 67
442 22
443 106
444 21
445 14
446 13
447 0
448 46
449 15
450 42
451 23
452 36
453 60
454 72
455 8
456 43
457 85
458 54
459 0
460 2
461 74
462 43
463 30
464 29
465 22
466 2
467 52
468 34
469 69
470 88
471 84
472 57
473 28
474 60
475 21
476 2
477 2
478 1
479 9
480 7
481 12
482 16
483 1
484 46
485 15
486 26
487 37
488 13
489 73
490 17
491 9
492 75
493 128
494 10
495 25
496 10
497 6
498 73
499 23
500 24
501 18
502 20
503 7
504 3
505 21
506 34
507 4
508 2
509 111
510 7
511 10
512 55
513 84
514 33
515 50
516 25
517 23
518 0
519 14
520 93
521 73
522 0
523 15
524 8
525 1
526 0
527 6
528 37
529 6
530 5
531 7
532 60
533 54
534 5
535 44
536 56
537 4
538 6
539 35
540 6
541 11
542 4
543 49
544 52
545 1
546 30
547 0
548 36
549 0
550 20
551 5
552 55
553 54
554 67
555 67
556 17
557 7
558 21
559 40
560 8
561 30
562 10
563 0
564 0
565 0
566 0
567 8
568 1
569 0
570 4
571 31
572 22
573 14
574 2
575 39
576 12
577 18
578 22
579 9
580 2
581 0
582 1
583 16
584 28
585 31
586 23
587 7
588 49
589 99
590 0
591 0
592 19
593 1
594 0
595 9
596 6
597 4
598 55
599 59
600 55
601 118
602 20
603 18
604 10
605 5
606 22
607 27
608 47
609 15
610 37
611 17
612 55
613 30
614 85
615 60
616 54
617 0
618 3
619 2
620 6
621 0
622 17
623 4
624 13
625 70
626 39
627 90
628 56
629 51
630 70
631 10
632 19
633 14
634 24
635 12
636 30
637 1
638 12
639 33
640 2
641 26
642 31
643 81
644 18
645 57
646 31
647 3
648 3
649 0
650 0
651 15
652 28
653 13
654 14
655 14
656 12
657 1
658 56
659 44
660 1
661 31
662 2
663 41
664 4
665 4
666 36
667 21
668 1
669 14
670 16
671 56
672 7
673 2
674 6
675 1
676 41
677 53
678 46
679 26
680 69
681 50
682 1
683 11
684 9
685 28
686 3
687 0
688 0
689 10
690 68
691 41
692 21
693 0
694 5
695 3
696 5
697 7
698 2
699 21
700 12
701 20
702 28
703 0
704 3
705 36
706 75
707 26
708 0
709 30
710 0
711 0
712 6
713 3
714 0
715 4
716 23
717 95
718 48
719 44
720 104
721 21
722 10
723 0
724 18
725 5
726 22
727 18
728 14
729 37
730 22
731 41
732 2
733 13
734 26
735 10
736 31
737 24
738 59
739 68
740 28
741 17
742 0
743 5
744 46
745 1
746 0
747 0
748 33
749 14
750 110
751 1
752 43
753 12
754 36
755 2
756 12
757 6
758 15
759 63
760 22
761 8
762 31
763 6
764 63
765 25
766 15
767 20
768 0
769 9
770 50
771 9
772 3
773 0
774 15
775 32
776 16
777 10
778 17
779 0
780 0
781 7
782 18
783 3
784 28
785 10
786 48
787 20
788 3
789 65
790 1
791 4
792 16
793 34
794 30
795 0
796 29
797 42
798 21
799 11
800 5
801 0
802 12
803 0
804 0
805 1
806 55
807 31
808 15
809 47
810 20
811 5
812 20
813 17
814 4
815 1
816 0
817 0
818 10
819 59
820 58
821 61
822 20
823 30
824 2
825 26
826 9
827 44
828 29
829 18
830 11
831 19
832 30
833 40
834 33
835 12
836 28
837 9
838 6
839 2
840 0
841 3
842 2
843 0
844 14
845 26
846 19
847 49
848 29
849 8
850 36
851 0
852 34
853 8
854 4
855 24
856 6
857 34
858 41
859 3
860 8
861 22
862 43
863 7
864 6
865 23
866 5
867 23
868 4
869 0
870 10
871 2
872 0
873 0
874 0
875 0
876 3
877 69
878 27
879 18
880 86
881 54
882 6
883 3
884 31
885 4
886 3
887 2
888 17
889 72
890 4
891 1
892 27
893 10
894 9
895 17
896 11
897 20
898 7
899 1
900 0
901 0
902 10
903 120
904 54
905 12
906 44
907 72
908 52
909 0
910 4
911 27
912 0
913 0
914 9
915 42
916 0
917 17
918 41
919 12
920 39
921 53
922 15
923 2
924 9
925 1
926 4
927 19
928 0
929 0
930 27
931 71
932 25
933 82
934 38
935 56
936 11
937 4
938 30
939 14
940 38
941 19
942 0
943 1
944 47
945 52
946 21
947 0
948 0
949 41
950 29
951 2
952 21
953 57
954 21
955 82
956 97
957 13
958 12
959 28
960 16
961 2
962 10
963 32
964 33
965 1
966 26
967 18
968 16
969 58
970 20
971 0
972 18
973 44
974 14
975 27
976 3
977 1
978 109
979 16
980 102
981 113
982 14
983 10
984 55
985 52
986 11
987 2
988 0
989 0
990 0
991 9
992 12
993 75
994 39
995 6
996 20
997 4
998 13
999 20
1000 9
1001 21
1002 44
1003 0
1004 0
1005 0
1006 0
1007 39
1008 68
1009 0
1010 7
1011 5
1012 1
1013 0
1014 0
1015 0
1016 20
1017 44
1018 3
1019 48
1020 41
1021 65
1022 48
1023 12
1024 24
1025 8
1026 32
1027 87
1028 17
1029 3
1030 5
1031 38
1032 0
1033 2
1034 15
1035 29
1036 12
1037 6
1038 59
1039 38
1040 61
1041 32
1042 1
1043 25
1044 4
1045 15
1046 30
1047 22
1048 31
1049 0
1050 5
1051 0
1052 0
1053 0
1054 3
1055 11
1056 14
1057 25
1058 38
1059 64
1060 65
1061 11
1062 0
1063 2
1064 0
1065 4
1066 0
1067 10
1068 3
1069 15
1070 13
1071 9
1072 55
1073 19
1074 40
1075 4
1076 5
1077 0
1078 23
1079 5
1080 44
1081 25
1082 8
1083 18
1084 17
1085 7
1086 0
1087 2
1088 0
1089 0
1090 51
1091 68
1092 54
1093 82
1094 32
1095 3
1096 12
1097 3
1098 15
1099 60
1100 0
1101 4
1102 6
1103 14
1104 3
1105 3
1106 81
1107 85
1108 13
1109 0
1110 165
1111 34
1112 3
1113 23
1114 48
1115 2
1116 0
1117 2
1118 2
1119 59
1120 42
1121 43
1122 2
1123 1
1124 13
1125 0
1126 17
1127 0
1128 22
1129 25
1130 0
1131 0
1132 0
1133 25
1134 12
1135 6
1136 0
1137 0
1138 0
1139 36
1140 163
1141 96
1142 34
1143 0
1144 2
1145 0
1146 12
1147 0
1148 1
1149 55
1150 101
1151 11
1152 11
1153 8
1154 23
1155 78
1156 50
1157 38
1158 4
1159 2
1160 9
1161 2
1162 14
1163 0
1164 0
1165 0
1166 18
1167 12
1168 56
1169 5
1170 49
1171 0
1172 0
1173 7
1174 0
1175 1
1176 40
1177 87
1178 6
1179 61
1180 5
1181 41
1182 31
1183 64
1184 18
1185 43
1186 26
1187 15
1188 1
1189 0
1190 0
1191 24
1192 24
1193 0
1194 6
1195 0
1196 5
1197 0
1198 19
1199 23
1200 9
1201 1
1202 0
1203 74
1204 3
1205 1
1206 9
1207 0
1208 16
1209 10
1210 39
1211 36
1212 99
1213 5
1214 24
1215 39
1216 26
1217 105
1218 49
1219 9
1220 32
1221 15
1222 5
1223 22
1224 19
1225 4
1226 14
1227 1
1228 21
1229 43
1230 19
1231 1
1232 13
1233 29
1234 26
1235 95
1236 21
1237 25
1238 34
1239 0
1240 10
1241 0
1242 1
1243 39
1244 0
1245 13
1246 10
1247 30
1248 69
1249 110
1250 4
1251 46
1252 75
1253 90
1254 146
1255 18
1256 21
1257 5
1258 47
1259 5
1260 15
1261 2
1262 17
1263 22
1264 49
1265 42
1266 25
1267 5
1268 0
1269 0
1270 4
1271 4
1272 18
1273 21
1274 142
1275 61
1276 3
1277 9
1278 12
1279 14
1280 0
1281 0
1282 0
1283 0
1284 0
1285 0
1286 34
1287 52
1288 19
1289 42
1290 50
1291 50
1292 21
1293 30
1294 416
1295 142
1296 14
1297 2
1298 14
1299 48
1300 8
1301 0
1302 13
1303 25
1304 58
1305 12
1306 10
1307 47
1308 35
1309 27
1310 5
1311 28
1312 0
1313 0
1314 1
1315 69
1316 59
1317 65
1318 82
1319 69
1320 59
1321 125
1322 61
1323 9
1324 6
1325 17
1326 0
1327 7
1328 0
1329 11
1330 6
1331 24
1332 82
1333 20
1334 5
1335 19
1336 14
1337 56
1338 43
1339 114
1340 179
1341 29
1342 9
1343 50
1344 50
1345 8
1346 9
1347 5
1348 3
1349 16
1350 75
1351 3
1352 1
1353 63
1354 7
1355 41
1356 38
1357 9
1358 10
1359 31
1360 4
1361 0
1362 0
1363 25
1364 106
1365 114
1366 27
1367 34
1368 37
1369 62
1370 55
1371 59
1372 0
1373 6
1374 0
1375 0
1376 2
1377 3
1378 23
1379 77
1380 90
1381 10
1382 13
1383 15
1384 39
1385 19
1386 51
1387 149
1388 32
1389 6
1390 51
1391 41
1392 12
1393 10
1394 5
1395 22
1396 22
1397 22
1398 0
1399 5
1400 52
1401 31
1402 28
1403 26
1404 24
1405 14
1406 9
1407 48
1408 39
1409 43
1410 38
1411 13
1412 13
1413 0
1414 8
1415 2
1416 36
1417 39
1418 33
1419 75
1420 38
1421 92
1422 24
1423 0
1424 5
1425 0
1426 3
1427 38
1428 108
1429 155
1430 86
1431 127
1432 88
1433 34
1434 43
1435 47
1436 30
1437 83
1438 0
1439 0
1440 26
1441 24
1442 138
1443 18
1444 21
1445 57
1446 73
1447 11
1448 20
1449 10
1450 9
1451 90
1452 14
1453 59
1454 25
1455 1
1456 21
1457 74
1458 0
1459 94
1460 25
1461 12
1462 7
1463 15
1464 0
1465 15
1466 23
1467 25
1468 4
1469 6
1470 2
1471 0
1472 4
1473 5
1474 1
1475 32
1476 129
1477 247
1478 79
1479 54
1480 79
1481 87
1482 12
1483 63
1484 46
1485 0
1486 15
1487 1
1488 40
1489 36
1490 148
1491 35
1492 19
1493 37
1494 50
1495 10
1496 68
1497 80
1498 8
1499 27
1500 47
1501 15
1502 23
1503 5
1504 40
1505 76
1506 14
1507 27
1508 67
1509 11
1510 28
1511 2
1512 5
1513 12
1514 91
1515 31
1516 19
1517 2
1518 0
1519 0
1520 0
1521 4
1522 3
1523 1
1524 24
1525 136
1526 87
1527 267
1528 206
1529 128
1530 35
1531 0
1532 24
1533 61
1534 1
1535 41
1536 24
1537 29
1538 42
1539 35
1540 2
1541 39
1542 8
1543 24
1544 156
1545 90
1546 103
1547 46
1548 7
1549 33
1550 62
1551 15
1552 18
1553 21
1554 18
1555 18
1556 80
1557 158
1558 15
1559 18
1560 33
1561 97
1562 56
1563 60
1564 0
1565 3
1566 26
1567 24
1568 80
1569 0
1570 1
1571 11
1572 203
1573 389
1574 133
1575 15
1576 128
1577 59
1578 38
1579 91
1580 108
1581 39
1582 36
1583 39
1584 26
1585 2
1586 0
1587 22
1588 75
1589 7
1590 133
1591 37
1592 35
1593 30
1594 34
1595 114
1596 80
1597 7
1598 3
1599 10
1600 95
1601 35
1602 98
1603 11
1604 9
1605 0
1606 0
1607 17
1608 0
1609 0
1610 0
1611 0
1612 24
1613 38
1614 25
1615 4
1616 49
1617 165
1618 132
1619 250
1620 84
1621 167
1622 123
1623 54
1624 42
1625 3
1626 104
1627 65
1628 23
1629 68
1630 37
1631 26
1632 41
1633 35
1634 60
1635 20
1636 20
1637 21
1638 30
1639 39
1640 58
1641 12
1642 0
1643 2
1644 3
1645 113
1646 184
1647 43
1648 67
1649 23
1650 23
1651 76
1652 165
1653 4
1654 26
1655 62
1656 78
1657 21
1658 33
1659 44
1660 24
1661 27
1662 40
1663 7
1664 35
1665 47
1666 28
1667 92
1668 81
1669 0
1670 19
1671 14
1672 0
1673 4
1674 0
1675 0
1676 0
1677 190
1678 127
1679 104
1680 103
1681 44
1682 62
1683 59
1684 33
1685 66
1686 48
1687 16
1688 25
1689 41
1690 15
1691 36
1692 9
1693 30
1694 38
1695 2
1696 15
1697 3
1698 10
1699 9
1700 4
1701 94
1702 6
1703 26
1704 0
1705 0
1706 1
1707 22
1708 0
1709 31
1710 151
1711 52
1712 35
1713 22
1714 19
1715 78
1716 59
1717 45
1718 11
1719 21
1720 2
1721 30
1722 6
1723 3
1724 13
1725 4
1726 29
1727 18
1728 59
1729 56
1730 1
1731 8
1732 0
1733 18
1734 10
1735 0
1736 16
1737 38
1738 70
1739 62
1740 39
1741 10
1742 52
1743 6
1744 22
1745 43
1746 17
1747 0
1748 2
1749 10
1750 11
1751 44
1752 57
1753 3
1754 1
1755 22
1756 10
1757 15
1758 14
1759 0
1760 0
1761 60
1762 16
1763 29
1764 35
1765 31
1766 21
1767 54
1768 32
1769 0
1770 4
1771 12
1772 28
1773 56
1774 25
1775 24
1776 25
1777 32
1778 63
1779 0
1780 6
1781 0
1782 32
1783 0
1784 12
1785 12
1786 0
1787 49
1788 23
1789 5
1790 31
1791 0
1792 44
1793 17
1794 3
1795 0
1796 4
1797 68
1798 72
1799 145
1800 87
1801 26
1802 41
1803 8
1804 19
1805 92
1806 98
1807 15
1808 28
1809 0
1810 36
1811 15
1812 14
1813 13
1814 12
1815 11
1816 7
1817 1
1818 18
1819 2
1820 25
1821 20
1822 14
1823 19
1824 84
1825 26
1826 2
1827 25
1828 39
1829 62
1830 2
1831 44
1832 13
1833 39
1834 7
1835 49
1836 27
1837 5
1838 16
1839 9
1840 22
1841 15
1842 6
1843 23
1844 86
1845 59
1846 10
1847 26
1848 47
1849 87
1850 11
1851 4
1852 10
1853 37
1854 8
1855 41
1856 23
1857 6
1858 67
1859 79
1860 22
1861 49
1862 56
1863 0
1864 22
1865 4
1866 19
1867 175
1868 49
1869 27
1870 5
1871 26
1872 96
1873 50
1874 10
1875 4
1876 3
1877 24
1878 26
1879 19
1880 1
1881 45
1882 77
1883 95
1884 61
1885 17
1886 5
1887 10
1888 1
1889 48
1890 28
1891 12
1892 32
1893 27
1894 127
1895 104
1896 53
1897 18
1898 13
1899 10
1900 61
1901 41
1902 4
1903 70
1904 23
1905 38
1906 26
1907 42
1908 20
1909 31
1910 21
1911 36
1912 72
1913 33
1914 3
1915 0
1916 2
1917 38
1918 20
1919 35
1920 21
1921 30
1922 8
1923 33
1924 36
1925 37
1926 4
1927 3
1928 6
1929 8
1930 21
1931 30
1932 11
1933 3
1934 13
1935 43
1936 31
1937 4
1938 3
1939 6
1940 51
1941 37
1942 96
1943 76
1944 13
1945 11
1946 18
1947 4
1948 17
1949 9
1950 12
1951 53
1952 25
1953 52
1954 27
1955 67
1956 12
1957 21
1958 40
1959 18
1960 12
1961 3
1962 0
1963 10
1964 81
1965 93
1966 2
1967 38
1968 83
1969 34
1970 20
1971 22
1972 67
1973 8
1974 23
1975 39
1976 21
1977 0
1978 4
1979 1
1980 35
1981 74
1982 34
1983 6
1984 12
1985 60
1986 29
1987 0
1988 2
1989 52
1990 25
1991 31
1992 31
1993 12
1994 36
1995 69
1996 67
1997 40
1998 17
1999 48
2000 40
2001 0
2002 8
2003 23
2004 73
2005 38
2006 20
2007 29
2008 17
2009 25
2010 33
2011 41
2012 8
2013 5
2014 51
2015 32
2016 75
2017 70
2018 4
2019 45
2020 23
2021 17
2022 13
2023 71
2024 99
2025 0
2026 25
2027 21
2028 18
2029 14
2030 41
2031 63
2032 37
2033 14
2034 41
2035 59
2036 86
2037 31
2038 23
2039 21
2040 7
2041 8
2042 17
2043 45
2044 12
2045 19
2046 24
2047 23
2048 55
2049 89
2050 51
2051 59
2052 4
2053 4
2054 32
2055 114
2056 15
2057 24
2058 18
2059 28
2060 23
2061 45
2062 33
2063 24
2064 10
2065 2
2066 50
2067 36
2068 0
2069 52
2070 15
2071 30
2072 68
2073 53
2074 26
2075 40
2076 69
2077 18
2078 0
2079 7
2080 38
2081 67
2082 45
2083 37
2084 24
2085 15
2086 38
2087 35
2088 45
2089 46
2090 32
2091 22
2092 18
2093 18
2094 36
2095 109
2096 32
2097 116
2098 50
2099 34
2100 21
2101 7
2102 1
2103 85
2104 89
2105 32
2106 0
2107 0
2108 12
2109 12
2110 59
2111 34
2112 61
2113 31
2114 23
2115 36
2116 25
2117 22
2118 75
2119 63
2120 13
2121 15
2122 3
2123 3
2124 58
2125 6
2126 44
2127 42
2128 42
2129 24
2130 29
2131 67
2132 88
2133 10
2134 0
2135 9
2136 0
2137 43
2138 82
2139 15
2140 4
2141 0
2142 0
2143 0
2144 57
2145 58
2146 20
2147 12
2148 82
2149 35
2150 103
2151 13
2152 48
2153 34
2154 42
2155 16
2156 3
2157 1
2158 0
2159 20
2160 66
2161 70
2162 0
2163 0
2164 8
2165 36
2166 33
2167 18
2168 9
2169 36
2170 10
2171 1
2172 49
2173 24
2174 1
2175 18
2176 0
2177 29
2178 4
2179 18
2180 5
2181 15
2182 9
2183 29
2184 10
2185 0
2186 0
2187 41
2188 18
2189 16
2190 55
2191 41
2192 15
2193 56
2194 7
2195 2
2196 0
2197 6
2198 3
2199 17
2200 14
2201 25
2202 40
2203 52
2204 3
2205 64
2206 58
2207 12
2208 1
2209 25
2210 20
2211 49
2212 86
2213 55
2214 11
2215 19
2216 2
2217 5
2218 2
2219 0
2220 21
2221 0
2222 0
2223 16
2224 35
2225 8
2226 5
2227 61
2228 52
2229 38
2230 54
2231 1
2232 19
2233 25
2234 0
2235 2
2236 1
2237 17
2238 7
2239 0
2240 0
2241 3
2242 1
2243 66
2244 31
2245 1
2246 11
2247 54
2248 77
2249 12
2250 69
2251 33
2252 9
2253 21
2254 57
2255 33
2256 49
2257 12
2258 0
2259 5
2260 60
2261 7
2262 2
2263 0
2264 0
2265 16
2266 77
2267 63
2268 66
2269 79
2270 79
2271 46
2272 0
2273 8
2274 79
2275 67
2276 26
2277 78
2278 20
2279 1
2280 1
2281 55
2282 79
2283 5
2284 0
2285 6
2286 45
2287 10
2288 16
2289 15
2290 64
2291 97
2292 6
2293 0
2294 78
2295 64
2296 12
2297 30
2298 21
2299 0
2300 30
2301 43
2302 24
2303 0
2304 15
2305 3
2306 3
2307 23
2308 75
2309 22
2310 25
2311 17
2312 15
2313 16
2314 28
2315 12
2316 82
2317 24
2318 0
2319 9
2320 62
2321 32
2322 31
2323 0
2324 0
2325 5
2326 68
2327 123
2328 25
2329 5
2330 6
2331 0
2332 14
2333 14
2334 108
2335 154
2336 14
2337 1
2338 19
2339 34
2340 30
2341 9
2342 0
2343 0
2344 28
2345 45
2346 28
2347 48
2348 5
2349 23
2350 31
2351 54
2352 46
2353 81
2354 41
2355 11
2356 32
2357 8
2358 1
2359 0
2360 0
2361 0
2362 0
2363 56
2364 62
2365 7
2366 52
2367 42
2368 11
2369 28
2370 41
2371 34
2372 29
2373 16
2374 0
2375 34
2376 53
2377 0
2378 0
2379 5
2380 10
2381 1
2382 72
2383 33
2384 20
2385 91
2386 26
2387 60
2388 113
2389 47
2390 43
2391 84
2392 10
2393 7
2394 57
2395 19
2396 8
2397 0
2398 54
2399 0
2400 4
2401 36
2402 145
2403 9
2404 21
2405 51
2406 52
2407 40
2408 25
2409 35
2410 21
2411 57
2412 38
2413 3
2414 0
2415 14
2416 5
2417 11
2418 1
2419 39
2420 74
2421 57
2422 130
2423 18
2424 30
2425 46
2426 57
2427 71
2428 86
2429 15
2430 0
2431 16
2432 46
2433 0
2434 3
2435 22
2436 28
2437 16
2438 79
2439 10
2440 27
2441 70
2442 76
2443 27
2444 33
2445 31
2446 2
2447 0
2448 0
2449 35
2450 0
2451 5
2452 2
2453 1
2454 28
2455 21
2456 33
2457 28
2458 3
2459 19
2460 2
2461 1
2462 0
2463 1
2464 19
2465 124
2466 12
2467 0
2468 10
2469 9
2470 19
2471 14
2472 14
2473 1
2474 0
2475 1
2476 0
2477 8
2478 34
2479 0
2480 4
2481 16
2482 5
2483 12
2484 21
2485 35
2486 14
2487 46
2488 6
2489 13
2490 1
2491 0
2492 0
2493 0
2494 13
2495 27
2496 10
2497 19
2498 1
2499 25
2500 11
2501 7
2502 12
2503 54
2504 1
2505 0
2506 3
2507 0
2508 0
2509 13
2510 2
2511 5
2512 9
2513 21
2514 0
2515 0
2516 1
2517 0
2518 0
2519 0
2520 6
2521 5
2522 5
2523 25
2524 0
2525 0
2526 25
2527 11
2528 0
2529 3
2530 11
2531 3
2532 0
2533 0
2534 56
2535 56
2536 10
2537 18
2538 23
2539 3
2540 0
2541 1
2542 73
2543 19
2544 22
2545 60
2546 5
2547 1
2548 15
2549 6
2550 1
2551 0
2552 22
2553 41
2554 12
2555 0
2556 0
2557 3
2558 6
2559 7
2560 35
2561 25
2562 6
2563 23
2564 5
2565 2
2566 12
2567 3
2568 2
2569 1
2570 2
2571 1
2572 0
2573 5
2574 0
2575 26
2576 0
2577 0
2578 1
2579 0
2580 0
2581 0
2582 0
2583 0
2584 0
2585 0
2586 0
2587 0
2588 0
2589 0
2590 0
2591 0
2592 0
2593 0
2594 0
2595 0
2596 0
2597 0
2598 0
