0 1120
1 19
2 112
3 50
4 335
5 636
6 34
7 50
8 27
9 68
10 256
11 922
12 187
13 644
14 1710
15 656
16 1250
17 221
18 142
19 2816
20 30
21 425
22 227
23 1849
24 13
25 636
26 51
27 70
28 56
29 179
30 34
31 91
32 16
33 641
34 125
35 1040
36 102
37 289
38 165
39 234
40 404
41 105
42 123
43 104
44 1480
45 23
46 83
47 58
48 109
49 1235
50 689
51 183
52 1129
53 1164
54 1015
55 99
56 198
57 781
58 1103
59 95
60 271
61 1418
62 1081
63 157
64 180
65 2817
66 267
67 934
68 537
69 61
70 227
71 240
72 57
73 43
74 1059
75 1890
76 75
77 865
78 2026
79 1816
80 153
81 45
82 707
83 424
84 140
85 65
86 846
87 2776
88 2306
89 93
90 75
91 91
92 155
93 827
94 230
95 13
96 232
97 1300
98 345
99 1498
100 40
101 147
102 945
103 1030
104 228
105 417
106 1394
107 417
108 1241
109 1136
110 91
111 411
112 575
113 232
114 891
115 431
116 1375
117 193
118 125
119 653
120 31
121 560
122 2325
123 689
124 238
125 51
126 182
127 254
128 337
129 581
130 262
131 634
132 161
133 11
134 102
135 2066
136 1017
137 4695
138 352
139 334
140 1731
141 1469
142 265
143 266
144 27
145 91
146 1162
147 322
148 1564
149 1018
150 397
151 0
152 22
153 444
154 368
155 611
156 263
157 459
158 4282
159 664
160 282
161 300
162 39
163 713
164 740
165 1061
166 1472
167 844
168 445
169 274
170 1940
171 1161
172 417
173 302
174 1720
175 3272
176 2185
177 286
178 593
179 23
180 2040
181 168
182 4887
183 2399
184 970
185 751
186 3819
187 3368
188 1812
189 240
190 344
191 21
192 38
193 102
194 62
195 17
196 1865
197 1054
198 144
199 1480
200 1206
201 1084
202 357
203 1833
204 1168
205 2497
206 4035
207 926
208 566
209 32
210 2852
211 88
212 366
213 915
214 9
215 2191
216 126
217 584
218 731
219 3246
220 766
221 2455
222 2394
223 2149
224 3774
225 2136
226 1756
227 348
228 34
229 368
230 68
231 51
232 4
233 224
234 0
235 326
236 6
237 43
238 1122
239 4504
240 171
241 4354
242 2567
243 438
244 2791
245 641
246 1143
247 61
248 693
249 471
250 384
251 118
252 253
253 3
254 115
255 467
256 6652
257 2200
258 394
259 56
260 8
261 13
262 156
263 1139
264 187
265 431
266 142
267 396
268 213
269 20
270 741
271 1581
272 436
273 7
274 188
275 203
276 208
277 115
278 331
279 1100
280 164
281 45
282 628
283 4382
284 121
285 112
286 459
287 367
288 435
289 229
290 3571
291 875
292 5018
293 1760
294 64
295 1006
296 1402
297 504
298 721
299 379
300 951
301 661
302 1045
303 851
304 4374
305 1347
306 931
307 2219
308 23
309 1201
310 896
311 1256
312 1682
313 238
314 271
315 1637
316 1361
317 1690
318 3838
319 142
320 573
321 776
322 183
323 327
324 17
325 90
326 326
327 162
328 67
329 38
330 151
331 921
332 292
333 2026
334 2480
335 2109
336 244
337 938
338 3125
339 1807
340 35
341 121
342 171
343 33
344 156
345 98
346 614
347 136
348 1843
349 577
350 887
351 3754
352 620
353 165
354 19
355 71
356 61
357 933
358 27
359 1075
360 1215
361 2978
362 4040
363 109
364 2
365 19
366 351
367 577
368 1316
369 1517
370 567
371 361
372 371
373 548
374 287
375 330
376 794
377 48
378 189
379 927
380 984
381 35
382 867
383 55
384 851
385 1384
386 31
387 45
388 1134
389 1600
390 2344
391 1645
392 2628
393 68
394 1509
395 679
396 2798
397 842
398 17
399 1832
400 124
401 858
402 420
403 482
404 1348
405 1126
406 2473
407 1955
408 573
409 54
410 205
411 476
412 823
413 3699
414 2248
415 155
416 402
417 810
418 145
419 562
420 311
421 146
422 1471
423 1414
424 2004
425 805
426 665
427 300
428 1231
429 83
430 2836
431 153
432 275
433 503
434 74
435 168
436 2420
437 3590
438 4611
439 1690
440 2648
441 2194
442 1011
443 3665
444 650
445 581
446 448
447 117
448 1878
449 654
450 1369
451 753
452 1334
453 2277
454 2546
455 424
456 1555
457 3226
458 2136
459 21
460 114
461 2365
462 1908
463 1115
464 1206
465 921
466 158
467 1896
468 1152
469 2596
470 3043
471 3366
472 2041
473 1224
474 2336
475 778
476 165
477 293
478 102
479 452
480 274
481 500
482 690
483 126
484 1859
485 579
486 979
487 1413
488 578
489 2551
490 753
491 467
492 2677
493 4906
494 448
495 1073
496 568
497 297
498 2847
499 846
500 832
501 802
502 681
503 288
504 126
505 882
506 1484
507 206
508 181
509 4012
510 350
511 543
512 1857
513 3133
514 1190
515 2081
516 978
517 759
518 48
519 723
520 3294
521 2657
522 100
523 531
524 631
525 83
526 59
527 276
528 1123
529 289
530 214
531 334
532 2343
533 2165
534 266
535 1826
536 1946
537 332
538 306
539 1481
540 258
541 454
542 242
543 1813
544 1954
545 99
546 1049
547 13
548 1414
549 80
550 705
551 187
552 2027
553 2044
554 2921
555 2689
556 526
557 269
558 684
559 1444
560 393
561 1161
562 471
563 55
564 36
565 32
566 0
567 391
568 174
569 62
570 313
571 1399
572 901
573 597
574 221
575 1508
576 454
577 717
578 833
579 506
580 204
581 69
582 134
583 743
584 1281
585 1099
586 851
587 322
588 1885
589 3851
590 112
591 76
592 821
593 80
594 132
595 368
596 273
597 204
598 2153
599 3052
600 1978
601 4408
602 919
603 732
604 479
605 320
606 984
607 989
608 1779
609 555
610 1342
611 717
612 2144
613 1382
614 3218
615 2136
616 2024
617 59
618 191
619 95
620 335
621 51
622 730
623 325
624 411
625 2571
626 1227
627 3174
628 2154
629 1699
630 2805
631 403
632 632
633 506
634 742
635 518
636 1229
637 74
638 641
639 1374
640 198
641 1233
642 1108
643 2928
644 608
645 2350
646 1174
647 190
648 223
649 14
650 16
651 835
652 1183
653 606
654 576
655 648
656 481
657 204
658 2335
659 1583
660 159
661 1139
662 140
663 1523
664 332
665 154
666 1306
667 1016
668 97
669 608
670 963
671 2181
672 235
673 169
674 283
675 86
676 1628
677 2185
678 1511
679 870
680 2402
681 2071
682 109
683 511
684 371
685 971
686 230
687 33
688 68
689 580
690 2542
691 1524
692 949
693 29
694 263
695 333
696 368
697 226
698 206
699 934
700 554
701 608
702 1077
703 108
704 269
705 1852
706 2749
707 1188
708 94
709 1274
710 96
711 17
712 208
713 179
714 7
715 204
716 913
717 3662
718 1752
719 1399
720 3487
721 778
722 431
723 54
724 635
725 349
726 860
727 615
728 592
729 1410
730 832
731 1858
732 317
733 790
734 967
735 392
736 1279
737 945
738 2307
739 2423
740 887
741 565
742 46
743 455
744 1716
745 87
746 24
747 14
748 1468
749 632
750 3972
751 176
752 1719
753 491
754 1385
755 146
756 682
757 345
758 565
759 2328
760 1160
761 358
762 986
763 368
764 2868
765 911
766 947
767 821
768 39
769 434
770 2866
771 403
772 215
773 0
774 638
775 1158
776 667
777 657
778 658
779 81
780 17
781 206
782 703
783 345
784 1022
785 473
786 1715
787 1120
788 200
789 2368
790 285
791 315
792 592
793 1417
794 1266
795 0
796 1301
797 1711
798 799
799 439
800 219
801 8
802 467
803 36
804 93
805 72
806 2667
807 1113
808 652
809 1853
810 1016
811 259
812 876
813 932
814 261
815 93
816 0
817 0
818 451
819 1980
820 2182
821 2179
822 920
823 1212
824 276
825 899
826 378
827 1716
828 1127
829 541
830 457
831 736
832 1097
833 1393
834 1424
835 653
836 985
837 418
838 383
839 165
840 30
841 206
842 133
843 0
844 536
845 992
846 974
847 1640
848 1017
849 280
850 1497
851 54
852 1291
853 298
854 122
855 860
856 308
857 1685
858 1483
859 268
860 301
861 682
862 1410
863 401
864 561
865 901
866 265
867 766
868 217
869 226
870 362
871 155
872 50
873 158
874 7
875 24
876 215
877 2510
878 981
879 736
880 3289
881 2134
882 329
883 260
884 1209
885 148
886 268
887 201
888 776
889 3871
890 329
891 327
892 883
893 391
894 332
895 711
896 437
897 844
898 292
899 165
900 0
901 20
902 320
903 4271
904 1940
905 419
906 1862
907 2498
908 1919
909 82
910 209
911 1377
912 67
913 92
914 530
915 1666
916 108
917 612
918 1621
919 463
920 1455
921 1967
922 663
923 114
924 342
925 93
926 310
927 707
928 1
929 84
930 1043
931 3135
932 1067
933 3218
934 1494
935 2311
936 418
937 263
938 1410
939 545
940 2113
941 896
942 6
943 172
944 1743
945 2144
946 767
947 65
948 25
949 1478
950 1038
951 105
952 839
953 1805
954 809
955 3206
956 3403
957 716
958 426
959 1176
960 612
961 111
962 387
963 1112
964 1300
965 344
966 919
967 795
968 951
969 2372
970 881
971 55
972 819
973 1822
974 570
975 1059
976 223
977 132
978 4111
979 625
980 3603
981 3894
982 718
983 337
984 2321
985 1953
986 545
987 196
988 6
989 41
990 124
991 324
992 454
993 2761
994 1595
995 427
996 808
997 214
998 454
999 816
1000 351
1001 994
1002 1691
1003 40
1004 18
1005 30
1006 20
1007 1606
1008 2858
1009 10
1010 441
1011 267
1012 130
1013 5
1014 11
1015 53
1016 750
1017 2244
1018 222
1019 1772
1020 1549
1021 2630
1022 1656
1023 637
1024 898
1025 335
1026 1229
1027 3226
1028 665
1029 223
1030 244
1031 1626
1032 63
1033 131
1034 474
1035 940
1036 528
1037 255
1038 2654
1039 1463
1040 2216
1041 1247
1042 106
1043 829
1044 349
1045 535
1046 1159
1047 814
1048 1131
1049 185
1050 234
1051 23
1052 44
1053 47
1054 124
1055 399
1056 602
1057 893
1058 1409
1059 2334
1060 2244
1061 531
1062 5
1063 145
1064 0
1065 178
1066 144
1067 651
1068 194
1069 548
1070 559
1071 271
1072 2098
1073 743
1074 1568
1075 184
1076 267
1077 19
1078 948
1079 160
1080 1749
1081 1047
1082 445
1083 760
1084 697
1085 267
1086 22
1087 151
1088 37
1089 72
1090 1803
1091 2629
1092 2026
1093 2894
1094 1390
1095 233
1096 530
1097 166
1098 585
1099 3124
1100 91
1101 199
1102 238
1103 509
1104 166
1105 285
1106 3176
1107 3047
1108 577
1109 56
1110 5823
1111 1606
1112 206
1113 1045
1114 1985
1115 181
1116 43
1117 255
1118 255
1119 2257
1120 2035
1121 1869
1122 260
1123 103
1124 496
1125 81
1126 605
1127 23
1128 733
1129 1120
1130 72
1131 57
1132 14
1133 842
1134 552
1135 338
1136 4
1137 5
1138 22
1139 1441
1140 6285
1141 3612
1142 1413
1143 56
1144 196
1145 16
1146 391
1147 12
1148 113
1149 2378
1150 3612
1151 350
1152 414
1153 526
1154 870
1155 3078
1156 1966
1157 1448
1158 394
1159 170
1160 381
1161 137
1162 743
1163 7
1164 48
1165 21
1166 642
1167 876
1168 1974
1169 330
1170 2068
1171 24
1172 31
1173 366
1174 77
1175 134
1176 1439
1177 3000
1178 408
1179 2457
1180 230
1181 1616
1182 1209
1183 2299
1184 890
1185 1931
1186 1140
1187 746
1188 155
1189 53
1190 50
1191 985
1192 953
1193 58
1194 243
1195 83
1196 265
1197 65
1198 845
1199 823
1200 457
1201 62
1202 30
1203 2497
1204 231
1205 99
1206 405
1207 93
1208 656
1209 401
1210 1711
1211 1563
1212 3809
1213 274
1214 1028
1215 2033
1216 938
1217 3639
1218 1820
1219 359
1220 1223
1221 668
1222 292
1223 795
1224 755
1225 249
1226 563
1227 190
1228 893
1229 1601
1230 594
1231 84
1232 486
1233 954
1234 1123
1235 3153
1236 673
1237 816
1238 1234
1239 63
1240 452
1241 18
1242 117
1243 1296
1244 55
1245 611
1246 398
1247 1269
1248 2809
1249 4186
1250 270
1251 1670
1252 2860
1253 3709
1254 5973
1255 868
1256 722
1257 251
1258 1746
1259 217
1260 658
1261 268
1262 674
1263 754
1264 2086
1265 1505
1266 941
1267 325
1268 80
1269 86
1270 160
1271 445
1272 753
1273 804
1274 5095
1275 2334
1276 239
1277 419
1278 501
1279 585
1280 57
1281 100
1282 52
1283 54
1284 46
1285 30
1286 1259
1287 2742
1288 785
1289 2212
1290 1937
1291 2042
1292 972
1293 1135
1294 15331
1295 5490
1296 628
1297 140
1298 699
1299 1755
1300 315
1301 22
1302 488
1303 937
1304 2869
1305 596
1306 371
1307 1698
1308 1336
1309 1165
1310 247
1311 916
1312 22
1313 38
1314 48
1315 2501
1316 2203
1317 2344
1318 2971
1319 2686
1320 2634
1321 5061
1322 2839
1323 383
1324 322
1325 763
1326 162
1327 347
1328 21
1329 622
1330 300
1331 750
1332 3174
1333 840
1334 235
1335 749
1336 679
1337 2005
1338 1613
1339 5366
1340 7028
1341 1130
1342 445
1343 1809
1344 2179
1345 481
1346 378
1347 262
1348 199
1349 565
1350 2794
1351 219
1352 125
1353 2529
1354 309
1355 1342
1356 1198
1357 377
1358 453
1359 1440
1360 240
1361 31
1362 45
1363 1024
1364 3684
1365 4432
1366 861
1367 1267
1368 1302
1369 2841
1370 2147
1371 2014
1372 23
1373 278
1374 37
1375 45
1376 141
1377 259
1378 718
1379 2911
1380 3132
1381 414
1382 496
1383 613
1384 1418
1385 763
1386 1974
1387 5429
1388 1707
1389 281
1390 1783
1391 1547
1392 352
1393 457
1394 221
1395 871
1396 912
1397 715
1398 14
1399 277
1400 1942
1401 1288
1402 1063
1403 1392
1404 1109
1405 501
1406 588
1407 1591
1408 1442
1409 1673
1410 1497
1411 582
1412 514
1413 4
1414 361
1415 163
1416 1411
1417 1896
1418 1267
1419 3102
1420 1454
1421 3637
1422 970
1423 84
1424 353
1425 87
1426 376
1427 1403
1428 4099
1429 5559
1430 3252
1431 4492
1432 3122
1433 1284
1434 1582
1435 1998
1436 1404
1437 3256
1438 77
1439 18
1440 924
1441 919
1442 5139
1443 893
1444 901
1445 2067
1446 2721
1447 582
1448 903
1449 492
1450 422
1451 3254
1452 654
1453 2023
1454 1120
1455 187
1456 882
1457 3437
1458 126
1459 3394
1460 1059
1461 531
1462 314
1463 606
1464 32
1465 602
1466 1000
1467 854
1468 235
1469 274
1470 94
1471 19
1472 180
1473 198
1474 192
1475 1083
1476 5089
1477 9092
1478 3573
1479 2701
1480 3827
1481 3018
1482 603
1483 2218
1484 1673
1485 28
1486 512
1487 183
1488 1601
1489 1313
1490 5906
1491 1492
1492 812
1493 1550
1494 1712
1495 437
1496 2715
1497 3261
1498 439
1499 1200
1500 2042
1501 597
1502 860
1503 374
1504 1497
1505 2634
1506 388
1507 962
1508 2301
1509 488
1510 896
1511 131
1512 198
1513 572
1514 3477
1515 1208
1516 720
1517 128
1518 5
1519 0
1520 48
1521 137
1522 202
1523 169
1524 1445
1525 5106
1526 3578
1527 10188
1528 7700
1529 5143
1530 1867
1531 82
1532 772
1533 2827
1534 240
1535 1596
1536 932
1537 1032
1538 1891
1539 1175
1540 90
1541 1424
1542 345
1543 1037
1544 5623
1545 3205
1546 3679
1547 1764
1548 529
1549 1234
1550 2520
1551 630
1552 555
1553 1087
1554 555
1555 720
1556 3079
1557 5785
1558 649
1559 666
1560 1121
1561 3572
1562 2251
1563 2083
1564 75
1565 189
1566 926
1567 982
1568 2737
1569 62
1570 119
1571 543
1572 7611
1573 14463
1574 4966
1575 473
1576 4799
1577 2226
1578 1585
1579 3399
1580 4067
1581 1463
1582 1943
1583 1452
1584 1005
1585 267
1586 55
1587 812
1588 2505
1589 261
1590 4966
1591 1780
1592 1221
1593 1222
1594 1306
1595 3954
1596 2730
1597 407
1598 158
1599 415
1600 3512
1601 1196
1602 3556
1603 494
1604 309
1605 44
1606 195
1607 557
1608 17
1609 42
1610 58
1611 17
1612 1175
1613 1321
1614 751
1615 138
1616 1783
1617 6262
1618 4985
1619 8739
1620 4067
1621 6520
1622 5576
1623 2009
1624 1387
1625 256
1626 4225
1627 2293
1628 1150
1629 2362
1630 1385
1631 1183
1632 1444
1633 1123
1634 1983
1635 635
1636 589
1637 1002
1638 1146
1639 1262
1640 2261
1641 544
1642 62
1643 118
1644 205
1645 4031
1646 7171
1647 1421
1648 2633
1649 1189
1650 766
1651 2449
1652 6337
1653 221
1654 901
1655 2859
1656 3014
1657 788
1658 1224
1659 1871
1660 967
1661 1293
1662 1265
1663 340
1664 1355
1665 2052
1666 1439
1667 3232
1668 2991
1669 60
1670 697
1671 776
1672 21
1673 196
1674 42
1675 104
1676 83
1677 7193
1678 4624
1679 3781
1680 4174
1681 1506
1682 2394
1683 2331
1684 1237
1685 2819
1686 1737
1687 727
1688 1031
1689 1624
1690 671
1691 1668
1692 435
1693 1014
1694 1710
1695 147
1696 785
1697 194
1698 416
1699 541
1700 221
1701 3520
1702 357
1703 1132
1704 14
1705 59
1706 253
1707 884
1708 72
1709 1272
1710 6724
1711 2041
1712 1268
1713 1003
1714 1012
1715 2962
1716 2012
1717 1558
1718 465
1719 877
1720 147
1721 1071
1722 282
1723 248
1724 436
1725 324
1726 995
1727 734
1728 2353
1729 2009
1730 146
1731 311
1732 105
1733 883
1734 382
1735 86
1736 653
1737 1395
1738 2463
1739 2443
1740 1571
1741 532
1742 2022
1743 285
1744 1051
1745 1702
1746 805
1747 51
1748 174
1749 333
1750 610
1751 1559
1752 2373
1753 243
1754 135
1755 769
1756 435
1757 578
1758 890
1759 66
1760 44
1761 2455
1762 710
1763 1066
1764 1155
1765 1265
1766 679
1767 2535
1768 1398
1769 56
1770 284
1771 658
1772 1245
1773 2323
1774 1031
1775 843
1776 875
1777 1233
1778 2275
1779 50
1780 384
1781 24
1782 1344
1783 106
1784 445
1785 681
1786 78
1787 1587
1788 897
1789 416
1790 1146
1791 82
1792 1671
1793 724
1794 185
1795 4
1796 366
1797 2904
1798 2718
1799 5083
1800 4215
1801 1271
1802 1525
1803 430
1804 932
1805 3986
1806 3915
1807 924
1808 1092
1809 50
1810 1378
1811 667
1812 526
1813 629
1814 445
1815 536
1816 281
1817 99
1818 614
1819 197
1820 1173
1821 750
1822 625
1823 814
1824 3045
1825 987
1826 288
1827 946
1828 1382
1829 2316
1830 181
1831 1833
1832 479
1833 1759
1834 334
1835 2355
1836 1015
1837 237
1838 842
1839 375
1840 659
1841 657
1842 317
1843 977
1844 2999
1845 2136
1846 687
1847 832
1848 1919
1849 3230
1850 423
1851 227
1852 398
1853 1425
1854 558
1855 1717
1856 980
1857 347
1858 2517
1859 3022
1860 833
1861 1944
1862 1991
1863 95
1864 800
1865 329
1866 920
1867 7872
1868 1766
1869 925
1870 283
1871 1038
1872 3646
1873 1789
1874 605
1875 239
1876 289
1877 860
1878 1005
1879 716
1880 91
1881 1824
1882 2936
1883 3656
1884 1990
1885 805
1886 344
1887 350
1888 88
1889 1601
1890 1752
1891 573
1892 1140
1893 1245
1894 5002
1895 5151
1896 2150
1897 590
1898 490
1899 425
1900 2262
1901 1423
1902 289
1903 3227
1904 1096
1905 1552
1906 1095
1907 1483
1908 829
1909 960
1910 950
1911 1359
1912 2646
1913 1247
1914 274
1915 111
1916 176
1917 1596
1918 774
1919 1721
1920 708
1921 1257
1922 299
1923 1429
1924 1308
1925 1446
1926 244
1927 278
1928 307
1929 394
1930 752
1931 1265
1932 460
1933 197
1934 605
1935 1548
1936 1882
1937 289
1938 219
1939 457
1940 1707
1941 1499
1942 3662
1943 3093
1944 502
1945 614
1946 643
1947 107
1948 717
1949 580
1950 500
1951 1797
1952 1107
1953 1864
1954 954
1955 2830
1956 407
1957 1038
1958 1442
1959 859
1960 586
1961 221
1962 33
1963 299
1964 3208
1965 3341
1966 336
1967 1742
1968 3023
1969 1351
1970 738
1971 1281
1972 2782
1973 358
1974 730
1975 1688
1976 664
1977 4
1978 175
1979 131
1980 1612
1981 2949
1982 1280
1983 322
1984 575
1985 2669
1986 1199
1987 146
1988 197
1989 1950
1990 993
1991 1272
1992 1073
1993 497
1994 1234
1995 2606
1996 4181
1997 1441
1998 778
1999 1825
2000 1755
2001 62
2002 328
2003 935
2004 2605
2005 1258
2006 656
2007 997
2008 706
2009 1164
2010 1253
2011 1525
2012 303
2013 307
2014 1766
2015 1417
2016 2628
2017 3285
2018 301
2019 2325
2020 906
2021 757
2022 533
2023 2434
2024 3814
2025 95
2026 882
2027 853
2028 861
2029 501
2030 1485
2031 2166
2032 1426
2033 482
2034 1300
2035 2105
2036 3060
2037 1157
2038 969
2039 717
2040 508
2041 402
2042 567
2043 2187
2044 478
2045 944
2046 867
2047 926
2048 2616
2049 3125
2050 2034
2051 2060
2052 198
2053 240
2054 1357
2055 4204
2056 624
2057 847
2058 835
2059 964
2060 866
2061 1798
2062 1294
2063 1108
2064 305
2065 214
2066 2094
2067 1386
2068 78
2069 2178
2070 509
2071 1105
2072 2550
2073 2097
2074 1097
2075 1634
2076 2450
2077 572
2078 41
2079 291
2080 1491
2081 2797
2082 1891
2083 1424
2084 921
2085 684
2086 1747
2087 1251
2088 1875
2089 1473
2090 1171
2091 772
2092 610
2093 716
2094 1141
2095 4126
2096 1136
2097 4472
2098 2234
2099 1244
2100 584
2101 307
2102 83
2103 3114
2104 2984
2105 1348
2106 60
2107 60
2108 488
2109 377
2110 2231
2111 1537
2112 2406
2113 1281
2114 926
2115 1595
2116 969
2117 890
2118 2666
2119 2840
2120 526
2121 578
2122 189
2123 235
2124 2551
2125 289
2126 1465
2127 1600
2128 2239
2129 731
2130 1057
2131 2617
2132 3016
2133 376
2134 19
2135 325
2136 89
2137 1598
2138 3155
2139 788
2140 263
2141 48
2142 55
2143 79
2144 2094
2145 2247
2146 920
2147 463
2148 3130
2149 1358
2150 3341
2151 472
2152 2077
2153 2700
2154 1993
2155 677
2156 159
2157 237
2158 167
2159 962
2160 2751
2161 2636
2162 10
2163 134
2164 505
2165 2129
2166 1117
2167 881
2168 547
2169 1328
2170 458
2171 214
2172 1683
2173 1176
2174 66
2175 724
2176 74
2177 1310
2178 252
2179 577
2180 279
2181 764
2182 579
2183 931
2184 320
2185 4
2186 43
2187 1529
2188 782
2189 586
2190 1802
2191 1379
2192 588
2193 2106
2194 328
2195 94
2196 32
2197 304
2198 184
2199 952
2200 602
2201 1090
2202 1409
2203 2153
2204 361
2205 2184
2206 2051
2207 578
2208 95
2209 961
2210 804
2211 1781
2212 3260
2213 2648
2214 453
2215 643
2216 115
2217 249
2218 139
2219 297
2220 1115
2221 39
2222 44
2223 582
2224 1347
2225 309
2226 208
2227 2126
2228 1738
2229 1569
2230 1855
2231 222
2232 693
2233 1022
2234 65
2235 288
2236 94
2237 712
2238 298
2239 50
2240 8
2241 168
2242 90
2243 2455
2244 1138
2245 218
2246 386
2247 1884
2248 3316
2249 516
2250 2584
2251 1237
2252 326
2253 883
2254 2749
2255 1318
2256 1656
2257 513
2258 78
2259 287
2260 1899
2261 331
2262 164
2263 51
2264 72
2265 683
2266 3316
2267 2514
2268 2204
2269 3087
2270 2958
2271 1665
2272 87
2273 355
2274 3651
2275 2570
2276 1288
2277 2787
2278 786
2279 206
2280 149
2281 2235
2282 3074
2283 320
2284 0
2285 289
2286 1698
2287 407
2288 612
2289 602
2290 2606
2291 3681
2292 298
2293 47
2294 2827
2295 2400
2296 636
2297 1259
2298 764
2299 87
2300 1195
2301 1892
2302 973
2303 46
2304 540
2305 150
2306 382
2307 992
2308 2722
2309 984
2310 937
2311 843
2312 672
2313 649
2314 1262
2315 672
2316 3352
2317 1052
2318 22
2319 417
2320 2378
2321 1434
2322 1190
2323 0
2324 15
2325 349
2326 2764
2327 4576
2328 813
2329 162
2330 292
2331 121
2332 557
2333 554
2334 4155
2335 5297
2336 626
2337 126
2338 658
2339 1434
2340 1308
2341 365
2342 18
2343 0
2344 1016
2345 1979
2346 1073
2347 1593
2348 223
2349 951
2350 1255
2351 2093
2352 1773
2353 2939
2354 1597
2355 402
2356 1243
2357 425
2358 175
2359 11
2360 63
2361 25
2362 61
2363 2708
2364 2384
2365 314
2366 1911
2367 1541
2368 439
2369 1130
2370 1862
2371 1236
2372 1017
2373 652
2374 81
2375 1367
2376 2043
2377 69
2378 34
2379 278
2380 450
2381 89
2382 2527
2383 1304
2384 901
2385 3322
2386 933
2387 2348
2388 3975
2389 2337
2390 1606
2391 2811
2392 403
2393 386
2394 2525
2395 917
2396 292
2397 72
2398 2187
2399 53
2400 233
2401 1408
2402 5474
2403 435
2404 765
2405 1925
2406 2535
2407 1711
2408 896
2409 1339
2410 867
2411 2013
2412 1301
2413 326
2414 16
2415 635
2416 137
2417 340
2418 83
2419 1505
2420 2598
2421 2340
2422 5022
2423 679
2424 1280
2425 1570
2426 2125
2427 2573
2428 3156
2429 640
2430 32
2431 663
2432 1789
2433 17
2434 284
2435 847
2436 954
2437 533
2438 3210
2439 380
2440 1253
2441 2614
2442 2565
2443 1125
2444 1334
2445 1291
2446 235
2447 21
2448 15
2449 1173
2450 129
2451 356
2452 188
2453 101
2454 959
2455 928
2456 1413
2457 1338
2458 226
2459 830
2460 199
2461 122
2462 13
2463 126
2464 841
2465 5017
2466 744
2467 23
2468 309
2469 423
2470 795
2471 572
2472 534
2473 107
2474 56
2475 68
2476 0
2477 280
2478 1240
2479 113
2480 386
2481 608
2482 224
2483 540
2484 907
2485 1252
2486 590
2487 1788
2488 348
2489 457
2490 86
2491 33
2492 11
2493 56
2494 507
2495 1155
2496 395
2497 727
2498 161
2499 810
2500 439
2501 359
2502 429
2503 2310
2504 100
2505 25
2506 150
2507 45
2508 59
2509 456
2510 245
2511 366
2512 332
2513 664
2514 4
2515 7
2516 211
2517 18
2518 0
2519 55
2520 311
2521 171
2522 279
2523 817
2524 40
2525 24
2526 1188
2527 587
2528 8
2529 198
2530 335
2531 182
2532 82
2533 66
2534 1916
2535 2354
2536 329
2537 667
2538 984
2539 185
2540 21
2541 180
2542 2742
2543 703
2544 867
2545 2354
2546 214
2547 107
2548 668
2549 324
2550 187
2551 100
2552 789
2553 1458
2554 519
2555 17
2556 17
2557 174
2558 439
2559 364
2560 1245
2561 1176
2562 288
2563 858
2564 219
2565 224
2566 479
2567 241
2568 238
2569 86
2570 255
2571 162
2572 2
2573 440
2574 28
2575 1067
2576 74
2577 82
2578 79
2579 50
2580 2
2581 7
2582 0
2583 0
2584 0
2585 0
2586 0
2587 0
2588 3
2589 0
2590 0
2591 0
2592 0
2593 0
2594 0
2595 0
2596 0
2597 0
2598 16
