0 22
1 0
2 3
3 1
4 8
5 0
6 0
7 1
8 0
9 0
10 4
11 16
12 1
13 0
14 36
15 14
16 23
17 5
18 0
19 55
20 0
21 7
22 4
23 37
24 0
25 11
26 0
27 1
28 1
29 5
30 0
31 0
32 0
33 13
34 2
35 20
36 0
37 6
38 3
39 2
40 6
41 2
42 1
43 2
44 28
45 0
46 2
47 1
48 2
49 24
50 13
51 3
52 21
53 20
54 20
55 2
56 3
57 14
58 24
59 3
60 5
61 29
62 25
63 2
64 3
65 56
66 6
67 19
68 8
69 1
70 4
71 6
72 2
73 0
74 23
75 36
76 0
77 17
78 38
79 37
80 4
81 0
82 13
83 6
84 2
85 0
86 17
87 52
88 45
89 1
90 0
91 1
92 3
93 16
94 3
95 0
96 4
97 25
98 6
99 0
100 0
101 3
102 20
103 24
104 3
105 7
106 28
107 7
108 23
109 22
110 0
111 10
112 13
113 3
114 19
115 11
116 26
117 3
118 2
119 13
120 0
121 14
122 48
123 17
124 5
125 1
126 3
127 2
128 7
129 10
130 5
131 12
132 4
133 0
134 1
135 49
136 21
137 100
138 5
139 5
140 31
141 29
142 5
143 5
144 0
145 1
146 26
147 3
148 28
149 22
150 9
151 0
152 0
153 9
154 8
155 13
156 3
157 7
158 87
159 15
160 0
161 6
162 0
163 16
164 14
165 18
166 27
167 15
168 9
169 6
170 33
171 22
172 5
173 0
174 34
175 65
176 42
177 3
178 12
179 0
180 37
181 2
182 96
183 45
184 18
185 14
186 71
187 62
188 38
189 3
190 7
191 0
192 0
193 1
194 0
195 1
196 32
197 25
198 4
199 31
200 20
201 20
202 7
203 33
204 21
205 45
206 87
207 20
208 13
209 0
210 57
211 1
212 0
213 21
214 0
215 43
216 0
217 14
218 14
219 64
220 14
221 52
222 55
223 48
224 76
225 46
226 38
227 6
228 1
229 0
230 2
231 0
232 0
233 5
234 0
235 6
236 0
237 0
238 20
239 87
240 2
241 91
242 57
243 8
244 56
245 12
246 19
247 0
248 14
249 9
250 8
251 1
252 3
253 0
254 1
255 11
256 133
257 38
258 7
259 0
260 0
261 0
262 2
263 20
264 3
265 0
266 3
267 5
268 1
269 1
270 15
271 34
272 10
273 0
274 5
275 2
276 4
277 2
278 7
279 19
280 2
281 0
282 10
283 83
284 0
285 3
286 8
287 5
288 8
289 4
290 67
291 18
292 101
293 28
294 0
295 17
296 31
297 11
298 11
299 0
300 16
301 11
302 25
303 17
304 87
305 25
306 16
307 50
308 0
309 25
310 13
311 21
312 27
313 6
314 6
315 31
316 23
317 39
318 77
319 1
320 10
321 15
322 4
323 5
324 0
325 2
326 8
327 3
328 1
329 0
330 2
331 19
332 3
333 35
334 48
335 44
336 3
337 20
338 57
339 42
340 0
341 0
342 4
343 0
344 3
345 0
346 13
347 1
348 38
349 15
350 16
351 76
352 12
353 1
354 0
355 0
356 1
357 18
358 0
359 20
360 21
361 61
362 86
363 3
364 0
365 0
366 5
367 15
368 29
369 27
370 10
371 6
372 10
373 13
374 6
375 7
376 16
377 0
378 3
379 20
380 19
381 0
382 17
383 1
384 15
385 23
386 0
387 0
388 22
389 0
390 44
391 29
392 56
393 1
394 28
395 15
396 51
397 22
398 0
399 39
400 3
401 18
402 7
403 8
404 0
405 22
406 47
407 37
408 12
409 0
410 3
411 7
412 12
413 74
414 47
415 2
416 9
417 17
418 2
419 11
420 6
421 2
422 36
423 30
424 39
425 17
426 15
427 5
428 24
429 1
430 64
431 2
432 5
433 11
434 1
435 2
436 50
437 64
438 88
439 34
440 53
441 49
442 24
443 78
444 16
445 12
446 7
447 0
448 35
449 10
450 0
451 14
452 0
453 48
454 47
455 10
456 32
457 68
458 37
459 0
460 2
461 50
462 29
463 19
464 29
465 20
466 4
467 35
468 27
469 49
470 61
471 68
472 41
473 20
474 51
475 13
476 4
477 7
478 2
479 8
480 5
481 9
482 10
483 5
484 42
485 11
486 18
487 32
488 0
489 51
490 17
491 10
492 55
493 92
494 8
495 17
496 12
497 4
498 60
499 20
500 16
501 15
502 12
503 4
504 1
505 17
506 26
507 5
508 3
509 76
510 9
511 10
512 44
513 57
514 24
515 36
516 17
517 16
518 1
519 15
520 67
521 59
522 1
523 9
524 10
525 0
526 2
527 6
528 20
529 6
530 3
531 8
532 50
533 48
534 6
535 38
536 34
537 7
538 6
539 30
540 5
541 10
542 3
543 36
544 0
545 1
546 25
547 0
548 28
549 1
550 16
551 2
552 37
553 40
554 0
555 44
556 10
557 4
558 17
559 30
560 7
561 21
562 9
563 0
564 0
565 0
566 0
567 6
568 3
569 0
570 9
571 27
572 18
573 12
574 3
575 28
576 10
577 16
578 20
579 8
580 3
581 1
582 2
583 17
584 26
585 22
586 19
587 6
588 43
589 81
590 2
591 2
592 15
593 3
594 1
595 8
596 4
597 3
598 45
599 57
600 44
601 87
602 19
603 12
604 9
605 0
606 24
607 22
608 42
609 11
610 27
611 14
612 38
613 27
614 71
615 0
616 46
617 0
618 2
619 2
620 8
621 0
622 12
623 6
624 8
625 58
626 23
627 67
628 0
629 33
630 0
631 6
632 12
633 0
634 16
635 9
636 24
637 2
638 13
639 29
640 3
641 21
642 21
643 58
644 11
645 48
646 27
647 4
648 3
649 0
650 0
651 17
652 22
653 11
654 10
655 15
656 11
657 4
658 46
659 33
660 2
661 15
662 2
663 31
664 6
665 4
666 25
667 20
668 2
669 10
670 20
671 44
672 6
673 3
674 5
675 1
676 31
677 42
678 37
679 21
680 47
681 42
682 3
683 8
684 5
685 21
686 4
687 0
688 0
689 17
690 48
691 28
692 17
693 0
694 5
695 8
696 9
697 4
698 4
699 16
700 10
701 11
702 20
703 0
704 5
705 39
706 57
707 24
708 2
709 25
710 0
711 0
712 3
713 4
714 0
715 3
716 18
717 78
718 35
719 0
720 80
721 12
722 6
723 1
724 13
725 9
726 11
727 12
728 12
729 25
730 17
731 40
732 4
733 13
734 20
735 8
736 30
737 16
738 43
739 45
740 20
741 11
742 1
743 8
744 33
745 1
746 1
747 0
748 31
749 12
750 81
751 3
752 35
753 9
754 32
755 0
756 11
757 4
758 9
759 40
760 25
761 7
762 19
763 7
764 54
765 23
766 15
767 12
768 1
769 9
770 62
771 9
772 5
773 0
774 15
775 22
776 13
777 13
778 12
779 1
780 0
781 3
782 14
783 10
784 22
785 10
786 31
787 21
788 5
789 44
790 7
791 7
792 10
793 31
794 21
795 0
796 26
797 33
798 18
799 7
800 7
801 0
802 8
803 0
804 2
805 1
806 60
807 19
808 13
809 38
810 19
811 6
812 18
813 15
814 4
815 1
816 0
817 0
818 8
819 46
820 44
821 37
822 18
823 23
824 0
825 17
826 8
827 34
828 21
829 10
830 10
831 18
832 17
833 26
834 29
835 13
836 19
837 8
838 5
839 4
840 0
841 3
842 2
843 0
844 10
845 20
846 0
847 35
848 22
849 6
850 30
851 0
852 24
853 5
854 1
855 14
856 0
857 41
858 28
859 4
860 7
861 12
862 26
863 7
864 13
865 16
866 5
867 14
868 2
869 4
870 10
871 2
872 0
873 5
874 0
875 0
876 3
877 49
878 16
879 17
880 62
881 46
882 4
883 4
884 20
885 3
886 4
887 3
888 15
889 83
890 7
891 8
892 17
893 2
894 7
895 15
896 7
897 15
898 5
899 2
900 0
901 0
902 5
903 87
904 35
905 9
906 37
907 0
908 39
909 0
910 2
911 32
912 0
913 2
914 13
915 0
916 1
917 10
918 30
919 9
920 31
921 36
922 13
923 3
924 6
925 1
926 4
927 10
928 0
929 1
930 21
931 59
932 22
933 60
934 31
935 45
936 0
937 4
938 28
939 9
940 36
941 17
942 0
943 1
944 39
945 41
946 13
947 0
948 0
949 29
950 0
951 1
952 16
953 32
954 15
955 59
956 69
957 13
958 8
959 30
960 9
961 0
962 9
963 27
964 26
965 9
966 18
967 13
968 19
969 40
970 16
971 0
972 12
973 42
974 14
975 22
976 3
977 1
978 87
979 13
980 74
981 73
982 12
983 7
984 46
985 0
986 11
987 3
988 0
989 0
990 2
991 8
992 0
993 54
994 26
995 10
996 23
997 4
998 11
999 16
1000 8
1001 16
1002 34
1003 0
1004 0
1005 1
1006 0
1007 32
1008 62
1009 0
1010 8
1011 3
1012 0
1013 0
1014 0
1015 0
1016 15
1017 48
1018 4
1019 43
1020 30
1021 49
1022 31
1023 12
1024 18
1025 6
1026 23
1027 60
1028 10
1029 5
1030 4
1031 35
1032 1
1033 2
1034 9
1035 19
1036 11
1037 3
1038 49
1039 36
1040 45
1041 24
1042 2
1043 16
1044 6
1045 10
1046 19
1047 17
1048 24
1049 2
1050 0
1051 0
1052 0
1053 0
1054 2
1055 11
1056 13
1057 17
1058 30
1059 43
1060 44
1061 9
1062 0
1063 2
1064 0
1065 5
1066 2
1067 11
1068 3
1069 12
1070 0
1071 6
1072 43
1073 17
1074 32
1075 3
1076 6
1077 0
1078 20
1079 2
1080 34
1081 20
1082 6
1083 15
1084 18
1085 6
1086 0
1087 3
1088 1
1089 1
1090 40
1091 53
1092 40
1093 58
1094 29
1095 4
1096 11
1097 4
1098 14
1099 62
1100 2
1101 4
1102 3
1103 12
1104 1
1105 7
1106 59
1107 56
1108 12
1109 0
1110 118
1111 31
1112 4
1113 24
1114 46
1115 4
1116 0
1117 4
1118 8
1119 46
1120 45
1121 36
1122 6
1123 2
1124 8
1125 0
1126 11
1127 0
1128 17
1129 25
1130 0
1131 1
1132 0
1133 20
1134 0
1135 6
1136 0
1137 0
1138 0
1139 31
1140 128
1141 76
1142 31
1143 0
1144 2
1145 0
1146 9
1147 0
1148 3
1149 45
1150 75
1151 8
1152 7
1153 10
1154 21
1155 57
1156 0
1157 28
1158 7
1159 2
1160 9
1161 2
1162 14
1163 0
1164 1
1165 0
1166 19
1167 20
1168 42
1169 5
1170 41
1171 0
1172 0
1173 6
1174 1
1175 3
1176 27
1177 59
1178 7
1179 50
1180 5
1181 37
1182 27
1183 0
1184 15
1185 36
1186 23
1187 16
1188 1
1189 0
1190 1
1191 21
1192 18
1193 1
1194 4
1195 1
1196 6
1197 0
1198 13
1199 15
1200 8
1201 1
1202 1
1203 43
1204 3
1205 2
1206 7
1207 1
1208 14
1209 6
1210 40
1211 32
1212 76
1213 0
1214 23
1215 40
1216 17
1217 74
1218 36
1219 6
1220 25
1221 17
1222 5
1223 15
1224 18
1225 2
1226 12
1227 3
1228 0
1229 29
1230 15
1231 0
1232 9
1233 18
1234 22
1235 66
1236 13
1237 15
1238 23
1239 0
1240 0
1241 0
1242 5
1243 26
1244 0
1245 12
1246 10
1247 18
1248 59
1249 84
1250 5
1251 37
1252 58
1253 83
1254 118
1255 0
1256 15
1257 5
1258 36
1259 0
1260 12
1261 2
1262 13
1263 17
1264 39
1265 32
1266 22
1267 0
1268 3
1269 1
1270 4
1271 7
1272 14
1273 20
1274 108
1275 47
1276 3
1277 7
1278 6
1279 12
1280 1
1281 2
1282 0
1283 1
1284 0
1285 0
1286 25
1287 58
1288 16
1289 42
1290 42
1291 35
1292 18
1293 23
1294 319
1295 101
1296 15
1297 3
1298 13
1299 35
1300 8
1301 0
1302 9
1303 19
1304 64
1305 14
1306 0
1307 32
1308 29
1309 20
1310 5
1311 18
1312 0
1313 0
1314 1
1315 56
1316 45
1317 51
1318 65
1319 52
1320 54
1321 106
1322 53
1323 7
1324 7
1325 16
1326 4
1327 5
1328 0
1329 12
1330 7
1331 15
1332 67
1333 16
1334 3
1335 14
1336 14
1337 38
1338 30
1339 110
1340 142
1341 23
1342 7
1343 27
1344 39
1345 9
1346 6
1347 0
1348 3
1349 13
1350 62
1351 5
1352 2
1353 50
1354 6
1355 28
1356 22
1357 6
1358 8
1359 25
1360 1
1361 0
1362 1
1363 18
1364 83
1365 91
1366 22
1367 25
1368 29
1369 54
1370 42
1371 42
1372 0
1373 5
1374 0
1375 0
1376 4
1377 5
1378 12
1379 57
1380 68
1381 9
1382 11
1383 12
1384 26
1385 13
1386 38
1387 117
1388 34
1389 4
1390 38
1391 0
1392 5
1393 9
1394 4
1395 20
1396 18
1397 13
1398 0
1399 5
1400 37
1401 27
1402 20
1403 22
1404 24
1405 12
1406 8
1407 26
1408 29
1409 33
1410 28
1411 0
1412 11
1413 0
1414 0
1415 2
1416 27
1417 38
1418 28
1419 61
1420 28
1421 72
1422 20
1423 0
1424 6
1425 2
1426 6
1427 26
1428 86
1429 109
1430 73
1431 92
1432 64
1433 26
1434 30
1435 39
1436 29
1437 66
1438 1
1439 0
1440 18
1441 20
1442 98
1443 16
1444 15
1445 37
1446 54
1447 12
1448 18
1449 10
1450 7
1451 68
1452 12
1453 35
1454 24
1455 2
1456 18
1457 66
1458 0
1459 66
1460 21
1461 12
1462 7
1463 13
1464 0
1465 12
1466 25
1467 17
1468 3
1469 2
1470 2
1471 0
1472 0
1473 4
1474 5
1475 20
1476 102
1477 181
1478 71
1479 53
1480 69
1481 61
1482 15
1483 44
1484 36
1485 1
1486 9
1487 3
1488 31
1489 24
1490 115
1491 28
1492 13
1493 32
1494 34
1495 9
1496 47
1497 70
1498 7
1499 27
1500 42
1501 8
1502 14
1503 6
1504 31
1505 53
1506 5
1507 0
1508 51
1509 7
1510 21
1511 3
1512 2
1513 10
1514 72
1515 23
1516 13
1517 1
1518 0
1519 0
1520 1
1521 2
1522 3
1523 2
1524 27
1525 109
1526 71
1527 208
1528 158
1529 106
1530 38
1531 1
1532 16
1533 55
1534 2
1535 31
1536 21
1537 17
1538 40
1539 0
1540 1
1541 27
1542 5
1543 24
1544 117
1545 58
1546 74
1547 37
1548 12
1549 19
1550 52
1551 14
1552 13
1553 16
1554 11
1555 17
1556 60
1557 112
1558 8
1559 12
1560 23
1561 75
1562 43
1563 46
1564 1
1565 2
1566 16
1567 19
1568 52
1569 0
1570 3
1571 10
1572 156
1573 297
1574 100
1575 10
1576 104
1577 42
1578 29
1579 73
1580 80
1581 30
1582 38
1583 33
1584 18
1585 6
1586 1
1587 0
1588 46
1589 6
1590 98
1591 36
1592 22
1593 20
1594 26
1595 78
1596 48
1597 8
1598 4
1599 8
1600 72
1601 19
1602 65
1603 7
1604 6
1605 0
1606 3
1607 9
1608 0
1609 0
1610 1
1611 0
1612 21
1613 28
1614 16
1615 3
1616 35
1617 120
1618 94
1619 178
1620 83
1621 134
1622 118
1623 41
1624 30
1625 5
1626 83
1627 47
1628 21
1629 57
1630 28
1631 20
1632 26
1633 23
1634 39
1635 16
1636 15
1637 22
1638 0
1639 25
1640 46
1641 9
1642 0
1643 3
1644 3
1645 73
1646 149
1647 27
1648 49
1649 25
1650 16
1651 45
1652 121
1653 5
1654 16
1655 52
1656 57
1657 14
1658 24
1659 37
1660 18
1661 28
1662 25
1663 7
1664 24
1665 42
1666 29
1667 66
1668 61
1669 1
1670 12
1671 13
1672 0
1673 0
1674 0
1675 2
1676 2
1677 141
1678 100
1679 76
1680 79
1681 25
1682 46
1683 40
1684 20
1685 58
1686 32
1687 14
1688 21
1689 33
1690 14
1691 34
1692 9
1693 22
1694 32
1695 0
1696 14
1697 4
1698 6
1699 8
1700 3
1701 68
1702 6
1703 24
1704 0
1705 1
1706 5
1707 21
1708 1
1709 24
1710 126
1711 36
1712 25
1713 19
1714 17
1715 57
1716 39
1717 29
1718 7
1719 15
1720 4
1721 24
1722 6
1723 7
1724 7
1725 7
1726 20
1727 14
1728 51
1729 45
1730 2
1731 6
1732 2
1733 16
1734 10
1735 2
1736 13
1737 33
1738 57
1739 49
1740 34
1741 14
1742 41
1743 3
1744 21
1745 36
1746 15
1747 1
1748 0
1749 5
1750 14
1751 32
1752 43
1753 4
1754 1
1755 0
1756 8
1757 13
1758 18
1759 0
1760 0
1761 43
1762 11
1763 20
1764 22
1765 23
1766 12
1767 49
1768 24
1769 1
1770 5
1771 12
1772 26
1773 46
1774 21
1775 17
1776 19
1777 26
1778 44
1779 0
1780 7
1781 0
1782 25
1783 2
1784 7
1785 12
1786 3
1787 30
1788 15
1789 9
1790 22
1791 1
1792 31
1793 14
1794 2
1795 0
1796 6
1797 61
1798 57
1799 111
1800 90
1801 26
1802 32
1803 8
1804 21
1805 80
1806 78
1807 18
1808 19
1809 0
1810 26
1811 15
1812 12
1813 9
1814 9
1815 11
1816 7
1817 0
1818 14
1819 3
1820 29
1821 16
1822 9
1823 15
1824 60
1825 16
1826 6
1827 20
1828 0
1829 46
1830 3
1831 37
1832 8
1833 34
1834 7
1835 0
1836 22
1837 4
1838 18
1839 0
1840 15
1841 12
1842 5
1843 18
1844 55
1845 46
1846 0
1847 17
1848 0
1849 60
1850 8
1851 6
1852 6
1853 30
1854 10
1855 31
1856 18
1857 5
1858 58
1859 66
1860 19
1861 35
1862 43
1863 0
1864 16
1865 4
1866 19
1867 155
1868 35
1869 22
1870 0
1871 18
1872 64
1873 32
1874 11
1875 4
1876 6
1877 19
1878 21
1879 10
1880 2
1881 0
1882 65
1883 71
1884 39
1885 17
1886 8
1887 7
1888 0
1889 29
1890 35
1891 9
1892 24
1893 29
1894 97
1895 0
1896 42
1897 0
1898 13
1899 9
1900 52
1901 28
1902 5
1903 66
1904 20
1905 31
1906 21
1907 24
1908 18
1909 17
1910 17
1911 36
1912 53
1913 26
1914 5
1915 2
1916 0
1917 36
1918 14
1919 29
1920 13
1921 21
1922 8
1923 29
1924 25
1925 28
1926 5
1927 6
1928 8
1929 7
1930 15
1931 25
1932 0
1933 4
1934 12
1935 35
1936 33
1937 5
1938 3
1939 9
1940 35
1941 27
1942 77
1943 58
1944 11
1945 13
1946 11
1947 3
1948 12
1949 10
1950 12
1951 41
1952 19
1953 39
1954 17
1955 54
1956 8
1957 19
1958 29
1959 16
1960 12
1961 4
1962 0
1963 7
1964 72
1965 67
1966 4
1967 0
1968 57
1969 25
1970 17
1971 26
1972 54
1973 6
1974 17
1975 37
1976 12
1977 0
1978 2
1979 2
1980 30
1981 51
1982 24
1983 6
1984 13
1985 54
1986 23
1987 0
1988 4
1989 40
1990 17
1991 22
1992 22
1993 11
1994 20
1995 54
1996 79
1997 0
1998 14
1999 37
2000 32
2001 1
2002 6
2003 17
2004 54
2005 24
2006 15
2007 19
2008 12
2009 19
2010 23
2011 40
2012 4
2013 7
2014 31
2015 24
2016 59
2017 66
2018 5
2019 49
2020 14
2021 13
2022 10
2023 46
2024 74
2025 1
2026 21
2027 0
2028 17
2029 9
2030 30
2031 37
2032 31
2033 10
2034 24
2035 36
2036 60
2037 20
2038 20
2039 0
2040 7
2041 7
2042 11
2043 44
2044 9
2045 19
2046 14
2047 17
2048 52
2049 70
2050 38
2051 44
2052 4
2053 5
2054 28
2055 90
2056 11
2057 15
2058 16
2059 20
2060 20
2061 37
2062 28
2063 21
2064 5
2065 3
2066 40
2067 29
2068 1
2069 38
2070 10
2071 17
2072 50
2073 43
2074 21
2075 32
2076 48
2077 16
2078 0
2079 7
2080 33
2081 55
2082 35
2083 28
2084 14
2085 9
2086 35
2087 22
2088 38
2089 30
2090 20
2091 16
2092 15
2093 15
2094 21
2095 92
2096 24
2097 97
2098 42
2099 26
2100 12
2101 5
2102 1
2103 61
2104 58
2105 31
2106 0
2107 1
2108 9
2109 6
2110 48
2111 30
2112 41
2113 27
2114 18
2115 26
2116 22
2117 14
2118 63
2119 55
2120 10
2121 13
2122 2
2123 4
2124 52
2125 5
2126 32
2127 30
2128 47
2129 18
2130 21
2131 58
2132 62
2133 6
2134 0
2135 7
2136 1
2137 31
2138 61
2139 15
2140 6
2141 0
2142 0
2143 1
2144 44
2145 43
2146 17
2147 9
2148 63
2149 26
2150 74
2151 9
2152 39
2153 53
2154 41
2155 12
2156 2
2157 3
2158 3
2159 24
2160 54
2161 50
2162 0
2163 1
2164 0
2165 0
2166 26
2167 17
2168 9
2169 27
2170 8
2171 3
2172 31
2173 17
2174 1
2175 12
2176 1
2177 25
2178 5
2179 7
2180 5
2181 13
2182 10
2183 14
2184 6
2185 0
2186 0
2187 26
2188 11
2189 14
2190 37
2191 29
2192 11
2193 50
2194 8
2195 0
2196 0
2197 8
2198 4
2199 20
2200 10
2201 26
2202 26
2203 44
2204 7
2205 39
2206 40
2207 12
2208 1
2209 17
2210 0
2211 0
2212 66
2213 53
2214 8
2215 12
2216 2
2217 4
2218 1
2219 6
2220 23
2221 0
2222 2
2223 11
2224 25
2225 7
2226 5
2227 41
2228 32
2229 37
2230 42
2231 3
2232 13
2233 17
2234 0
2235 4
2236 2
2237 13
2238 3
2239 1
2240 0
2241 4
2242 4
2243 49
2244 24
2245 3
2246 9
2247 36
2248 63
2249 12
2250 49
2251 19
2252 5
2253 17
2254 55
2255 25
2256 41
2257 10
2258 1
2259 6
2260 37
2261 5
2262 4
2263 1
2264 1
2265 13
2266 68
2267 49
2268 44
2269 59
2270 62
2271 30
2272 0
2273 10
2274 69
2275 57
2276 27
2277 57
2278 19
2279 4
2280 3
2281 45
2282 57
2283 6
2284 0
2285 4
2286 0
2287 5
2288 11
2289 13
2290 53
2291 81
2292 7
2293 0
2294 65
2295 43
2296 14
2297 22
2298 15
2299 1
2300 25
2301 40
2302 17
2303 0
2304 10
2305 2
2306 0
2307 19
2308 57
2309 21
2310 18
2311 17
2312 13
2313 16
2314 27
2315 15
2316 62
2317 25
2318 0
2319 8
2320 43
2321 32
2322 27
2323 0
2324 0
2325 4
2326 52
2327 85
2328 16
2329 3
2330 5
2331 1
2332 10
2333 9
2334 80
2335 108
2336 12
2337 1
2338 14
2339 28
2340 27
2341 8
2342 0
2343 0
2344 18
2345 40
2346 22
2347 32
2348 2
2349 17
2350 28
2351 37
2352 43
2353 54
2354 33
2355 6
2356 24
2357 8
2358 3
2359 0
2360 1
2361 0
2362 1
2363 55
2364 47
2365 5
2366 41
2367 34
2368 8
2369 23
2370 39
2371 24
2372 24
2373 11
2374 2
2375 29
2376 35
2377 0
2378 0
2379 4
2380 9
2381 1
2382 44
2383 24
2384 21
2385 58
2386 18
2387 44
2388 84
2389 48
2390 37
2391 57
2392 8
2393 5
2394 52
2395 0
2396 8
2397 1
2398 43
2399 1
2400 6
2401 28
2402 107
2403 9
2404 13
2405 36
2406 50
2407 40
2408 23
2409 29
2410 17
2411 45
2412 31
2413 6
2414 0
2415 0
2416 4
2417 6
2418 2
2419 33
2420 0
2421 45
2422 97
2423 17
2424 27
2425 31
2426 36
2427 53
2428 61
2429 12
2430 0
2431 13
2432 35
2433 0
2434 0
2435 16
2436 21
2437 10
2438 74
2439 7
2440 21
2441 55
2442 51
2443 21
2444 28
2445 27
2446 2
2447 0
2448 0
2449 25
2450 1
2451 7
2452 4
2453 0
2454 19
2455 21
2456 27
2457 24
2458 5
2459 19
2460 3
2461 2
2462 0
2463 2
2464 18
2465 102
2466 14
2467 0
2468 6
2469 8
2470 16
2471 8
2472 10
2473 2
2474 0
2475 0
2476 0
2477 6
2478 18
2479 1
2480 8
2481 16
2482 6
2483 8
2484 17
2485 21
2486 11
2487 34
2488 4
2489 9
2490 1
2491 0
2492 0
2493 0
2494 10
2495 22
2496 8
2497 13
2498 3
2499 16
2500 10
2501 5
2502 9
2503 45
2504 3
2505 0
2506 3
2507 0
2508 1
2509 9
2510 5
2511 9
2512 5
2513 12
2514 0
2515 0
2516 5
2517 0
2518 0
2519 0
2520 4
2521 3
2522 5
2523 14
2524 0
2525 0
2526 23
2527 8
2528 0
2529 6
2530 5
2531 3
2532 2
2533 0
2534 44
2535 44
2536 5
2537 11
2538 21
2539 0
2540 0
2541 2
2542 56
2543 12
2544 16
2545 39
2546 2
2547 3
2548 11
2549 6
2550 4
2551 2
2552 15
2553 29
2554 8
2555 0
2556 0
2557 1
2558 7
2559 4
2560 30
2561 20
2562 0
2563 17
2564 5
2565 5
2566 9
2567 0
2568 5
2569 2
2570 5
2571 4
2572 0
2573 8
2574 0
2575 20
2576 1
2577 1
2578 2
2579 0
2580 0
2581 0
2582 0
2583 0
2584 0
2585 0
2586 0
2587 0
2588 0
2589 0
2590 0
2591 0
2592 0
2593 0
2594 0
2595 0
2596 0
2597 0
2598 0
