0 9
1 0
2 0
3 0
4 3
5 8
6 0
7 0
8 0
9 0
10 2
11 8
12 1
13 6
14 0
15 5
16 12
17 2
18 0
19 30
20 0
21 6
22 2
23 21
24 0
25 6
26 0
27 1
28 0
29 1
30 0
31 0
32 0
33 6
34 1
35 10
36 0
37 2
38 1
39 1
40 3
41 0
42 1
43 1
44 18
45 0
46 0
47 0
48 0
49 13
50 6
51 1
52 13
53 11
54 15
55 0
56 2
57 7
58 12
59 0
60 2
61 17
62 10
63 0
64 3
65 25
66 4
67 11
68 5
69 0
70 1
71 0
72 0
73 0
74 12
75 19
76 1
77 6
78 19
79 18
80 0
81 0
82 7
83 5
84 0
85 0
86 9
87 25
88 25
89 0
90 0
91 0
92 2
93 7
94 2
95 0
96 3
97 12
98 4
99 14
100 0
101 0
102 12
103 0
104 1
105 5
106 14
107 5
108 10
109 12
110 0
111 4
112 5
113 2
114 8
115 6
116 14
117 2
118 2
119 9
120 0
121 8
122 25
123 6
124 3
125 0
126 2
127 2
128 3
129 6
130 1
131 6
132 1
133 0
134 1
135 22
136 13
137 49
138 3
139 1
140 21
141 19
142 4
143 2
144 0
145 1
146 11
147 3
148 20
149 14
150 3
151 0
152 0
153 5
154 4
155 6
156 4
157 6
158 46
159 5
160 2
161 3
162 0
163 8
164 7
165 11
166 9
167 7
168 4
169 2
170 19
171 12
172 4
173 2
174 19
175 31
176 21
177 4
178 5
179 0
180 25
181 2
182 54
183 25
184 10
185 8
186 40
187 40
188 18
189 1
190 3
191 0
192 0
193 0
194 0
195 0
196 24
197 9
198 1
199 17
200 13
201 10
202 3
203 21
204 12
205 30
206 42
207 11
208 5
209 0
210 28
211 0
212 3
213 0
214 0
215 23
216 0
217 7
218 5
219 34
220 6
221 29
222 0
223 26
224 37
225 22
226 18
227 3
228 0
229 3
230 1
231 0
232 0
233 0
234 0
235 4
236 0
237 0
238 12
239 54
240 2
241 51
242 25
243 5
244 29
245 5
246 11
247 0
248 7
249 6
250 5
251 2
252 0
253 0
254 0
255 6
256 0
257 26
258 4
259 0
260 0
261 0
262 1
263 13
264 1
265 5
266 0
267 4
268 2
269 0
270 7
271 18
272 5
273 0
274 0
275 1
276 1
277 1
278 2
279 15
280 1
281 0
282 4
283 46
284 0
285 1
286 2
287 3
288 4
289 2
290 37
291 8
292 58
293 16
294 0
295 10
296 19
297 3
298 7
299 1
300 12
301 7
302 14
303 11
304 54
305 17
306 11
307 28
308 0
309 15
310 10
311 14
312 17
313 4
314 2
315 16
316 11
317 16
318 0
319 2
320 7
321 9
322 2
323 4
324 0
325 0
326 3
327 1
328 0
329 0
330 1
331 9
332 0
333 20
334 23
335 27
336 4
337 10
338 32
339 22
340 0
341 0
342 1
343 0
344 2
345 0
346 6
347 1
348 19
349 5
350 9
351 42
352 5
353 2
354 0
355 0
356 0
357 9
358 0
359 12
360 15
361 33
362 42
363 0
364 0
365 0
366 3
367 6
368 14
369 15
370 5
371 5
372 0
373 7
374 0
375 4
376 8
377 0
378 2
379 11
380 8
381 0
382 9
383 0
384 11
385 16
386 0
387 0
388 9
389 16
390 24
391 17
392 30
393 1
394 15
395 4
396 29
397 12
398 0
399 22
400 0
401 9
402 4
403 4
404 14
405 9
406 31
407 22
408 4
409 0
410 2
411 3
412 7
413 36
414 21
415 1
416 3
417 7
418 2
419 5
420 1
421 1
422 22
423 14
424 16
425 7
426 0
427 2
428 13
429 0
430 29
431 0
432 2
433 4
434 0
435 0
436 24
437 45
438 47
439 17
440 29
441 26
442 11
443 43
444 7
445 8
446 4
447 1
448 20
449 6
450 12
451 9
452 11
453 28
454 25
455 4
456 17
457 31
458 21
459 0
460 1
461 28
462 23
463 10
464 13
465 10
466 1
467 23
468 12
469 28
470 29
471 38
472 23
473 11
474 22
475 10
476 0
477 1
478 0
479 7
480 1
481 4
482 5
483 0
484 19
485 5
486 8
487 14
488 5
489 29
490 7
491 4
492 27
493 48
494 4
495 14
496 7
497 5
498 30
499 9
500 7
501 7
502 4
503 2
504 0
505 8
506 16
507 2
508 1
509 44
510 4
511 5
512 23
513 33
514 12
515 20
516 12
517 8
518 0
519 7
520 35
521 29
522 0
523 8
524 7
525 0
526 0
527 2
528 12
529 2
530 3
531 3
532 28
533 0
534 3
535 21
536 21
537 4
538 4
539 19
540 3
541 6
542 3
543 17
544 18
545 1
546 11
547 0
548 15
549 0
550 7
551 1
552 19
553 23
554 28
555 25
556 6
557 4
558 8
559 14
560 4
561 15
562 5
563 0
564 0
565 0
566 0
567 3
568 1
569 0
570 3
571 0
572 8
573 6
574 0
575 16
576 3
577 8
578 8
579 5
580 1
581 1
582 0
583 8
584 11
585 10
586 8
587 2
588 20
589 38
590 1
591 0
592 8
593 0
594 1
595 6
596 3
597 1
598 26
599 33
600 24
601 48
602 8
603 7
604 4
605 4
606 13
607 7
608 19
609 4
610 15
611 6
612 22
613 11
614 32
615 22
616 18
617 0
618 2
619 1
620 3
621 0
622 7
623 3
624 6
625 24
626 14
627 36
628 22
629 19
630 31
631 3
632 7
633 5
634 6
635 5
636 12
637 0
638 6
639 17
640 1
641 14
642 10
643 29
644 5
645 28
646 11
647 0
648 0
649 0
650 0
651 10
652 10
653 8
654 6
655 7
656 3
657 2
658 32
659 21
660 0
661 9
662 0
663 20
664 2
665 0
666 15
667 12
668 1
669 7
670 11
671 27
672 2
673 2
674 2
675 1
676 17
677 26
678 18
679 7
680 21
681 21
682 0
683 4
684 5
685 7
686 0
687 0
688 0
689 7
690 26
691 16
692 7
693 0
694 3
695 4
696 4
697 1
698 3
699 12
700 5
701 6
702 11
703 0
704 4
705 16
706 33
707 17
708 1
709 14
710 0
711 0
712 2
713 2
714 0
715 3
716 11
717 42
718 21
719 14
720 36
721 6
722 3
723 0
724 7
725 4
726 9
727 8
728 4
729 14
730 9
731 20
732 3
733 9
734 13
735 3
736 16
737 7
738 22
739 25
740 11
741 6
742 0
743 4
744 17
745 0
746 0
747 0
748 20
749 6
750 52
751 0
752 19
753 5
754 13
755 2
756 5
757 4
758 8
759 20
760 10
761 2
762 9
763 4
764 27
765 10
766 10
767 9
768 0
769 5
770 33
771 4
772 2
773 0
774 6
775 11
776 5
777 5
778 6
779 1
780 0
781 1
782 6
783 3
784 11
785 6
786 18
787 15
788 2
789 26
790 3
791 2
792 5
793 0
794 15
795 0
796 16
797 20
798 7
799 4
800 4
801 0
802 5
803 0
804 0
805 0
806 27
807 10
808 5
809 19
810 10
811 0
812 11
813 7
814 1
815 0
816 0
817 0
818 3
819 0
820 24
821 24
822 8
823 13
824 3
825 8
826 4
827 19
828 9
829 4
830 5
831 10
832 10
833 15
834 14
835 7
836 9
837 4
838 3
839 2
840 0
841 2
842 1
843 0
844 6
845 9
846 8
847 20
848 8
849 2
850 15
851 0
852 12
853 2
854 0
855 8
856 3
857 18
858 14
859 2
860 2
861 10
862 12
863 3
864 5
865 10
866 3
867 8
868 2
869 1
870 6
871 2
872 0
873 0
874 0
875 0
876 3
877 27
878 7
879 7
880 0
881 25
882 2
883 3
884 14
885 1
886 3
887 1
888 0
889 38
890 4
891 5
892 12
893 2
894 4
895 7
896 4
897 10
898 0
899 1
900 0
901 0
902 4
903 45
904 24
905 4
906 14
907 26
908 17
909 0
910 1
911 13
912 0
913 0
914 6
915 16
916 0
917 7
918 13
919 3
920 15
921 17
922 8
923 1
924 3
925 0
926 3
927 8
928 0
929 0
930 10
931 34
932 13
933 30
934 16
935 26
936 2
937 3
938 15
939 4
940 23
941 9
942 0
943 1
944 20
945 20
946 8
947 0
948 0
949 17
950 0
951 1
952 8
953 20
954 7
955 38
956 38
957 8
958 2
959 14
960 7
961 1
962 6
963 9
964 10
965 3
966 10
967 6
968 10
969 25
970 12
971 0
972 8
973 22
974 4
975 11
976 1
977 1
978 41
979 6
980 40
981 39
982 7
983 4
984 26
985 20
986 7
987 1
988 0
989 0
990 0
991 3
992 5
993 35
994 15
995 2
996 6
997 3
998 3
999 6
1000 4
1001 9
1002 12
1003 0
1004 0
1005 0
1006 0
1007 19
1008 28
1009 0
1010 3
1011 2
1012 0
1013 0
1014 0
1015 0
1016 8
1017 20
1018 3
1019 18
1020 13
1021 28
1022 18
1023 6
1024 10
1025 2
1026 17
1027 33
1028 4
1029 1
1030 3
1031 17
1032 0
1033 0
1034 8
1035 10
1036 5
1037 3
1038 31
1039 15
1040 23
1041 14
1042 1
1043 9
1044 4
1045 8
1046 10
1047 6
1048 10
1049 2
1050 2
1051 0
1052 0
1053 0
1054 0
1055 4
1056 5
1057 11
1058 11
1059 24
1060 27
1061 6
1062 0
1063 0
1064 0
1065 1
1066 0
1067 8
1068 0
1069 5
1070 5
1071 2
1072 19
1073 8
1074 15
1075 2
1076 1
1077 0
1078 12
1079 2
1080 18
1081 10
1082 4
1083 8
1084 4
1085 1
1086 0
1087 1
1088 1
1089 1
1090 20
1091 30
1092 21
1093 35
1094 16
1095 3
1096 5
1097 0
1098 7
1099 33
1100 1
1101 2
1102 1
1103 3
1104 2
1105 0
1106 37
1107 31
1108 9
1109 0
1110 65
1111 16
1112 2
1113 13
1114 24
1115 0
1116 0
1117 3
1118 3
1119 29
1120 20
1121 17
1122 2
1123 0
1124 4
1125 0
1126 7
1127 0
1128 8
1129 13
1130 0
1131 0
1132 0
1133 11
1134 4
1135 5
1136 0
1137 0
1138 0
1139 16
1140 68
1141 37
1142 11
1143 0
1144 2
1145 0
1146 2
1147 0
1148 0
1149 22
1150 34
1151 5
1152 0
1153 6
1154 8
1155 27
1156 24
1157 15
1158 4
1159 0
1160 3
1161 0
1162 7
1163 0
1164 0
1165 0
1166 5
1167 6
1168 23
1169 5
1170 23
1171 1
1172 0
1173 5
1174 2
1175 0
1176 15
1177 0
1178 5
1179 29
1180 2
1181 19
1182 11
1183 21
1184 10
1185 19
1186 12
1187 6
1188 1
1189 0
1190 0
1191 10
1192 10
1193 0
1194 2
1195 0
1196 1
1197 0
1198 7
1199 7
1200 5
1201 0
1202 0
1203 24
1204 0
1205 1
1206 5
1207 0
1208 6
1209 3
1210 18
1211 0
1212 37
1213 3
1214 11
1215 20
1216 7
1217 42
1218 14
1219 2
1220 14
1221 6
1222 2
1223 10
1224 8
1225 3
1226 8
1227 1
1228 9
1229 17
1230 6
1231 0
1232 0
1233 10
1234 12
1235 34
1236 6
1237 0
1238 15
1239 0
1240 5
1241 0
1242 1
1243 15
1244 1
1245 7
1246 4
1247 0
1248 29
1249 42
1250 3
1251 17
1252 32
1253 38
1254 64
1255 11
1256 9
1257 0
1258 19
1259 2
1260 11
1261 2
1262 7
1263 8
1264 24
1265 14
1266 0
1267 3
1268 0
1269 0
1270 0
1271 5
1272 7
1273 9
1274 50
1275 23
1276 2
1277 7
1278 5
1279 7
1280 0
1281 0
1282 1
1283 0
1284 0
1285 0
1286 13
1287 30
1288 8
1289 24
1290 20
1291 20
1292 12
1293 10
1294 153
1295 55
1296 6
1297 2
1298 7
1299 22
1300 2
1301 0
1302 6
1303 10
1304 30
1305 5
1306 5
1307 19
1308 16
1309 12
1310 0
1311 11
1312 0
1313 0
1314 1
1315 26
1316 23
1317 28
1318 31
1319 33
1320 35
1321 53
1322 30
1323 6
1324 5
1325 8
1326 0
1327 0
1328 0
1329 7
1330 3
1331 7
1332 0
1333 9
1334 2
1335 7
1336 7
1337 22
1338 14
1339 62
1340 78
1341 14
1342 3
1343 18
1344 24
1345 4
1346 3
1347 2
1348 2
1349 7
1350 29
1351 2
1352 0
1353 25
1354 3
1355 13
1356 17
1357 0
1358 5
1359 15
1360 1
1361 0
1362 0
1363 0
1364 41
1365 47
1366 11
1367 16
1368 12
1369 34
1370 20
1371 21
1372 0
1373 5
1374 0
1375 0
1376 1
1377 0
1378 8
1379 33
1380 36
1381 5
1382 4
1383 7
1384 14
1385 5
1386 22
1387 59
1388 20
1389 0
1390 17
1391 0
1392 4
1393 3
1394 2
1395 11
1396 7
1397 6
1398 0
1399 1
1400 21
1401 14
1402 12
1403 15
1404 10
1405 7
1406 4
1407 16
1408 18
1409 19
1410 15
1411 5
1412 7
1413 0
1414 2
1415 1
1416 14
1417 20
1418 13
1419 36
1420 13
1421 44
1422 10
1423 0
1424 3
1425 0
1426 2
1427 13
1428 47
1429 57
1430 36
1431 45
1432 37
1433 12
1434 14
1435 19
1436 14
1437 34
1438 0
1439 0
1440 10
1441 8
1442 60
1443 8
1444 10
1445 19
1446 30
1447 3
1448 11
1449 4
1450 3
1451 37
1452 8
1453 22
1454 16
1455 2
1456 7
1457 34
1458 0
1459 33
1460 9
1461 5
1462 3
1463 8
1464 0
1465 6
1466 10
1467 7
1468 4
1469 3
1470 1
1471 0
1472 1
1473 2
1474 3
1475 10
1476 56
1477 99
1478 35
1479 31
1480 38
1481 29
1482 6
1483 19
1484 20
1485 0
1486 5
1487 3
1488 16
1489 13
1490 56
1491 11
1492 7
1493 16
1494 18
1495 5
1496 0
1497 41
1498 5
1499 13
1500 21
1501 6
1502 6
1503 3
1504 13
1505 34
1506 2
1507 9
1508 24
1509 4
1510 12
1511 2
1512 1
1513 6
1514 32
1515 13
1516 7
1517 0
1518 0
1519 0
1520 0
1521 0
1522 1
1523 4
1524 18
1525 51
1526 43
1527 109
1528 82
1529 56
1530 18
1531 0
1532 0
1533 30
1534 0
1535 17
1536 14
1537 15
1538 23
1539 12
1540 1
1541 14
1542 2
1543 9
1544 59
1545 34
1546 38
1547 17
1548 4
1549 15
1550 23
1551 9
1552 5
1553 12
1554 5
1555 6
1556 29
1557 58
1558 7
1559 8
1560 12
1561 40
1562 29
1563 24
1564 0
1565 1
1566 10
1567 13
1568 26
1569 0
1570 1
1571 3
1572 0
1573 154
1574 55
1575 3
1576 55
1577 23
1578 17
1579 36
1580 51
1581 18
1582 19
1583 19
1584 8
1585 3
1586 0
1587 10
1588 30
1589 4
1590 56
1591 17
1592 13
1593 12
1594 17
1595 50
1596 29
1597 4
1598 0
1599 4
1600 43
1601 13
1602 33
1603 0
1604 3
1605 0
1606 2
1607 0
1608 0
1609 0
1610 0
1611 0
1612 15
1613 13
1614 8
1615 2
1616 19
1617 70
1618 52
1619 98
1620 44
1621 70
1622 64
1623 21
1624 15
1625 2
1626 47
1627 25
1628 12
1629 28
1630 16
1631 11
1632 15
1633 13
1634 20
1635 5
1636 7
1637 11
1638 11
1639 11
1640 21
1641 6
1642 1
1643 0
1644 2
1645 47
1646 78
1647 15
1648 23
1649 14
1650 0
1651 25
1652 78
1653 3
1654 10
1655 29
1656 28
1657 5
1658 10
1659 21
1660 11
1661 11
1662 14
1663 1
1664 12
1665 24
1666 14
1667 34
1668 30
1669 0
1670 8
1671 6
1672 0
1673 3
1674 0
1675 0
1676 0
1677 88
1678 54
1679 41
1680 45
1681 15
1682 0
1683 22
1684 11
1685 26
1686 17
1687 9
1688 13
1689 16
1690 8
1691 16
1692 6
1693 9
1694 14
1695 1
1696 6
1697 2
1698 4
1699 4
1700 2
1701 35
1702 0
1703 11
1704 0
1705 0
1706 2
1707 8
1708 0
1709 11
1710 79
1711 25
1712 13
1713 7
1714 11
1715 33
1716 19
1717 17
1718 5
1719 6
1720 2
1721 9
1722 2
1723 4
1724 5
1725 3
1726 13
1727 10
1728 25
1729 21
1730 1
1731 3
1732 1
1733 11
1734 4
1735 0
1736 6
1737 10
1738 27
1739 21
1740 17
1741 6
1742 26
1743 2
1744 12
1745 16
1746 9
1747 0
1748 2
1749 4
1750 7
1751 16
1752 25
1753 0
1754 1
1755 10
1756 5
1757 6
1758 11
1759 0
1760 0
1761 24
1762 8
1763 12
1764 13
1765 13
1766 7
1767 31
1768 14
1769 0
1770 2
1771 7
1772 0
1773 26
1774 12
1775 8
1776 8
1777 0
1778 19
1779 0
1780 2
1781 0
1782 12
1783 0
1784 5
1785 6
1786 1
1787 17
1788 7
1789 3
1790 14
1791 0
1792 15
1793 0
1794 1
1795 0
1796 4
1797 32
1798 27
1799 59
1800 48
1801 0
1802 23
1803 6
1804 11
1805 44
1806 43
1807 10
1808 11
1809 0
1810 17
1811 6
1812 5
1813 5
1814 5
1815 2
1816 4
1817 0
1818 5
1819 1
1820 16
1821 8
1822 6
1823 8
1824 27
1825 10
1826 4
1827 9
1828 0
1829 27
1830 0
1831 15
1832 6
1833 18
1834 3
1835 20
1836 10
1837 1
1838 11
1839 5
1840 8
1841 7
1842 4
1843 12
1844 30
1845 22
1846 7
1847 9
1848 21
1849 0
1850 0
1851 1
1852 4
1853 12
1854 9
1855 15
1856 10
1857 2
1858 26
1859 32
1860 8
1861 25
1862 22
1863 1
1864 11
1865 3
1866 8
1867 85
1868 20
1869 13
1870 1
1871 9
1872 40
1873 20
1874 5
1875 2
1876 3
1877 9
1878 13
1879 10
1880 0
1881 17
1882 29
1883 42
1884 18
1885 8
1886 3
1887 0
1888 0
1889 15
1890 17
1891 5
1892 10
1893 13
1894 46
1895 49
1896 21
1897 5
1898 4
1899 3
1900 24
1901 18
1902 2
1903 40
1904 11
1905 16
1906 13
1907 14
1908 11
1909 10
1910 12
1911 14
1912 24
1913 12
1914 2
1915 0
1916 3
1917 17
1918 8
1919 20
1920 9
1921 12
1922 2
1923 14
1924 12
1925 13
1926 2
1927 3
1928 4
1929 4
1930 9
1931 14
1932 5
1933 2
1934 7
1935 13
1936 19
1937 3
1938 0
1939 5
1940 18
1941 15
1942 38
1943 31
1944 5
1945 7
1946 7
1947 1
1948 9
1949 7
1950 6
1951 18
1952 12
1953 22
1954 12
1955 28
1956 3
1957 14
1958 13
1959 10
1960 7
1961 1
1962 0
1963 2
1964 35
1965 34
1966 2
1967 17
1968 29
1969 16
1970 4
1971 13
1972 30
1973 3
1974 8
1975 18
1976 5
1977 0
1978 2
1979 1
1980 16
1981 31
1982 14
1983 0
1984 7
1985 23
1986 14
1987 1
1988 1
1989 21
1990 14
1991 15
1992 11
1993 3
1994 15
1995 27
1996 43
1997 16
1998 7
1999 17
2000 16
2001 0
2002 3
2003 8
2004 33
2005 0
2006 7
2007 11
2008 8
2009 11
2010 13
2011 16
2012 4
2013 3
2014 17
2015 15
2016 29
2017 40
2018 2
2019 30
2020 8
2021 8
2022 4
2023 25
2024 45
2025 0
2026 8
2027 10
2028 8
2029 4
2030 20
2031 23
2032 0
2033 5
2034 13
2035 24
2036 37
2037 12
2038 0
2039 9
2040 4
2041 3
2042 6
2043 23
2044 2
2045 10
2046 11
2047 8
2048 34
2049 35
2050 21
2051 23
2052 1
2053 0
2054 11
2055 47
2056 7
2057 7
2058 10
2059 10
2060 7
2061 22
2062 13
2063 12
2064 3
2065 2
2066 24
2067 16
2068 0
2069 20
2070 6
2071 12
2072 25
2073 20
2074 10
2075 15
2076 23
2077 7
2078 0
2079 2
2080 18
2081 28
2082 21
2083 15
2084 10
2085 7
2086 19
2087 13
2088 16
2089 0
2090 13
2091 9
2092 6
2093 7
2094 13
2095 0
2096 12
2097 47
2098 27
2099 17
2100 5
2101 3
2102 0
2103 33
2104 31
2105 15
2106 0
2107 0
2108 0
2109 4
2110 26
2111 14
2112 28
2113 11
2114 10
2115 18
2116 9
2117 0
2118 29
2119 28
2120 6
2121 6
2122 0
2123 2
2124 27
2125 3
2126 12
2127 0
2128 24
2129 9
2130 7
2131 25
2132 34
2133 4
2134 0
2135 1
2136 0
2137 14
2138 32
2139 10
2140 4
2141 0
2142 0
2143 0
2144 0
2145 0
2146 9
2147 6
2148 36
2149 13
2150 33
2151 6
2152 21
2153 25
2154 21
2155 4
2156 1
2157 3
2158 1
2159 12
2160 30
2161 28
2162 0
2163 0
2164 7
2165 23
2166 14
2167 9
2168 5
2169 13
2170 6
2171 2
2172 17
2173 11
2174 0
2175 10
2176 0
2177 15
2178 2
2179 5
2180 3
2181 9
2182 5
2183 11
2184 2
2185 0
2186 0
2187 15
2188 6
2189 4
2190 19
2191 17
2192 5
2193 27
2194 2
2195 0
2196 0
2197 3
2198 2
2199 13
2200 6
2201 12
2202 20
2203 19
2204 4
2205 25
2206 20
2207 6
2208 0
2209 11
2210 7
2211 14
2212 38
2213 29
2214 4
2215 6
2216 0
2217 2
2218 2
2219 4
2220 15
2221 0
2222 0
2223 6
2224 18
2225 3
2226 2
2227 18
2228 19
2229 16
2230 18
2231 1
2232 9
2233 11
2234 0
2235 3
2236 1
2237 8
2238 3
2239 1
2240 0
2241 1
2242 1
2243 27
2244 13
2245 1
2246 2
2247 19
2248 38
2249 7
2250 28
2251 13
2252 2
2253 9
2254 33
2255 0
2256 0
2257 7
2258 0
2259 3
2260 21
2261 5
2262 2
2263 0
2264 0
2265 6
2266 40
2267 25
2268 25
2269 32
2270 29
2271 22
2272 0
2273 5
2274 42
2275 0
2276 13
2277 28
2278 9
2279 3
2280 1
2281 22
2282 29
2283 2
2284 0
2285 1
2286 16
2287 5
2288 7
2289 4
2290 26
2291 40
2292 4
2293 0
2294 25
2295 24
2296 6
2297 16
2298 7
2299 0
2300 14
2301 22
2302 9
2303 0
2304 5
2305 1
2306 4
2307 10
2308 39
2309 10
2310 8
2311 10
2312 6
2313 6
2314 15
2315 7
2316 33
2317 0
2318 0
2319 5
2320 26
2321 18
2322 12
2323 0
2324 0
2325 2
2326 32
2327 46
2328 9
2329 1
2330 2
2331 1
2332 6
2333 6
2334 50
2335 51
2336 5
2337 1
2338 6
2339 20
2340 14
2341 3
2342 0
2343 0
2344 9
2345 17
2346 11
2347 19
2348 3
2349 10
2350 11
2351 23
2352 18
2353 29
2354 17
2355 6
2356 15
2357 3
2358 2
2359 0
2360 0
2361 0
2362 0
2363 23
2364 26
2365 4
2366 24
2367 12
2368 4
2369 12
2370 21
2371 10
2372 14
2373 7
2374 0
2375 18
2376 16
2377 0
2378 0
2379 3
2380 6
2381 2
2382 26
2383 15
2384 9
2385 38
2386 9
2387 26
2388 47
2389 24
2390 15
2391 28
2392 3
2393 3
2394 27
2395 9
2396 3
2397 0
2398 0
2399 1
2400 3
2401 14
2402 66
2403 5
2404 6
2405 21
2406 23
2407 18
2408 10
2409 16
2410 9
2411 23
2412 16
2413 0
2414 0
2415 8
2416 1
2417 4
2418 0
2419 17
2420 32
2421 22
2422 0
2423 9
2424 12
2425 13
2426 24
2427 27
2428 28
2429 5
2430 0
2431 8
2432 18
2433 0
2434 1
2435 9
2436 10
2437 5
2438 33
2439 4
2440 11
2441 27
2442 27
2443 10
2444 15
2445 13
2446 2
2447 0
2448 0
2449 13
2450 0
2451 4
2452 0
2453 0
2454 11
2455 7
2456 12
2457 8
2458 1
2459 9
2460 0
2461 0
2462 0
2463 0
2464 9
2465 54
2466 8
2467 0
2468 4
2469 4
2470 8
2471 6
2472 4
2473 0
2474 0
2475 0
2476 0
2477 3
2478 11
2479 0
2480 4
2481 7
2482 4
2483 6
2484 10
2485 13
2486 4
2487 0
2488 3
2489 6
2490 1
2491 0
2492 0
2493 0
2494 5
2495 9
2496 4
2497 4
2498 2
2499 7
2500 5
2501 3
2502 2
2503 24
2504 0
2505 0
2506 0
2507 0
2508 0
2509 3
2510 3
2511 4
2512 3
2513 8
2514 0
2515 0
2516 2
2517 0
2518 0
2519 0
2520 4
2521 1
2522 3
2523 10
2524 0
2525 0
2526 10
2527 5
2528 0
2529 2
2530 0
2531 0
2532 0
2533 0
2534 21
2535 21
2536 2
2537 7
2538 11
2539 1
2540 0
2541 2
2542 31
2543 7
2544 8
2545 25
2546 3
2547 2
2548 5
2549 0
2550 2
2551 1
2552 8
2553 19
2554 4
2555 0
2556 0
2557 1
2558 4
2559 3
2560 14
2561 0
2562 3
2563 7
2564 0
2565 4
2566 5
2567 2
2568 4
2569 0
2570 2
2571 2
2572 0
2573 4
2574 0
2575 10
2576 0
2577 0
2578 0
2579 0
2580 0
2581 0
2582 0
2583 0
2584 0
2585 0
2586 0
2587 0
2588 0
2589 0
2590 0
2591 0
2592 0
2593 0
2594 0
2595 0
2596 0
2597 0
2598 0
