0 432
1 1327
2 500
3 898
4 1000
5 784
6 608
7 471
8 1531
9 1163
10 504
11 449
12 521
13 467
14 464
15 814
16 456
17 936
18 479
19 462
20 467
21 453
22 920
23 448
24 1205
25 980
26 435
27 447
28 1119
29 611
30 456
31 437
32 1509
33 497
34 988
35 460
36 997
37 783
38 452
39 472
40 459
41 442
42 453
43 467
44 517
45 1007
46 448
47 1042
48 834
49 456
50 459
51 797
52 463
53 460
54 463
55 460
56 436
57 473
58 480
59 459
60 812
61 455
62 454
63 1091
64 456
65 467
66 943
67 464
68 452
69 1112
70 454
71 448
72 1262
73 1371
74 452
75 457
76 451
77 460
78 928
79 465
80 470
81 1138
82 786
83 452
84 968
85 834
86 472
87 456
88 468
89 582
90 437
91 836
92 439
93 798
94 436
95 439
96 433
97 446
98 1502
99 462
100 461
101 1351
102 565
103 458
104 450
105 1059
106 1128
107 558
108 640
109 452
110 449
111 1049
112 471
113 428
114 477
115 453
116 773
117 461
118 946
119 541
120 429
121 1061
122 463
123 440
124 464
125 467
126 541
127 542
128 445
129 430
130 439
131 458
132 599
133 1035
134 1261
135 945
136 453
137 485
138 457
139 823
140 524
141 443
142 596
143 434
144 451
145 1027
146 448
147 532
148 789
149 454
150 823
151 0
152 964
153 448
154 446
155 454
156 458
157 539
158 441
159 457
160 609
161 545
162 929
163 915
164 794
165 448
166 460
167 463
168 815
169 813
170 1024
171 459
172 456
173 435
174 483
175 474
176 442
177 433
178 1408
179 602
180 462
181 1035
182 477
183 943
184 449
185 458
186 813
187 822
188 788
189 452
190 814
191 841
192 804
193 453
194 1296
195 809
196 1138
197 471
198 901
199 459
200 436
201 1269
202 468
203 459
204 467
205 830
206 950
207 799
208 792
209 458
210 809
211 1056
212 1047
213 967
214 515
215 462
216 455
217 889
218 450
219 807
220 537
221 828
222 541
223 463
224 547
225 471
226 785
227 531
228 451
229 458
230 809
231 1017
232 0
233 441
234 0
235 778
236 896
237 593
238 1055
239 458
240 966
241 521
242 427
243 455
244 818
245 425
246 462
247 957
248 1231
249 1518
250 784
251 788
252 796
253 1097
254 456
255 454
256 458
257 505
258 1059
259 902
260 500
261 455
262 792
263 814
264 1102
265 1024
266 1011
267 905
268 446
269 442
270 806
271 597
272 421
273 0
274 817
275 603
276 448
277 891
278 473
279 580
280 887
281 445
282 434
283 449
284 462
285 467
286 906
287 941
288 798
289 660
290 464
291 420
292 444
293 436
294 506
295 463
296 905
297 457
298 793
299 1058
300 754
301 462
302 607
303 439
304 1431
305 473
306 449
307 433
308 934
309 439
310 882
311 830
312 604
313 1122
314 472
315 450
316 501
317 455
318 1142
319 606
320 447
321 437
322 972
323 604
324 894
325 1094
326 594
327 1119
328 1046
329 1105
330 1096
331 425
332 934
333 458
334 1160
335 462
336 461
337 971
338 456
339 454
340 782
341 457
342 969
343 789
344 478
345 787
346 446
347 822
348 809
349 883
350 559
351 437
352 827
353 467
354 469
355 585
356 603
357 892
358 942
359 1056
360 1109
361 945
362 555
363 448
364 0
365 449
366 885
367 455
368 449
369 903
370 1353
371 506
372 871
373 552
374 442
375 464
376 809
377 1064
378 588
379 442
380 788
381 602
382 462
383 901
384 833
385 560
386 810
387 818
388 1032
389 802
390 1114
391 781
392 444
393 816
394 817
395 460
396 610
397 428
398 900
399 471
400 1031
401 797
402 798
403 790
404 461
405 983
406 904
407 1069
408 955
409 900
410 470
411 458
412 452
413 557
414 530
415 897
416 1232
417 1003
418 549
419 891
420 804
421 464
422 907
423 1034
424 470
425 812
426 724
427 422
428 901
429 438
430 461
431 450
432 454
433 1049
434 1006
435 587
436 1057
437 463
438 435
439 1122
440 891
441 1053
442 452
443 463
444 451
445 457
446 957
447 454
448 461
449 813
450 459
451 462
452 432
453 454
454 830
455 460
456 460
457 458
458 449
459 451
460 469
461 462
462 466
463 427
464 450
465 442
466 897
467 1153
468 452
469 457
470 469
471 962
472 809
473 822
474 459
475 594
476 935
477 456
478 449
479 471
480 455
481 934
482 449
483 834
484 830
485 942
486 926
487 823
488 447
489 928
490 1021
491 547
492 464
493 464
494 457
495 537
496 459
497 456
498 468
499 819
500 455
501 448
502 462
503 468
504 459
505 461
506 478
507 847
508 456
509 451
510 819
511 481
512 456
513 465
514 962
515 934
516 459
517 601
518 440
519 472
520 469
521 458
522 447
523 543
524 445
525 870
526 480
527 447
528 460
529 461
530 598
531 466
532 800
533 451
534 454
535 794
536 1132
537 681
538 430
539 455
540 458
541 924
542 449
543 440
544 595
545 504
546 449
547 1517
548 797
549 466
550 456
551 468
552 674
553 468
554 984
555 546
556 561
557 466
558 610
559 478
560 445
561 453
562 493
563 605
564 466
565 448
566 0
567 461
568 457
569 452
570 718
571 966
572 1082
573 1092
574 806
575 507
576 536
577 461
578 779
579 434
580 453
581 793
582 467
583 537
584 553
585 548
586 593
587 440
588 610
589 510
590 902
591 460
592 468
593 469
594 808
595 459
596 460
597 811
598 1040
599 460
600 434
601 844
602 446
603 920
604 803
605 460
606 461
607 493
608 462
609 462
610 640
611 427
612 536
613 466
614 470
615 454
616 430
617 469
618 446
619 463
620 450
621 458
622 463
623 462
624 459
625 468
626 458
627 891
628 452
629 452
630 595
631 475
632 460
633 466
634 448
635 463
636 460
637 447
638 921
639 535
640 542
641 552
642 457
643 478
644 429
645 464
646 459
647 1043
648 460
649 447
650 452
651 458
652 455
653 456
654 1124
655 1165
656 965
657 968
658 458
659 465
660 964
661 832
662 466
663 516
664 906
665 601
666 542
667 949
668 786
669 480
670 440
671 1302
672 553
673 452
674 542
675 503
676 448
677 548
678 542
679 613
680 619
681 476
682 443
683 467
684 454
685 466
686 495
687 457
688 459
689 1234
690 1056
691 457
692 966
693 427
694 924
695 457
696 817
697 813
698 522
699 465
700 610
701 983
702 594
703 492
704 1416
705 826
706 833
707 504
708 454
709 601
710 454
711 599
712 944
713 462
714 0
715 3141
716 1087
717 452
718 940
719 422
720 448
721 453
722 461
723 533
724 507
725 432
726 603
727 456
728 802
729 973
730 928
731 667
732 434
733 442
734 425
735 453
736 464
737 465
738 495
739 449
740 616
741 477
742 952
743 453
744 464
745 463
746 464
747 449
748 537
749 603
750 753
751 942
752 459
753 595
754 1055
755 1062
756 872
757 974
758 457
759 602
760 455
761 452
762 453
763 555
764 548
765 439
766 444
767 458
768 464
769 452
770 456
771 447
772 450
773 0
774 444
775 812
776 945
777 955
778 467
779 457
780 472
781 778
782 844
783 934
784 608
785 866
786 463
787 446
788 878
789 589
790 950
791 604
792 462
793 466
794 946
795 0
796 466
797 463
798 527
799 461
800 429
801 444
802 517
803 508
804 602
805 976
806 955
807 781
808 461
809 461
810 966
811 1085
812 1481
813 420
814 1110
815 435
816 0
817 0
818 546
819 592
820 462
821 509
822 451
823 950
824 1258
825 1148
826 1058
827 928
828 458
829 466
830 459
831 458
832 471
833 437
834 925
835 555
836 448
837 456
838 463
839 460
840 608
841 598
842 435
843 0
844 3559
845 408
846 949
847 478
848 618
849 1478
850 457
851 943
852 912
853 459
854 430
855 935
856 462
857 983
858 972
859 464
860 545
861 475
862 450
863 1279
864 437
865 604
866 467
867 446
868 928
869 602
870 457
871 532
872 595
873 536
874 780
875 897
876 944
877 454
878 599
879 1018
880 512
881 1491
882 938
883 469
884 913
885 1419
886 941
887 431
888 922
889 961
890 460
891 612
892 889
893 439
894 459
895 895
896 595
897 465
898 457
899 444
900 0
901 1161
902 827
903 1022
904 825
905 439
906 924
907 468
908 468
909 1998
910 446
911 1118
912 930
913 992
914 939
915 982
916 455
917 946
918 451
919 886
920 458
921 457
922 524
923 502
924 450
925 451
926 506
927 775
928 0
929 818
930 462
931 539
932 595
933 905
934 835
935 915
936 822
937 435
938 1143
939 939
940 728
941 439
942 1027
943 440
944 893
945 927
946 435
947 470
948 936
949 611
950 452
951 433
952 1535
953 1254
954 927
955 455
956 617
957 1201
958 1018
959 799
960 461
961 894
962 897
963 970
964 432
965 1998
966 917
967 470
968 933
969 545
970 437
971 445
972 884
973 440
974 450
975 451
976 594
977 437
978 892
979 861
980 469
981 429
982 1156
983 1371
984 446
985 990
986 611
987 822
988 549
989 541
990 472
991 613
992 946
993 823
994 943
995 454
996 436
997 474
998 441
999 1067
1000 1435
1001 452
1002 608
1003 606
1004 458
1005 440
1006 471
1007 927
1008 508
1009 506
1010 437
1011 1255
1012 468
1013 0
1014 1199
1015 1424
1016 1187
1017 897
1018 450
1019 433
1020 813
1021 1019
1022 964
1023 586
1024 897
1025 1268
1026 1057
1027 1035
1028 456
1029 459
1030 591
1031 458
1032 460
1033 448
1034 942
1035 1394
1036 467
1037 1334
1038 447
1039 459
1040 459
1041 604
1042 435
1043 595
1044 1500
1045 433
1046 462
1047 476
1048 986
1049 971
1050 458
1051 463
1052 448
1053 531
1054 1061
1055 445
1056 898
1057 594
1058 442
1059 936
1060 446
1061 927
1062 0
1063 964
1064 0
1065 777
1066 455
1067 761
1068 1507
1069 447
1070 454
1071 453
1072 461
1073 453
1074 466
1075 578
1076 1232
1077 966
1078 447
1079 952
1080 1065
1081 606
1082 1216
1083 545
1084 430
1085 440
1086 447
1087 600
1088 1330
1089 1143
1090 449
1091 1265
1092 459
1093 431
1094 419
1095 441
1096 435
1097 426
1098 1311
1099 799
1100 944
1101 818
1102 455
1103 465
1104 428
1105 455
1106 615
1107 455
1108 453
1109 745
1110 440
1111 544
1112 1326
1113 1335
1114 1161
1115 444
1116 501
1117 1269
1118 431
1119 448
1120 998
1121 551
1122 467
1123 427
1124 1158
1125 539
1126 431
1127 428
1128 466
1129 1011
1130 475
1131 531
1132 450
1133 545
1134 469
1135 891
1136 503
1137 808
1138 428
1139 468
1140 807
1141 447
1142 987
1143 1070
1144 1081
1145 932
1146 458
1147 595
1148 882
1149 1092
1150 896
1151 611
1152 453
1153 480
1154 461
1155 1260
1156 841
1157 838
1158 444
1159 1314
1160 473
1161 464
1162 455
1163 589
1164 925
1165 1220
1166 1142
1167 459
1168 452
1169 954
1170 603
1171 1461
1172 910
1173 433
1174 429
1175 1094
1176 1015
1177 1486
1178 826
1179 1064
1180 990
1181 954
1182 438
1183 1003
1184 434
1185 609
1186 825
1187 476
1188 447
1189 468
1190 429
1191 536
1192 543
1193 605
1194 445
1195 452
1196 437
1197 438
1198 435
1199 466
1200 429
1201 1087
1202 824
1203 463
1204 798
1205 933
1206 919
1207 1459
1208 1059
1209 903
1210 534
1211 924
1212 953
1213 1092
1214 1187
1215 456
1216 801
1217 522
1218 458
1219 1044
1220 905
1221 925
1222 1000
1223 431
1224 510
1225 795
1226 541
1227 423
1228 533
1229 447
1230 465
1231 449
1232 444
1233 606
1234 447
1235 1098
1236 573
1237 558
1238 940
1239 605
1240 465
1241 956
1242 464
1243 811
1244 822
1245 447
1246 936
1247 434
1248 465
1249 1047
1250 943
1251 463
1252 829
1253 1542
1254 885
1255 1047
1256 458
1257 1043
1258 421
1259 1224
1260 459
1261 433
1262 455
1263 430
1264 464
1265 473
1266 460
1267 448
1268 451
1269 452
1270 488
1271 437
1272 603
1273 435
1274 912
1275 460
1276 431
1277 437
1278 591
1279 608
1280 587
1281 1197
1282 1169
1283 1159
1284 1159
1285 549
1286 604
1287 782
1288 470
1289 958
1290 1495
1291 454
1292 900
1293 898
1294 1249
1295 833
1296 534
1297 457
1298 1349
1299 447
1300 436
1301 461
1302 447
1303 457
1304 461
1305 457
1306 420
1307 458
1308 456
1309 469
1310 450
1311 935
1312 469
1313 604
1314 453
1315 1181
1316 443
1317 613
1318 479
1319 607
1320 429
1321 508
1322 545
1323 929
1324 419
1325 941
1326 957
1327 1133
1328 1150
1329 949
1330 937
1331 427
1332 931
1333 452
1334 943
1335 475
1336 940
1337 817
1338 977
1339 468
1340 463
1341 459
1342 1051
1343 531
1344 811
1345 451
1346 459
1347 465
1348 511
1349 448
1350 513
1351 1543
1352 423
1353 462
1354 466
1355 548
1356 473
1357 464
1358 453
1359 925
1360 456
1361 808
1362 453
1363 905
1364 474
1365 468
1366 1095
1367 941
1368 1120
1369 938
1370 544
1371 579
1372 1157
1373 925
1374 968
1375 1385
1376 817
1377 947
1378 443
1379 451
1380 943
1381 597
1382 543
1383 945
1384 829
1385 452
1386 826
1387 843
1388 1340
1389 847
1390 438
1391 1633
1392 778
1393 458
1394 453
1395 928
1396 445
1397 452
1398 448
1399 923
1400 599
1401 465
1402 427
1403 954
1404 461
1405 775
1406 814
1407 600
1408 884
1409 452
1410 455
1411 442
1412 564
1413 588
1414 453
1415 542
1416 947
1417 444
1418 432
1419 828
1420 934
1421 846
1422 918
1423 931
1424 929
1425 1238
1426 433
1427 487
1428 813
1429 1170
1430 469
1431 450
1432 981
1433 450
1434 474
1435 545
1436 1057
1437 825
1438 465
1439 465
1440 788
1441 443
1442 469
1443 466
1444 460
1445 458
1446 472
1447 449
1448 451
1449 591
1450 465
1451 454
1452 1044
1453 803
1454 462
1455 1394
1456 448
1457 438
1458 439
1459 460
1460 551
1461 600
1462 433
1463 603
1464 530
1465 458
1466 790
1467 440
1468 446
1469 941
1470 940
1471 928
1472 1004
1473 440
1474 476
1475 947
1476 893
1477 430
1478 1277
1479 969
1480 540
1481 966
1482 1249
1483 546
1484 823
1485 1068
1486 824
1487 976
1488 894
1489 439
1490 461
1491 453
1492 452
1493 451
1494 453
1495 468
1496 452
1497 461
1498 465
1499 940
1500 459
1501 545
1502 603
1503 432
1504 461
1505 469
1506 443
1507 1011
1508 535
1509 427
1510 454
1511 463
1512 425
1513 427
1514 456
1515 829
1516 924
1517 420
1518 436
1519 406
1520 919
1521 953
1522 600
1523 453
1524 469
1525 986
1526 972
1527 1398
1528 962
1529 931
1530 818
1531 938
1532 1047
1533 1034
1534 1271
1535 1169
1536 440
1537 437
1538 443
1539 462
1540 469
1541 455
1542 470
1543 458
1544 462
1545 510
1546 610
1547 473
1548 434
1549 427
1550 603
1551 449
1552 595
1553 814
1554 606
1555 430
1556 1076
1557 616
1558 454
1559 454
1560 441
1561 601
1562 439
1563 539
1564 592
1565 550
1566 862
1567 549
1568 1164
1569 951
1570 460
1571 439
1572 928
1573 495
1574 476
1575 456
1576 472
1577 451
1578 507
1579 929
1580 576
1581 584
1582 493
1583 992
1584 795
1585 429
1586 450
1587 462
1588 441
1589 434
1590 464
1591 466
1592 460
1593 465
1594 459
1595 439
1596 429
1597 593
1598 931
1599 434
1600 1174
1601 983
1602 572
1603 540
1604 457
1605 439
1606 553
1607 469
1608 435
1609 434
1610 595
1611 592
1612 949
1613 837
1614 441
1615 936
1616 423
1617 951
1618 954
1619 496
1620 965
1621 941
1622 1245
1623 461
1624 487
1625 848
1626 790
1627 559
1628 421
1629 1083
1630 457
1631 463
1632 461
1633 471
1634 464
1635 532
1636 468
1637 769
1638 475
1639 1063
1640 464
1641 459
1642 447
1643 939
1644 955
1645 440
1646 443
1647 433
1648 437
1649 432
1650 936
1651 948
1652 449
1653 935
1654 954
1655 938
1656 837
1657 475
1658 430
1659 469
1660 464
1661 444
1662 460
1663 463
1664 544
1665 584
1666 456
1667 548
1668 954
1669 426
1670 567
1671 583
1672 441
1673 453
1674 936
1675 428
1676 561
1677 1258
1678 473
1679 454
1680 550
1681 950
1682 932
1683 1115
1684 450
1685 462
1686 645
1687 551
1688 678
1689 892
1690 1399
1691 458
1692 449
1693 458
1694 434
1695 458
1696 463
1697 453
1698 463
1699 429
1700 435
1701 440
1702 490
1703 596
1704 822
1705 818
1706 1034
1707 543
1708 464
1709 949
1710 963
1711 466
1712 922
1713 1409
1714 1335
1715 486
1716 433
1717 927
1718 1545
1719 451
1720 434
1721 791
1722 1097
1723 448
1724 453
1725 453
1726 453
1727 450
1728 427
1729 535
1730 437
1731 614
1732 434
1733 462
1734 955
1735 427
1736 595
1737 1429
1738 933
1739 476
1740 421
1741 814
1742 934
1743 438
1744 592
1745 423
1746 555
1747 431
1748 541
1749 881
1750 451
1751 601
1752 463
1753 427
1754 796
1755 913
1756 435
1757 909
1758 825
1759 437
1760 819
1761 1440
1762 466
1763 543
1764 917
1765 429
1766 455
1767 967
1768 1033
1769 788
1770 432
1771 832
1772 433
1773 829
1774 891
1775 438
1776 961
1777 440
1778 944
1779 468
1780 445
1781 590
1782 443
1783 1059
1784 953
1785 1360
1786 842
1787 472
1788 835
1789 920
1790 437
1791 448
1792 466
1793 915
1794 821
1795 468
1796 842
1797 943
1798 465
1799 434
1800 480
1801 436
1802 438
1803 942
1804 452
1805 606
1806 467
1807 441
1808 538
1809 783
1810 804
1811 463
1812 431
1813 455
1814 553
1815 819
1816 544
1817 823
1818 945
1819 439
1820 469
1821 465
1822 432
1823 964
1824 934
1825 933
1826 466
1827 938
1828 945
1829 438
1830 817
1831 1050
1832 426
1833 838
1834 427
1835 473
1836 446
1837 464
1838 429
1839 441
1840 1236
1841 922
1842 431
1843 453
1844 1006
1845 822
1846 941
1847 812
1848 881
1849 446
1850 439
1851 974
1852 418
1853 779
1854 430
1855 449
1856 458
1857 921
1858 437
1859 475
1860 457
1861 459
1862 452
1863 437
1864 594
1865 564
1866 838
1867 506
1868 439
1869 555
1870 447
1871 829
1872 958
1873 452
1874 467
1875 458
1876 464
1877 587
1878 431
1879 932
1880 460
1881 462
1882 423
1883 436
1884 476
1885 441
1886 445
1887 441
1888 423
1889 816
1890 439
1891 426
1892 460
1893 830
1894 836
1895 486
1896 435
1897 543
1898 423
1899 808
1900 1001
1901 827
1902 810
1903 443
1904 435
1905 536
1906 545
1907 434
1908 438
1909 437
1910 425
1911 550
1912 438
1913 431
1914 445
1915 449
1916 835
1917 456
1918 463
1919 454
1920 450
1921 452
1922 821
1923 457
1924 430
1925 953
1926 432
1927 434
1928 536
1929 899
1930 883
1931 434
1932 577
1933 425
1934 435
1935 428
1936 1271
1937 550
1938 432
1939 461
1940 472
1941 576
1942 463
1943 932
1944 454
1945 470
1946 439
1947 445
1948 439
1949 428
1950 420
1951 960
1952 473
1953 789
1954 436
1955 831
1956 818
1957 437
1958 824
1959 818
1960 456
1961 908
1962 431
1963 473
1964 434
1965 447
1966 920
1967 549
1968 444
1969 436
1970 437
1971 429
1972 433
1973 446
1974 440
1975 434
1976 897
1977 830
1978 1517
1979 432
1980 897
1981 460
1982 433
1983 451
1984 433
1985 441
1986 434
1987 965
1988 829
1989 434
1990 874
1991 1080
1992 919
1993 436
1994 435
1995 450
1996 441
1997 448
1998 456
1999 454
2000 466
2001 474
2002 437
2003 457
2004 463
2005 437
2006 789
2007 804
2008 444
2009 466
2010 437
2011 940
2012 804
2013 932
2014 816
2015 927
2016 480
2017 550
2018 457
2019 461
2020 449
2021 457
2022 442
2023 437
2024 447
2025 458
2026 439
2027 423
2028 432
2029 445
2030 479
2031 444
2032 931
2033 946
2034 812
2035 906
2036 474
2037 443
2038 435
2039 908
2040 518
2041 539
2042 590
2043 940
2044 436
2045 448
2046 436
2047 444
2048 484
2049 462
2050 460
2051 432
2052 437
2053 439
2054 457
2055 481
2056 520
2057 932
2058 815
2059 942
2060 823
2061 802
2062 1062
2063 438
2064 549
2065 933
2066 826
2067 434
2068 417
2069 434
2070 474
2071 435
2072 435
2073 444
2074 440
2075 433
2076 452
2077 423
2078 442
2079 436
2080 441
2081 463
2082 571
2083 442
2084 540
2085 571
2086 441
2087 938
2088 826
2089 429
2090 436
2091 444
2092 936
2093 807
2094 451
2095 440
2096 440
2097 434
2098 599
2099 438
2100 432
2101 435
2102 426
2103 437
2104 428
2105 446
2106 450
2107 457
2108 489
2109 442
2110 943
2111 438
2112 842
2113 471
2114 874
2115 571
2116 992
2117 456
2118 435
2119 447
2120 1081
2121 500
2122 1067
2123 811
2124 471
2125 445
2126 452
2127 443
2128 817
2129 476
2130 458
2131 598
2132 435
2133 806
2134 782
2135 437
2136 819
2137 934
2138 451
2139 817
2140 435
2141 423
2142 433
2143 434
2144 429
2145 466
2146 461
2147 432
2148 554
2149 478
2150 470
2151 539
2152 429
2153 565
2154 834
2155 464
2156 460
2157 837
2158 418
2159 437
2160 601
2161 550
2162 980
2163 433
2164 445
2165 434
2166 448
2167 438
2168 447
2169 453
2170 427
2171 991
2172 477
2173 911
2174 937
2175 479
2176 496
2177 840
2178 437
2179 433
2180 432
2181 434
2182 428
2183 452
2184 440
2185 0
2186 459
2187 544
2188 446
2189 440
2190 432
2191 551
2192 984
2193 442
2194 433
2195 431
2196 438
2197 443
2198 422
2199 882
2200 474
2201 435
2202 435
2203 435
2204 456
2205 431
2206 439
2207 432
2208 928
2209 939
2210 485
2211 992
2212 878
2213 435
2214 427
2215 880
2216 439
2217 467
2218 1043
2219 430
2220 436
2221 423
2222 1187
2223 475
2224 950
2225 426
2226 425
2227 450
2228 1049
2229 439
2230 1028
2231 435
2232 1063
2233 504
2234 439
2235 1110
2236 1182
2237 1088
2238 480
2239 932
2240 448
2241 464
2242 445
2243 440
2244 433
2245 817
2246 539
2247 1018
2248 824
2249 930
2250 803
2251 996
2252 606
2253 466
2254 1065
2255 1037
2256 1023
2257 1515
2258 431
2259 474
2260 442
2261 431
2262 435
2263 1045
2264 445
2265 601
2266 429
2267 442
2268 438
2269 574
2270 973
2271 811
2272 884
2273 483
2274 452
2275 946
2276 1112
2277 957
2278 851
2279 985
2280 439
2281 440
2282 438
2283 424
2284 0
2285 483
2286 469
2287 433
2288 436
2289 435
2290 885
2291 900
2292 543
2293 956
2294 442
2295 469
2296 436
2297 1035
2298 866
2299 1271
2300 828
2301 441
2302 1058
2303 1232
2304 472
2305 442
2306 893
2307 1002
2308 445
2309 429
2310 542
2311 910
2312 880
2313 871
2314 446
2315 892
2316 422
2317 849
2318 854
2319 874
2320 985
2321 426
2322 441
2323 0
2324 422
2325 436
2326 434
2327 441
2328 432
2329 903
2330 539
2331 442
2332 450
2333 996
2334 999
2335 910
2336 432
2337 449
2338 867
2339 881
2340 427
2341 453
2342 430
2343 921
2344 437
2345 429
2346 435
2347 434
2348 441
2349 457
2350 447
2351 1163
2352 1059
2353 425
2354 922
2355 423
2356 450
2357 472
2358 572
2359 435
2360 446
2361 450
2362 477
2363 472
2364 443
2365 439
2366 447
2367 924
2368 441
2369 480
2370 901
2371 896
2372 899
2373 994
2374 1077
2375 1020
2376 1024
2377 546
2378 461
2379 887
2380 452
2381 434
2382 1077
2383 434
2384 424
2385 464
2386 1061
2387 929
2388 1517
2389 448
2390 437
2391 1078
2392 1067
2393 603
2394 993
2395 553
2396 457
2397 427
2398 437
2399 432
2400 828
2401 437
2402 455
2403 1504
2404 432
2405 436
2406 1483
2407 448
2408 580
2409 463
2410 426
2411 950
2412 463
2413 1050
2414 517
2415 483
2416 433
2417 825
2418 560
2419 427
2420 443
2421 425
2422 1381
2423 840
2424 432
2425 968
2426 457
2427 477
2428 907
2429 434
2430 1034
2431 435
2432 904
2433 0
2434 422
2435 425
2436 433
2437 443
2438 435
2439 449
2440 551
2441 428
2442 448
2443 482
2444 997
2445 465
2446 448
2447 1094
2448 428
2449 579
2450 441
2451 430
2452 438
2453 1059
2454 1078
2455 1054
2456 439
2457 889
2458 1062
2459 468
2460 1057
2461 793
2462 1432
2463 442
2464 441
2465 905
2466 428
2467 819
2468 468
2469 828
2470 987
2471 448
2472 813
2473 423
2474 432
2475 1090
2476 800
2477 431
2478 456
2479 465
2480 463
2481 1042
2482 435
2483 446
2484 430
2485 434
2486 432
2487 906
2488 876
2489 955
2490 1513
2491 448
2492 430
2493 478
2494 439
2495 434
2496 432
2497 429
2498 433
2499 430
2500 434
2501 449
2502 428
2503 978
2504 425
2505 597
2506 1296
2507 549
2508 444
2509 429
2510 454
2511 456
2512 551
2513 443
2514 0
2515 454
2516 427
2517 451
2518 0
2519 1180
2520 440
2521 525
2522 1069
2523 494
2524 1158
2525 805
2526 822
2527 464
2528 900
2529 1179
2530 434
2531 694
2532 830
2533 1368
2534 912
2535 1456
2536 1075
2537 572
2538 453
2539 433
2540 435
2541 532
2542 899
2543 444
2544 468
2545 592
2546 914
2547 432
2548 807
2549 973
2550 969
2551 454
2552 804
2553 430
2554 448
2555 438
2556 982
2557 1000
2558 825
2559 451
2560 431
2561 440
2562 459
2563 445
2564 883
2565 420
2566 821
2567 994
2568 436
2569 432
2570 439
2571 458
2572 445
2573 1167
2574 461
2575 811
2576 438
2577 437
2578 432
2579 435
2580 434
