0 13
1 0
2 0
3 0
4 5
5 6
6 0
7 0
8 0
9 0
10 1
11 12
12 0
13 7
14 25
15 4
16 11
17 0
18 0
19 26
20 0
21 3
22 1
23 26
24 0
25 10
26 0
27 0
28 0
29 1
30 0
31 0
32 0
33 3
34 0
35 13
36 0
37 1
38 0
39 1
40 3
41 0
42 0
43 0
44 19
45 0
46 0
47 0
48 0
49 12
50 9
51 1
52 15
53 14
54 11
55 0
56 0
57 8
58 12
59 0
60 1
61 16
62 20
63 0
64 2
65 40
66 4
67 13
68 1
69 0
70 1
71 0
72 0
73 0
74 12
75 22
76 0
77 7
78 18
79 24
80 0
81 0
82 6
83 3
84 0
85 0
86 12
87 33
88 33
89 0
90 0
91 0
92 1
93 10
94 1
95 0
96 1
97 16
98 2
99 18
100 0
101 0
102 10
103 16
104 0
105 3
106 13
107 2
108 11
109 18
110 0
111 3
112 7
113 1
114 11
115 0
116 16
117 0
118 2
119 7
120 0
121 4
122 31
123 3
124 0
125 0
126 0
127 0
128 3
129 5
130 0
131 10
132 0
133 0
134 0
135 23
136 10
137 61
138 3
139 1
140 23
141 17
142 3
143 3
144 0
145 0
146 15
147 1
148 19
149 12
150 2
151 0
152 0
153 4
154 1
155 10
156 0
157 3
158 56
159 4
160 2
161 2
162 0
163 7
164 7
165 13
166 22
167 6
168 1
169 1
170 26
171 15
172 1
173 2
174 20
175 47
176 24
177 2
178 6
179 0
180 31
181 0
182 65
183 31
184 12
185 9
186 50
187 43
188 20
189 0
190 2
191 0
192 0
193 0
194 0
195 0
196 24
197 12
198 0
199 20
200 13
201 16
202 0
203 24
204 13
205 40
206 47
207 14
208 9
209 0
210 28
211 0
212 1
213 10
214 0
215 27
216 0
217 7
218 5
219 39
220 8
221 33
222 35
223 25
224 37
225 28
226 29
227 3
228 0
229 0
230 0
231 0
232 0
233 1
234 0
235 1
236 0
237 0
238 12
239 63
240 1
241 60
242 34
243 2
244 37
245 6
246 9
247 0
248 8
249 3
250 1
251 0
252 0
253 0
254 0
255 5
256 79
257 29
258 3
259 0
260 0
261 0
262 1
263 12
264 1
265 5
266 0
267 4
268 0
269 0
270 11
271 20
272 5
273 0
274 0
275 2
276 0
277 0
278 4
279 18
280 0
281 0
282 8
283 54
284 0
285 0
286 2
287 4
288 6
289 1
290 48
291 6
292 68
293 22
294 0
295 9
296 21
297 6
298 7
299 2
300 15
301 10
302 13
303 6
304 61
305 18
306 15
307 29
308 0
309 18
310 8
311 18
312 21
313 1
314 0
315 19
316 13
317 21
318 44
319 0
320 5
321 6
322 1
323 2
324 0
325 0
326 1
327 0
328 0
329 0
330 0
331 11
332 2
333 24
334 32
335 31
336 2
337 12
338 39
339 26
340 0
341 0
342 0
343 0
344 0
345 0
346 7
347 0
348 20
349 7
350 8
351 55
352 9
353 0
354 0
355 0
356 0
357 14
358 0
359 12
360 15
361 38
362 47
363 0
364 0
365 0
366 2
367 4
368 18
369 18
370 2
371 3
372 3
373 7
374 1
375 3
376 11
377 0
378 1
379 13
380 9
381 0
382 11
383 0
384 6
385 16
386 0
387 0
388 17
389 16
390 26
391 24
392 37
393 0
394 14
395 5
396 39
397 9
398 0
399 28
400 0
401 11
402 3
403 2
404 17
405 7
406 31
407 24
408 7
409 0
410 0
411 6
412 9
413 52
414 33
415 0
416 2
417 8
418 0
419 6
420 1
421 0
422 20
423 22
424 21
425 10
426 8
427 2
428 16
429 0
430 35
431 0
432 3
433 8
434 0
435 0
436 27
437 40
438 60
439 18
440 27
441 29
442 7
443 40
444 8
445 5
446 4
447 0
448 25
449 6
450 14
451 9
452 16
453 27
454 34
455 1
456 23
457 40
458 25
459 0
460 0
461 37
462 26
463 14
464 18
465 10
466 0
467 24
468 14
469 32
470 33
471 42
472 29
473 16
474 29
475 9
476 0
477 1
478 0
479 4
480 2
481 5
482 7
483 0
484 20
485 5
486 10
487 19
488 2
489 33
490 6
491 4
492 31
493 65
494 2
495 12
496 6
497 5
498 32
499 9
500 11
501 10
502 5
503 3
504 0
505 9
506 19
507 2
508 0
509 57
510 2
511 2
512 24
513 49
514 13
515 26
516 13
517 4
518 0
519 10
520 37
521 39
522 1
523 4
524 4
525 0
526 0
527 2
528 15
529 2
530 0
531 3
532 29
533 27
534 0
535 18
536 30
537 1
538 2
539 16
540 0
541 3
542 1
543 21
544 25
545 0
546 5
547 0
548 17
549 0
550 7
551 1
552 27
553 26
554 39
555 39
556 4
557 1
558 10
559 13
560 3
561 19
562 2
563 0
564 0
565 0
566 0
567 4
568 0
569 0
570 0
571 19
572 7
573 4
574 1
575 16
576 4
577 7
578 10
579 6
580 1
581 0
582 0
583 10
584 16
585 12
586 10
587 2
588 24
589 50
590 0
591 0
592 9
593 0
594 0
595 1
596 2
597 1
598 26
599 45
600 28
601 50
602 9
603 6
604 7
605 4
606 14
607 11
608 30
609 9
610 16
611 11
612 22
613 6
614 38
615 27
616 28
617 0
618 0
619 0
620 3
621 0
622 9
623 4
624 5
625 35
626 15
627 44
628 23
629 25
630 33
631 4
632 7
633 3
634 8
635 7
636 15
637 0
638 4
639 19
640 1
641 15
642 13
643 40
644 4
645 27
646 15
647 1
648 0
649 0
650 0
651 8
652 12
653 6
654 7
655 3
656 4
657 0
658 25
659 22
660 0
661 12
662 0
663 16
664 1
665 0
666 16
667 10
668 0
669 6
670 7
671 27
672 0
673 0
674 2
675 0
676 18
677 29
678 9
679 13
680 30
681 28
682 0
683 1
684 2
685 12
686 1
687 0
688 0
689 6
690 37
691 19
692 9
693 0
694 2
695 1
696 2
697 2
698 0
699 8
700 3
701 5
702 10
703 0
704 1
705 23
706 37
707 19
708 0
709 19
710 0
711 0
712 0
713 2
714 0
715 0
716 9
717 46
718 24
719 17
720 45
721 13
722 4
723 0
724 3
725 5
726 11
727 5
728 3
729 18
730 9
731 24
732 1
733 6
734 11
735 1
736 16
737 8
738 27
739 30
740 12
741 4
742 0
743 1
744 15
745 0
746 0
747 0
748 21
749 9
750 53
751 0
752 26
753 2
754 19
755 0
756 11
757 1
758 5
759 30
760 12
761 2
762 10
763 4
764 39
765 7
766 11
767 13
768 0
769 6
770 37
771 4
772 0
773 0
774 4
775 12
776 7
777 6
778 7
779 0
780 0
781 1
782 7
783 2
784 9
785 4
786 25
787 10
788 1
789 32
790 1
791 0
792 4
793 18
794 18
795 0
796 17
797 22
798 9
799 5
800 0
801 0
802 2
803 0
804 1
805 0
806 38
807 13
808 7
809 27
810 16
811 0
812 13
813 9
814 1
815 1
816 0
817 0
818 3
819 26
820 26
821 23
822 9
823 16
824 0
825 10
826 1
827 25
828 7
829 6
830 7
831 11
832 14
833 20
834 15
835 8
836 11
837 3
838 0
839 0
840 0
841 1
842 0
843 0
844 5
845 13
846 12
847 18
848 14
849 2
850 12
851 0
852 14
853 2
854 0
855 8
856 1
857 22
858 20
859 2
860 0
861 8
862 20
863 3
864 4
865 10
866 3
867 9
868 0
869 1
870 3
871 0
872 0
873 0
874 0
875 0
876 0
877 28
878 9
879 6
880 33
881 30
882 0
883 3
884 16
885 0
886 3
887 2
888 5
889 54
890 2
891 1
892 11
893 4
894 3
895 10
896 4
897 12
898 1
899 0
900 0
901 0
902 1
903 61
904 25
905 2
906 24
907 35
908 23
909 0
910 0
911 16
912 0
913 1
914 3
915 24
916 0
917 7
918 21
919 2
920 20
921 30
922 10
923 0
924 4
925 0
926 2
927 7
928 0
929 0
930 9
931 38
932 11
933 39
934 23
935 36
936 5
937 1
938 19
939 4
940 28
941 14
942 0
943 1
944 22
945 30
946 7
947 0
948 0
949 20
950 7
951 0
952 11
953 23
954 11
955 45
956 41
957 7
958 4
959 12
960 6
961 0
962 4
963 12
964 15
965 2
966 15
967 8
968 8
969 34
970 11
971 0
972 10
973 20
974 6
975 13
976 1
977 0
978 57
979 7
980 50
981 38
982 7
983 2
984 36
985 24
986 6
987 0
988 0
989 0
990 0
991 2
992 5
993 35
994 16
995 3
996 8
997 1
998 1
999 10
1000 3
1001 7
1002 24
1003 0
1004 0
1005 0
1006 0
1007 24
1008 38
1009 0
1010 6
1011 1
1012 0
1013 0
1014 0
1015 0
1016 8
1017 31
1018 0
1019 25
1020 20
1021 24
1022 21
1023 8
1024 13
1025 3
1026 13
1027 41
1028 8
1029 1
1030 1
1031 22
1032 0
1033 1
1034 5
1035 14
1036 3
1037 1
1038 33
1039 18
1040 31
1041 15
1042 0
1043 11
1044 4
1045 6
1046 19
1047 10
1048 9
1049 1
1050 2
1051 0
1052 0
1053 0
1054 0
1055 4
1056 3
1057 11
1058 24
1059 26
1060 31
1061 7
1062 0
1063 0
1064 0
1065 0
1066 0
1067 8
1068 0
1069 3
1070 5
1071 1
1072 28
1073 8
1074 18
1075 0
1076 1
1077 0
1078 15
1079 0
1080 25
1081 15
1082 1
1083 10
1084 8
1085 2
1086 0
1087 0
1088 0
1089 0
1090 25
1091 35
1092 28
1093 38
1094 18
1095 0
1096 6
1097 0
1098 6
1099 42
1100 0
1101 0
1102 0
1103 8
1104 0
1105 3
1106 32
1107 35
1108 6
1109 0
1110 64
1111 21
1112 0
1113 13
1114 21
1115 0
1116 0
1117 2
1118 2
1119 36
1120 21
1121 24
1122 2
1123 0
1124 4
1125 0
1126 4
1127 0
1128 3
1129 13
1130 0
1131 0
1132 0
1133 11
1134 7
1135 1
1136 0
1137 0
1138 0
1139 22
1140 86
1141 52
1142 10
1143 0
1144 1
1145 0
1146 2
1147 0
1148 0
1149 19
1150 39
1151 2
1152 3
1153 3
1154 13
1155 38
1156 22
1157 20
1158 1
1159 1
1160 3
1161 1
1162 10
1163 0
1164 0
1165 0
1166 8
1167 13
1168 26
1169 2
1170 20
1171 0
1172 0
1173 3
1174 0
1175 0
1176 18
1177 38
1178 1
1179 37
1180 0
1181 20
1182 15
1183 32
1184 13
1185 26
1186 13
1187 8
1188 0
1189 0
1190 0
1191 8
1192 12
1193 0
1194 2
1195 0
1196 0
1197 0
1198 10
1199 5
1200 2
1201 0
1202 0
1203 29
1204 0
1205 0
1206 3
1207 0
1208 6
1209 3
1210 16
1211 19
1212 47
1213 2
1214 9
1215 28
1216 5
1217 54
1218 16
1219 0
1220 16
1221 4
1222 4
1223 12
1224 7
1225 1
1226 4
1227 0
1228 11
1229 20
1230 3
1231 0
1232 2
1233 8
1234 14
1235 44
1236 6
1237 8
1238 12
1239 0
1240 1
1241 0
1242 0
1243 18
1244 0
1245 7
1246 3
1247 15
1248 38
1249 51
1250 0
1251 27
1252 27
1253 46
1254 73
1255 10
1256 6
1257 0
1258 19
1259 0
1260 6
1261 0
1262 10
1263 10
1264 29
1265 21
1266 9
1267 0
1268 0
1269 0
1270 0
1271 4
1272 8
1273 10
1274 69
1275 31
1276 0
1277 2
1278 6
1279 8
1280 0
1281 0
1282 0
1283 0
1284 0
1285 0
1286 19
1287 34
1288 8
1289 24
1290 18
1291 27
1292 10
1293 16
1294 196
1295 75
1296 9
1297 0
1298 7
1299 22
1300 2
1301 0
1302 1
1303 11
1304 24
1305 5
1306 4
1307 23
1308 17
1309 14
1310 1
1311 11
1312 0
1313 0
1314 0
1315 30
1316 30
1317 25
1318 31
1319 40
1320 30
1321 59
1322 39
1323 4
1324 3
1325 8
1326 0
1327 1
1328 0
1329 7
1330 1
1331 6
1332 49
1333 10
1334 3
1335 7
1336 7
1337 25
1338 21
1339 69
1340 73
1341 17
1342 3
1343 19
1344 32
1345 1
1346 0
1347 1
1348 0
1349 6
1350 37
1351 1
1352 0
1353 37
1354 5
1355 12
1356 16
1357 2
1358 4
1359 22
1360 0
1361 0
1362 0
1363 16
1364 48
1365 53
1366 13
1367 17
1368 18
1369 35
1370 20
1371 30
1372 0
1373 3
1374 0
1375 0
1376 0
1377 2
1378 8
1379 39
1380 41
1381 5
1382 6
1383 4
1384 15
1385 10
1386 21
1387 57
1388 24
1389 0
1390 21
1391 21
1392 4
1393 4
1394 2
1395 11
1396 12
1397 7
1398 0
1399 3
1400 22
1401 19
1402 14
1403 17
1404 10
1405 7
1406 6
1407 20
1408 17
1409 20
1410 17
1411 8
1412 1
1413 0
1414 2
1415 0
1416 17
1417 25
1418 18
1419 39
1420 18
1421 40
1422 10
1423 0
1424 2
1425 0
1426 1
1427 15
1428 52
1429 79
1430 38
1431 56
1432 34
1433 20
1434 19
1435 25
1436 19
1437 39
1438 0
1439 0
1440 12
1441 10
1442 70
1443 13
1444 10
1445 28
1446 38
1447 5
1448 12
1449 4
1450 2
1451 29
1452 8
1453 18
1454 13
1455 1
1456 9
1457 47
1458 1
1459 45
1460 11
1461 5
1462 2
1463 6
1464 0
1465 7
1466 13
1467 12
1468 1
1469 1
1470 0
1471 0
1472 0
1473 2
1474 0
1475 10
1476 68
1477 112
1478 43
1479 35
1480 42
1481 41
1482 6
1483 30
1484 23
1485 0
1486 6
1487 1
1488 16
1489 15
1490 57
1491 17
1492 12
1493 18
1494 22
1495 5
1496 32
1497 47
1498 4
1499 14
1500 28
1501 5
1502 10
1503 4
1504 24
1505 33
1506 5
1507 8
1508 30
1509 2
1510 11
1511 0
1512 1
1513 6
1514 47
1515 11
1516 8
1517 0
1518 0
1519 0
1520 0
1521 0
1522 2
1523 1
1524 17
1525 66
1526 45
1527 135
1528 95
1529 64
1530 27
1531 0
1532 7
1533 35
1534 1
1535 21
1536 12
1537 15
1538 30
1539 16
1540 0
1541 18
1542 3
1543 14
1544 76
1545 44
1546 34
1547 18
1548 3
1549 17
1550 25
1551 7
1552 3
1553 12
1554 8
1555 6
1556 32
1557 61
1558 4
1559 7
1560 16
1561 48
1562 29
1563 30
1564 0
1565 0
1566 13
1567 12
1568 39
1569 0
1570 0
1571 9
1572 92
1573 191
1574 62
1575 4
1576 68
1577 27
1578 18
1579 33
1580 60
1581 20
1582 21
1583 23
1584 12
1585 2
1586 0
1587 6
1588 40
1589 1
1590 73
1591 21
1592 13
1593 15
1594 17
1595 51
1596 42
1597 5
1598 0
1599 5
1600 38
1601 13
1602 44
1603 7
1604 1
1605 0
1606 0
1607 6
1608 0
1609 0
1610 0
1611 0
1612 14
1613 15
1614 13
1615 0
1616 21
1617 81
1618 65
1619 128
1620 60
1621 82
1622 76
1623 33
1624 21
1625 1
1626 61
1627 32
1628 12
1629 38
1630 20
1631 14
1632 14
1633 16
1634 27
1635 8
1636 7
1637 13
1638 10
1639 12
1640 34
1641 6
1642 0
1643 0
1644 0
1645 55
1646 91
1647 19
1648 37
1649 16
1650 11
1651 27
1652 73
1653 1
1654 9
1655 35
1656 40
1657 10
1658 15
1659 25
1660 13
1661 16
1662 16
1663 1
1664 17
1665 21
1666 19
1667 44
1668 41
1669 0
1670 8
1671 8
1672 0
1673 0
1674 0
1675 0
1676 0
1677 89
1678 63
1679 53
1680 59
1681 20
1682 25
1683 23
1684 14
1685 40
1686 24
1687 7
1688 13
1689 18
1690 8
1691 20
1692 3
1693 14
1694 21
1695 0
1696 12
1697 0
1698 3
1699 3
1700 0
1701 47
1702 1
1703 13
1704 0
1705 0
1706 0
1707 15
1708 0
1709 18
1710 81
1711 21
1712 15
1713 15
1714 12
1715 38
1716 18
1717 12
1718 6
1719 10
1720 0
1721 11
1722 2
1723 1
1724 2
1725 2
1726 9
1727 7
1728 32
1729 28
1730 0
1731 4
1732 0
1733 11
1734 2
1735 0
1736 7
1737 17
1738 38
1739 29
1740 11
1741 7
1742 32
1743 0
1744 12
1745 20
1746 12
1747 0
1748 0
1749 2
1750 7
1751 21
1752 32
1753 1
1754 0
1755 11
1756 3
1757 6
1758 9
1759 0
1760 0
1761 35
1762 6
1763 9
1764 11
1765 14
1766 7
1767 32
1768 18
1769 0
1770 1
1771 3
1772 15
1773 31
1774 12
1775 8
1776 9
1777 11
1778 21
1779 0
1780 6
1781 0
1782 14
1783 1
1784 6
1785 6
1786 0
1787 21
1788 8
1789 2
1790 16
1791 0
1792 21
1793 7
1794 0
1795 0
1796 5
1797 30
1798 35
1799 50
1800 51
1801 8
1802 24
1803 4
1804 10
1805 51
1806 38
1807 7
1808 14
1809 0
1810 20
1811 6
1812 5
1813 6
1814 1
1815 3
1816 0
1817 0
1818 8
1819 1
1820 14
1821 8
1822 7
1823 11
1824 38
1825 12
1826 1
1827 13
1828 13
1829 32
1830 0
1831 23
1832 5
1833 28
1834 4
1835 29
1836 13
1837 1
1838 12
1839 7
1840 2
1841 10
1842 2
1843 15
1844 32
1845 21
1846 10
1847 10
1848 28
1849 30
1850 2
1851 3
1852 4
1853 20
1854 7
1855 13
1856 13
1857 3
1858 33
1859 39
1860 10
1861 26
1862 14
1863 0
1864 8
1865 1
1866 14
1867 104
1868 26
1869 11
1870 2
1871 14
1872 48
1873 24
1874 6
1875 0
1876 1
1877 11
1878 11
1879 11
1880 0
1881 23
1882 41
1883 58
1884 26
1885 5
1886 4
1887 5
1888 0
1889 19
1890 23
1891 6
1892 8
1893 12
1894 70
1895 68
1896 28
1897 4
1898 3
1899 2
1900 40
1901 19
1902 1
1903 39
1904 13
1905 12
1906 9
1907 21
1908 13
1909 13
1910 13
1911 19
1912 34
1913 13
1914 1
1915 0
1916 1
1917 25
1918 9
1919 23
1920 6
1921 19
1922 1
1923 20
1924 19
1925 12
1926 1
1927 0
1928 2
1929 4
1930 7
1931 18
1932 5
1933 1
1934 5
1935 23
1936 16
1937 0
1938 1
1939 2
1940 25
1941 18
1942 42
1943 38
1944 6
1945 4
1946 6
1947 0
1948 8
1949 4
1950 9
1951 28
1952 11
1953 20
1954 9
1955 39
1956 5
1957 9
1958 17
1959 12
1960 6
1961 2
1962 0
1963 0
1964 37
1965 49
1966 1
1967 22
1968 38
1969 17
1970 7
1971 15
1972 33
1973 0
1974 6
1975 25
1976 9
1977 0
1978 0
1979 0
1980 22
1981 41
1982 13
1983 3
1984 6
1985 38
1986 13
1987 0
1988 0
1989 27
1990 13
1991 10
1992 13
1993 4
1994 17
1995 33
1996 62
1997 23
1998 10
1999 19
2000 22
2001 0
2002 2
2003 13
2004 39
2005 18
2006 8
2007 11
2008 6
2009 16
2010 10
2011 15
2012 1
2013 3
2014 21
2015 16
2016 36
2017 42
2018 2
2019 24
2020 10
2021 7
2022 1
2023 37
2024 54
2025 0
2026 13
2027 9
2028 5
2029 2
2030 20
2031 32
2032 21
2033 5
2034 18
2035 32
2036 44
2037 12
2038 10
2039 6
2040 9
2041 2
2042 4
2043 28
2044 4
2045 12
2046 10
2047 11
2048 34
2049 36
2050 29
2051 25
2052 1
2053 1
2054 15
2055 59
2056 8
2057 4
2058 10
2059 15
2060 15
2061 24
2062 19
2063 12
2064 1
2065 0
2066 22
2067 15
2068 0
2069 27
2070 7
2071 10
2072 36
2073 32
2074 14
2075 16
2076 29
2077 5
2078 0
2079 0
2080 19
2081 33
2082 25
2083 19
2084 14
2085 11
2086 18
2087 15
2088 19
2089 18
2090 15
2091 6
2092 7
2093 6
2094 18
2095 53
2096 11
2097 63
2098 31
2099 17
2100 3
2101 2
2102 0
2103 39
2104 31
2105 15
2106 0
2107 0
2108 5
2109 2
2110 26
2111 18
2112 31
2113 16
2114 9
2115 23
2116 16
2117 7
2118 32
2119 40
2120 7
2121 6
2122 0
2123 0
2124 30
2125 0
2126 16
2127 26
2128 19
2129 10
2130 12
2131 37
2132 33
2133 4
2134 0
2135 2
2136 0
2137 26
2138 41
2139 7
2140 2
2141 0
2142 0
2143 0
2144 28
2145 31
2146 6
2147 2
2148 39
2149 17
2150 47
2151 7
2152 30
2153 41
2154 16
2155 5
2156 0
2157 3
2158 1
2159 10
2160 31
2161 36
2162 0
2163 0
2164 6
2165 30
2166 16
2167 7
2168 2
2169 17
2170 2
2171 0
2172 28
2173 11
2174 0
2175 7
2176 0
2177 18
2178 0
2179 5
2180 2
2181 8
2182 4
2183 11
2184 1
2185 0
2186 0
2187 19
2188 5
2189 7
2190 25
2191 19
2192 4
2193 27
2194 2
2195 0
2196 0
2197 1
2198 1
2199 15
2200 9
2201 13
2202 14
2203 29
2204 3
2205 22
2206 34
2207 4
2208 0
2209 8
2210 8
2211 19
2212 43
2213 35
2214 3
2215 11
2216 0
2217 1
2218 1
2219 0
2220 12
2221 0
2222 0
2223 4
2224 19
2225 1
2226 0
2227 21
2228 23
2229 17
2230 17
2231 1
2232 4
2233 8
2234 0
2235 2
2236 0
2237 9
2238 1
2239 0
2240 0
2241 0
2242 0
2243 26
2244 15
2245 1
2246 4
2247 16
2248 41
2249 4
2250 34
2251 15
2252 1
2253 16
2254 40
2255 17
2256 24
2257 4
2258 0
2259 3
2260 20
2261 1
2262 1
2263 0
2264 0
2265 8
2266 44
2267 27
2268 22
2269 30
2270 29
2271 23
2272 0
2273 6
2274 45
2275 38
2276 13
2277 37
2278 6
2279 2
2280 0
2281 21
2282 43
2283 2
2284 0
2285 2
2286 22
2287 6
2288 7
2289 8
2290 29
2291 56
2292 2
2293 0
2294 31
2295 39
2296 10
2297 14
2298 11
2299 0
2300 14
2301 23
2302 9
2303 0
2304 7
2305 0
2306 4
2307 15
2308 36
2309 11
2310 13
2311 12
2312 2
2313 5
2314 17
2315 9
2316 44
2317 15
2318 0
2319 2
2320 32
2321 13
2322 14
2323 0
2324 0
2325 0
2326 38
2327 58
2328 10
2329 0
2330 4
2331 0
2332 3
2333 7
2334 55
2335 72
2336 6
2337 0
2338 9
2339 23
2340 18
2341 4
2342 0
2343 0
2344 11
2345 23
2346 12
2347 18
2348 1
2349 9
2350 5
2351 29
2352 27
2353 36
2354 21
2355 4
2356 15
2357 3
2358 0
2359 0
2360 0
2361 0
2362 0
2363 37
2364 31
2365 2
2366 28
2367 21
2368 2
2369 12
2370 30
2371 15
2372 12
2373 10
2374 0
2375 19
2376 25
2377 0
2378 0
2379 2
2380 5
2381 0
2382 35
2383 15
2384 9
2385 45
2386 12
2387 22
2388 47
2389 22
2390 19
2391 38
2392 4
2393 3
2394 31
2395 11
2396 2
2397 0
2398 32
2399 0
2400 0
2401 20
2402 74
2403 2
2404 7
2405 20
2406 31
2407 17
2408 14
2409 18
2410 10
2411 33
2412 17
2413 2
2414 0
2415 5
2416 0
2417 3
2418 0
2419 18
2420 35
2421 28
2422 71
2423 11
2424 13
2425 27
2426 23
2427 35
2428 26
2429 7
2430 0
2431 8
2432 22
2433 0
2434 1
2435 10
2436 11
2437 3
2438 47
2439 1
2440 20
2441 35
2442 37
2443 19
2444 13
2445 14
2446 0
2447 0
2448 0
2449 13
2450 0
2451 3
2452 1
2453 0
2454 13
2455 8
2456 19
2457 16
2458 1
2459 8
2460 0
2461 0
2462 0
2463 0
2464 6
2465 65
2466 7
2467 0
2468 2
2469 4
2470 9
2471 8
2472 3
2473 1
2474 0
2475 0
2476 0
2477 2
2478 14
2479 0
2480 2
2481 8
2482 0
2483 6
2484 12
2485 15
2486 5
2487 26
2488 2
2489 6
2490 0
2491 0
2492 0
2493 0
2494 2
2495 11
2496 1
2497 4
2498 0
2499 6
2500 4
2501 2
2502 5
2503 28
2504 0
2505 0
2506 0
2507 0
2508 0
2509 4
2510 0
2511 0
2512 4
2513 6
2514 0
2515 0
2516 2
2517 0
2518 0
2519 0
2520 3
2521 0
2522 1
2523 10
2524 0
2525 0
2526 15
2527 3
2528 0
2529 1
2530 3
2531 0
2532 0
2533 0
2534 23
2535 34
2536 2
2537 9
2538 11
2539 0
2540 0
2541 0
2542 39
2543 8
2544 9
2545 29
2546 1
2547 0
2548 5
2549 0
2550 0
2551 0
2552 10
2553 15
2554 6
2555 0
2556 0
2557 0
2558 4
2559 4
2560 14
2561 15
2562 1
2563 8
2564 1
2565 2
2566 6
2567 0
2568 1
2569 0
2570 2
2571 0
2572 0
2573 2
2574 0
2575 12
2576 0
2577 0
2578 0
2579 0
2580 0
2581 0
2582 0
2583 0
2584 0
2585 0
2586 0
2587 0
2588 0
2589 0
2590 0
2591 0
2592 0
2593 0
2594 0
2595 0
2596 0
2597 0
2598 0
