0 784
1 11
2 76
3 35
4 257
5 458
6 16
7 26
8 18
9 50
10 162
11 651
12 108
13 431
14 1085
15 482
16 831
17 145
18 108
19 1998
20 18
21 271
22 130
23 1294
24 7
25 492
26 40
27 50
28 39
29 138
30 27
31 72
32 11
33 416
34 66
35 745
36 52
37 195
38 111
39 153
40 252
41 77
42 87
43 72
44 966
45 17
46 71
47 46
48 75
49 892
50 461
51 129
52 766
53 711
54 752
55 71
56 167
57 561
58 798
59 57
60 179
61 978
62 725
63 100
64 143
65 1885
66 185
67 713
68 319
69 41
70 142
71 148
72 60
73 24
74 719
75 1286
76 68
77 598
78 1323
79 1229
80 133
81 26
82 541
83 273
84 115
85 41
86 590
87 1862
88 1557
89 50
90 48
91 47
92 95
93 564
94 158
95 9
96 144
97 868
98 218
99 1025
100 29
101 92
102 707
103 725
104 157
105 289
106 1027
107 304
108 820
109 780
110 55
111 301
112 449
113 174
114 620
115 284
116 921
117 164
118 98
119 501
120 29
121 393
122 1603
123 500
124 154
125 52
126 128
127 171
128 231
129 352
130 195
131 426
132 101
133 6
134 62
135 1453
136 757
137 3310
138 234
139 244
140 1244
141 1060
142 182
143 175
144 23
145 64
146 807
147 225
148 1152
149 664
150 286
151 0
152 13
153 323
154 269
155 434
156 197
157 295
158 3077
159 417
160 177
161 225
162 16
163 484
164 511
165 702
166 995
167 549
168 322
169 210
170 1306
171 723
172 278
173 211
174 1203
175 2308
176 1487
177 200
178 412
179 20
180 1396
181 125
182 3285
183 1717
184 704
185 550
186 2453
187 2358
188 1254
189 172
190 254
191 16
192 24
193 67
194 28
195 19
196 1242
197 771
198 101
199 1066
200 766
201 677
202 272
203 1273
204 839
205 1814
206 2816
207 736
208 422
209 33
210 1976
211 67
212 262
213 677
214 5
215 1571
216 113
217 373
218 500
219 2255
220 516
221 1752
222 1666
223 1478
224 2598
225 1436
226 1280
227 201
228 15
229 257
230 58
231 31
232 0
233 167
234 0
235 241
236 1
237 27
238 766
239 3057
240 127
241 3047
242 1805
243 295
244 1977
245 446
246 805
247 42
248 495
249 354
250 287
251 74
252 194
253 3
254 71
255 301
256 4594
257 1497
258 251
259 42
260 10
261 4
262 98
263 787
264 144
265 302
266 105
267 288
268 130
269 22
270 506
271 1083
272 309
273 3
274 131
275 121
276 123
277 96
278 220
279 833
280 95
281 28
282 402
283 2913
284 78
285 94
286 310
287 276
288 296
289 176
290 2579
291 629
292 3436
293 1207
294 69
295 692
296 999
297 343
298 491
299 233
300 647
301 436
302 705
303 587
304 3024
305 892
306 701
307 1578
308 19
309 827
310 604
311 855
312 1108
313 175
314 196
315 1088
316 972
317 1175
318 2512
319 100
320 381
321 504
322 145
323 275
324 21
325 60
326 229
327 102
328 40
329 19
330 127
331 647
332 221
333 1423
334 1749
335 1503
336 146
337 631
338 2058
339 1290
340 21
341 63
342 100
343 27
344 127
345 64
346 438
347 72
348 1217
349 431
350 608
351 2558
352 423
353 70
354 15
355 38
356 42
357 679
358 23
359 711
360 790
361 2092
362 2790
363 102
364 4
365 23
366 210
367 414
368 887
369 1022
370 432
371 241
372 244
373 397
374 213
375 237
376 606
377 37
378 120
379 614
380 740
381 24
382 606
383 45
384 541
385 899
386 16
387 39
388 820
389 1109
390 1614
391 1119
392 1850
393 63
394 1015
395 460
396 1878
397 634
398 10
399 1234
400 66
401 574
402 282
403 323
404 949
405 821
406 1732
407 1364
408 395
409 28
410 154
411 323
412 565
413 2586
414 1578
415 100
416 285
417 628
418 100
419 419
420 189
421 114
422 1056
423 1054
424 1400
425 573
426 531
427 207
428 821
429 41
430 2020
431 110
432 216
433 327
434 59
435 105
436 1695
437 2481
438 3133
439 1285
440 1904
441 1535
442 720
443 2624
444 472
445 384
446 308
447 70
448 1289
449 493
450 958
451 555
452 881
453 1624
454 1763
455 278
456 1108
457 2152
458 1416
459 12
460 72
461 1722
462 1346
463 794
464 848
465 632
466 134
467 1349
468 781
469 1746
470 2202
471 2262
472 1451
473 807
474 1601
475 537
476 106
477 212
478 72
479 308
480 201
481 324
482 472
483 80
484 1219
485 433
486 704
487 1076
488 374
489 1795
490 522
491 376
492 1906
493 3266
494 320
495 752
496 430
497 220
498 1920
499 640
500 600
501 599
502 449
503 203
504 77
505 651
506 936
507 146
508 113
509 2772
510 244
511 370
512 1266
513 2201
514 794
515 1371
516 727
517 532
518 25
519 484
520 2327
521 1920
522 67
523 376
524 421
525 53
526 42
527 209
528 771
529 198
530 129
531 238
532 1678
533 1587
534 176
535 1271
536 1345
537 225
538 203
539 1142
540 160
541 362
542 158
543 1232
544 1309
545 69
546 744
547 12
548 995
549 67
550 451
551 115
552 1354
553 1399
554 1977
555 1830
556 355
557 182
558 507
559 969
560 263
561 775
562 319
563 33
564 32
565 29
566 0
567 268
568 144
569 34
570 177
571 935
572 616
573 421
574 116
575 1003
576 308
577 497
578 537
579 348
580 148
581 44
582 100
583 494
584 844
585 742
586 587
587 207
588 1283
589 2649
590 80
591 59
592 586
593 72
594 107
595 247
596 209
597 138
598 1505
599 2049
600 1375
601 3049
602 651
603 486
604 327
605 214
606 700
607 704
608 1247
609 421
610 917
611 469
612 1470
613 975
614 2220
615 1497
616 1459
617 39
618 146
619 82
620 264
621 32
622 462
623 251
624 296
625 1876
626 856
627 2297
628 1451
629 1098
630 1935
631 281
632 499
633 361
634 548
635 354
636 863
637 51
638 423
639 998
640 132
641 887
642 733
643 2042
644 401
645 1713
646 867
647 84
648 130
649 7
650 10
651 619
652 740
653 376
654 409
655 469
656 309
657 121
658 1614
659 1138
660 130
661 788
662 101
663 1080
664 214
665 120
666 935
667 689
668 61
669 368
670 679
671 1480
672 170
673 114
674 185
675 63
676 1172
677 1412
678 1102
679 632
680 1723
681 1512
682 58
683 333
684 246
685 643
686 177
687 14
688 37
689 447
690 1717
691 1047
692 598
693 40
694 204
695 258
696 235
697 197
698 133
699 606
700 386
701 427
702 734
703 67
704 186
705 1343
706 1949
707 813
708 74
709 955
710 57
711 10
712 123
713 116
714 3
715 127
716 637
717 2644
718 1233
719 997
720 2474
721 561
722 305
723 26
724 385
725 269
726 553
727 419
728 402
729 984
730 589
731 1274
732 220
733 538
734 720
735 300
736 872
737 697
738 1545
739 1733
740 650
741 405
742 50
743 277
744 1197
745 42
746 25
747 13
748 1024
749 427
750 2779
751 117
752 1254
753 310
754 973
755 97
756 452
757 213
758 392
759 1565
760 810
761 252
762 677
763 257
764 1956
765 627
766 678
767 515
768 32
769 312
770 1999
771 282
772 142
773 0
774 460
775 764
776 422
777 444
778 471
779 75
780 17
781 128
782 502
783 233
784 683
785 335
786 1200
787 768
788 189
789 1640
790 186
791 204
792 432
793 923
794 935
795 0
796 948
797 1153
798 581
799 329
800 153
801 5
802 325
803 28
804 65
805 68
806 1844
807 782
808 462
809 1267
810 726
811 174
812 588
813 584
814 182
815 59
816 0
817 2
818 347
819 1411
820 1544
821 1532
822 645
823 890
824 183
825 588
826 242
827 1228
828 753
829 432
830 338
831 565
832 733
833 905
834 967
835 457
836 613
837 290
838 256
839 94
840 13
841 118
842 122
843 0
844 385
845 650
846 731
847 1224
848 704
849 190
850 945
851 31
852 928
853 196
854 85
855 601
856 209
857 1145
858 1095
859 169
860 210
861 507
862 987
863 321
864 418
865 636
866 180
867 572
868 157
869 137
870 282
871 99
872 29
873 95
874 3
875 14
876 169
877 1804
878 648
879 501
880 2320
881 1443
882 247
883 186
884 890
885 96
886 159
887 124
888 498
889 2689
890 256
891 235
892 607
893 295
894 233
895 516
896 308
897 565
898 186
899 120
900 0
901 28
902 235
903 2878
904 1302
905 279
906 1219
907 1704
908 1217
909 48
910 128
911 925
912 39
913 53
914 338
915 1138
916 86
917 433
918 1075
919 302
920 1066
921 1395
922 506
923 88
924 229
925 68
926 202
927 493
928 0
929 50
930 693
931 2210
932 726
933 2209
934 986
935 1624
936 298
937 159
938 922
939 364
940 1393
941 572
942 2
943 104
944 1158
945 1524
946 539
947 46
948 9
949 1010
950 700
951 73
952 588
953 1269
954 539
955 2151
956 2421
957 473
958 319
959 836
960 485
961 62
962 262
963 761
964 869
965 202
966 651
967 493
968 619
969 1594
970 652
971 27
972 543
973 1275
974 419
975 738
976 140
977 81
978 2882
979 468
980 2557
981 2551
982 555
983 220
984 1620
985 1361
986 363
987 110
988 4
989 20
990 88
991 235
992 287
993 2018
994 935
995 257
996 587
997 161
998 303
999 584
1000 242
1001 706
1002 1175
1003 22
1004 14
1005 24
1006 19
1007 1056
1008 1964
1009 5
1010 302
1011 172
1012 118
1013 2
1014 12
1015 33
1016 568
1017 1443
1018 156
1019 1289
1020 1052
1021 1802
1022 1183
1023 455
1024 649
1025 218
1026 800
1027 2279
1028 469
1029 170
1030 172
1031 1145
1032 44
1033 109
1034 345
1035 662
1036 334
1037 198
1038 1794
1039 1081
1040 1590
1041 876
1042 56
1043 567
1044 213
1045 424
1046 772
1047 605
1048 818
1049 138
1050 145
1051 15
1052 31
1053 38
1054 87
1055 298
1056 399
1057 621
1058 977
1059 1600
1060 1494
1061 343
1062 8
1063 81
1064 0
1065 110
1066 90
1067 401
1068 117
1069 381
1070 372
1071 196
1072 1447
1073 537
1074 1149
1075 114
1076 162
1077 17
1078 648
1079 99
1080 1232
1081 750
1082 251
1083 558
1084 464
1085 168
1086 16
1087 107
1088 25
1089 45
1090 1138
1091 1771
1092 1336
1093 1981
1094 1006
1095 163
1096 369
1097 134
1098 415
1099 2177
1100 65
1101 126
1102 187
1103 340
1104 120
1105 205
1106 2141
1107 2113
1108 397
1109 32
1110 4205
1111 1035
1112 125
1113 775
1114 1423
1115 137
1116 28
1117 197
1118 170
1119 1558
1120 1436
1121 1257
1122 193
1123 63
1124 363
1125 58
1126 382
1127 22
1128 515
1129 877
1130 47
1131 38
1132 9
1133 639
1134 378
1135 241
1136 5
1137 5
1138 32
1139 972
1140 4304
1141 2578
1142 1044
1143 20
1144 144
1145 13
1146 253
1147 12
1148 74
1149 1641
1150 2535
1151 231
1152 259
1153 320
1154 630
1155 2075
1156 1374
1157 984
1158 219
1159 116
1160 283
1161 111
1162 546
1163 5
1164 47
1165 12
1166 447
1167 661
1168 1429
1169 254
1170 1389
1171 24
1172 20
1173 244
1174 72
1175 93
1176 1009
1177 2033
1178 267
1179 1689
1180 133
1181 1163
1182 832
1183 1576
1184 603
1185 1325
1186 767
1187 482
1188 85
1189 38
1190 29
1191 649
1192 664
1193 34
1194 227
1195 52
1196 190
1197 59
1198 582
1199 587
1200 317
1201 60
1202 31
1203 1725
1204 144
1205 70
1206 276
1207 68
1208 457
1209 266
1210 1181
1211 1100
1212 2473
1213 218
1214 711
1215 1395
1216 638
1217 2467
1218 1276
1219 247
1220 853
1221 433
1222 197
1223 597
1224 529
1225 147
1226 437
1227 122
1228 642
1229 1114
1230 445
1231 57
1232 325
1233 675
1234 751
1235 2341
1236 469
1237 538
1238 876
1239 36
1240 284
1241 5
1242 98
1243 908
1244 43
1245 435
1246 256
1247 849
1248 1908
1249 2925
1250 197
1251 1199
1252 1929
1253 2625
1254 4103
1255 619
1256 460
1257 181
1258 1213
1259 137
1260 449
1261 153
1262 486
1263 545
1264 1396
1265 1023
1266 634
1267 179
1268 57
1269 75
1270 121
1271 298
1272 539
1273 601
1274 3512
1275 1545
1276 150
1277 301
1278 342
1279 455
1280 37
1281 71
1282 47
1283 26
1284 21
1285 5
1286 910
1287 1924
1288 628
1289 1568
1290 1345
1291 1376
1292 631
1293 838
1294 10596
1295 3761
1296 415
1297 100
1298 498
1299 1235
1300 238
1301 21
1302 338
1303 692
1304 1900
1305 413
1306 245
1307 1218
1308 886
1309 799
1310 175
1311 624
1312 17
1313 17
1314 36
1315 1760
1316 1574
1317 1557
1318 2045
1319 1843
1320 1828
1321 3417
1322 1957
1323 258
1324 239
1325 529
1326 121
1327 259
1328 13
1329 375
1330 193
1331 544
1332 2229
1333 583
1334 158
1335 512
1336 508
1337 1404
1338 1054
1339 3706
1340 4986
1341 759
1342 312
1343 1239
1344 1540
1345 318
1346 247
1347 189
1348 117
1349 389
1350 1878
1351 183
1352 76
1353 1773
1354 230
1355 923
1356 847
1357 227
1358 291
1359 962
1360 155
1361 25
1362 31
1363 729
1364 2619
1365 2990
1366 580
1367 927
1368 917
1369 1966
1370 1430
1371 1371
1372 11
1373 195
1374 29
1375 30
1376 122
1377 168
1378 484
1379 2021
1380 2184
1381 254
1382 334
1383 387
1384 975
1385 448
1386 1388
1387 3659
1388 1163
1389 182
1390 1250
1391 1152
1392 255
1393 295
1394 153
1395 651
1396 599
1397 492
1398 13
1399 178
1400 1443
1401 841
1402 708
1403 991
1404 795
1405 347
1406 370
1407 1081
1408 989
1409 1186
1410 938
1411 403
1412 374
1413 2
1414 195
1415 123
1416 905
1417 1318
1418 849
1419 2081
1420 1008
1421 2416
1422 644
1423 52
1424 274
1425 52
1426 219
1427 967
1428 2785
1429 3800
1430 2244
1431 3159
1432 2156
1433 925
1434 1081
1435 1355
1436 979
1437 2239
1438 42
1439 13
1440 702
1441 596
1442 3549
1443 637
1444 626
1445 1316
1446 1963
1447 391
1448 605
1449 305
1450 280
1451 2263
1452 446
1453 1371
1454 830
1455 109
1456 589
1457 2393
1458 81
1459 2425
1460 698
1461 386
1462 220
1463 438
1464 26
1465 387
1466 656
1467 562
1468 186
1469 185
1470 74
1471 11
1472 136
1473 135
1474 134
1475 764
1476 3539
1477 6298
1478 2438
1479 1899
1480 2595
1481 2127
1482 453
1483 1586
1484 1142
1485 15
1486 346
1487 119
1488 1097
1489 933
1490 4090
1491 1012
1492 543
1493 1110
1494 1130
1495 295
1496 1773
1497 2369
1498 321
1499 798
1500 1466
1501 432
1502 610
1503 274
1504 1022
1505 1892
1506 288
1507 611
1508 1672
1509 373
1510 628
1511 82
1512 148
1513 346
1514 2342
1515 837
1516 455
1517 80
1518 8
1519 1
1520 36
1521 84
1522 113
1523 106
1524 991
1525 3536
1526 2484
1527 7065
1528 5296
1529 3492
1530 1216
1531 62
1532 597
1533 2051
1534 162
1535 1103
1536 669
1537 736
1538 1215
1539 794
1540 94
1541 970
1542 219
1543 722
1544 3941
1545 2143
1546 2590
1547 1227
1548 372
1549 888
1550 1779
1551 437
1552 405
1553 720
1554 398
1555 475
1556 2249
1557 3913
1558 408
1559 455
1560 830
1561 2474
1562 1593
1563 1459
1564 43
1565 119
1566 663
1567 676
1568 1905
1569 39
1570 89
1571 335
1572 5291
1573 10077
1574 3475
1575 362
1576 3447
1577 1549
1578 1041
1579 2353
1580 2772
1581 1067
1582 1319
1583 1008
1584 723
1585 198
1586 28
1587 572
1588 1703
1589 188
1590 3472
1591 1198
1592 828
1593 827
1594 927
1595 2683
1596 1867
1597 277
1598 97
1599 276
1600 2505
1601 806
1602 2460
1603 347
1604 235
1605 40
1606 130
1607 404
1608 12
1609 25
1610 46
1611 14
1612 708
1613 915
1614 531
1615 85
1616 1178
1617 4365
1618 3398
1619 6098
1620 2816
1621 4599
1622 3814
1623 1429
1624 1026
1625 197
1626 3017
1627 1591
1628 783
1629 1651
1630 1014
1631 823
1632 980
1633 753
1634 1304
1635 450
1636 460
1637 746
1638 759
1639 926
1640 1503
1641 410
1642 34
1643 103
1644 164
1645 2796
1646 4899
1647 974
1648 1748
1649 855
1650 571
1651 1743
1652 4278
1653 158
1654 640
1655 1918
1656 1996
1657 539
1658 892
1659 1283
1660 662
1661 887
1662 852
1663 247
1664 939
1665 1474
1666 976
1667 2295
1668 2057
1669 45
1670 460
1671 538
1672 19
1673 140
1674 41
1675 75
1676 46
1677 4953
1678 3368
1679 2697
1680 2903
1681 1054
1682 1524
1683 1535
1684 913
1685 1988
1686 1202
1687 532
1688 764
1689 1066
1690 451
1691 1230
1692 331
1693 772
1694 1187
1695 124
1696 488
1697 162
1698 257
1699 354
1700 157
1701 2330
1702 248
1703 772
1704 14
1705 41
1706 175
1707 641
1708 35
1709 832
1710 4758
1711 1361
1712 798
1713 702
1714 720
1715 2090
1716 1362
1717 994
1718 308
1719 640
1720 89
1721 766
1722 199
1723 160
1724 298
1725 219
1726 688
1727 491
1728 1700
1729 1382
1730 115
1731 207
1732 59
1733 638
1734 280
1735 71
1736 458
1737 950
1738 1808
1739 1659
1740 1137
1741 397
1742 1422
1743 192
1744 716
1745 1193
1746 585
1747 39
1748 116
1749 210
1750 419
1751 1077
1752 1627
1753 160
1754 93
1755 487
1756 337
1757 424
1758 623
1759 46
1760 38
1761 1661
1762 497
1763 774
1764 793
1765 800
1766 477
1767 1732
1768 934
1769 27
1770 189
1771 463
1772 919
1773 1551
1774 736
1775 558
1776 613
1777 875
1778 1601
1779 40
1780 262
1781 14
1782 939
1783 82
1784 316
1785 416
1786 64
1787 1186
1788 568
1789 264
1790 829
1791 52
1792 1196
1793 523
1794 91
1795 7
1796 242
1797 2035
1798 1806
1799 3577
1800 2850
1801 808
1802 1077
1803 275
1804 671
1805 2864
1806 2727
1807 666
1808 760
1809 47
1810 947
1811 487
1812 342
1813 411
1814 294
1815 355
1816 253
1817 56
1818 441
1819 133
1820 844
1821 551
1822 475
1823 586
1824 2066
1825 663
1826 203
1827 670
1828 915
1829 1592
1830 123
1831 1273
1832 344
1833 1189
1834 258
1835 1630
1836 701
1837 159
1838 625
1839 289
1840 455
1841 428
1842 207
1843 682
1844 2102
1845 1497
1846 452
1847 574
1848 1360
1849 2219
1850 293
1851 151
1852 271
1853 944
1854 361
1855 1114
1856 651
1857 244
1858 1750
1859 2202
1860 575
1861 1352
1862 1434
1863 65
1864 550
1865 200
1866 625
1867 5490
1868 1263
1869 646
1870 205
1871 748
1872 2484
1873 1291
1874 387
1875 161
1876 188
1877 608
1878 690
1879 490
1880 58
1881 1307
1882 2044
1883 2473
1884 1323
1885 574
1886 221
1887 265
1888 40
1889 1094
1890 1245
1891 409
1892 760
1893 883
1894 3398
1895 3490
1896 1521
1897 362
1898 399
1899 312
1900 1577
1901 1006
1902 194
1903 2153
1904 766
1905 976
1906 713
1907 1091
1908 630
1909 680
1910 707
1911 947
1912 1902
1913 898
1914 194
1915 74
1916 120
1917 1063
1918 512
1919 1207
1920 458
1921 905
1922 246
1923 953
1924 982
1925 1007
1926 204
1927 180
1928 201
1929 278
1930 534
1931 884
1932 352
1933 140
1934 443
1935 960
1936 1314
1937 186
1938 166
1939 310
1940 1183
1941 1041
1942 2598
1943 2062
1944 323
1945 393
1946 454
1947 86
1948 506
1949 439
1950 387
1951 1267
1952 728
1953 1265
1954 676
1955 1990
1956 297
1957 714
1958 1004
1959 583
1960 440
1961 171
1962 33
1963 208
1964 2149
1965 2311
1966 222
1967 1193
1968 2072
1969 922
1970 469
1971 900
1972 1920
1973 258
1974 504
1975 1125
1976 499
1977 6
1978 110
1979 88
1980 1159
1981 1979
1982 840
1983 230
1984 375
1985 1813
1986 873
1987 91
1988 163
1989 1269
1990 672
1991 923
1992 656
1993 361
1994 834
1995 1776
1996 2972
1997 1037
1998 521
1999 1289
2000 1219
2001 65
2002 241
2003 605
2004 1796
2005 949
2006 435
2007 651
2008 483
2009 743
2010 785
2011 1141
2012 234
2013 207
2014 1247
2015 1015
2016 1777
2017 2344
2018 205
2019 1617
2020 553
2021 511
2022 366
2023 1625
2024 2698
2025 61
2026 592
2027 537
2028 656
2029 280
2030 1036
2031 1497
2032 985
2033 331
2034 938
2035 1518
2036 2118
2037 750
2038 662
2039 537
2040 313
2041 296
2042 393
2043 1471
2044 318
2045 684
2046 601
2047 583
2048 1813
2049 2100
2050 1378
2051 1376
2052 127
2053 150
2054 921
2055 3001
2056 472
2057 564
2058 547
2059 649
2060 579
2061 1316
2062 899
2063 815
2064 185
2065 148
2066 1394
2067 944
2068 51
2069 1453
2070 406
2071 783
2072 1789
2073 1520
2074 785
2075 1103
2076 1676
2077 392
2078 19
2079 206
2080 1098
2081 1963
2082 1351
2083 1069
2084 626
2085 503
2086 1189
2087 870
2088 1309
2089 1030
2090 724
2091 528
2092 468
2093 503
2094 851
2095 2937
2096 799
2097 3126
2098 1554
2099 919
2100 411
2101 202
2102 57
2103 2198
2104 1946
2105 867
2106 46
2107 47
2108 330
2109 272
2110 1532
2111 1005
2112 1570
2113 862
2114 598
2115 1050
2116 724
2117 582
2118 2007
2119 1976
2120 379
2121 402
2122 137
2123 159
2124 1709
2125 199
2126 1012
2127 1023
2128 1628
2129 537
2130 732
2131 1787
2132 2105
2133 259
2134 15
2135 231
2136 56
2137 1128
2138 2160
2139 561
2140 205
2141 41
2142 34
2143 71
2144 1418
2145 1491
2146 597
2147 311
2148 2172
2149 961
2150 2354
2151 346
2152 1401
2153 1728
2154 1317
2155 457
2156 107
2157 147
2158 106
2159 659
2160 1885
2161 1885
2162 7
2163 65
2164 354
2165 1468
2166 722
2167 599
2168 343
2169 924
2170 325
2171 149
2172 1158
2173 798
2174 56
2175 474
2176 55
2177 920
2178 177
2179 413
2180 198
2181 527
2182 341
2183 669
2184 212
2185 5
2186 24
2187 1063
2188 485
2189 390
2190 1260
2191 988
2192 420
2193 1439
2194 204
2195 66
2196 27
2197 222
2198 115
2199 673
2200 414
2201 771
2202 956
2203 1423
2204 264
2205 1395
2206 1402
2207 371
2208 58
2209 650
2210 543
2211 1194
2212 2296
2213 1878
2214 295
2215 452
2216 84
2217 164
2218 121
2219 201
2220 807
2221 32
2222 40
2223 401
2224 960
2225 198
2226 171
2227 1539
2228 1218
2229 1089
2230 1194
2231 148
2232 481
2233 741
2234 32
2235 178
2236 53
2237 502
2238 179
2239 28
2240 8
2241 130
2242 58
2243 1655
2244 736
2245 176
2246 348
2247 1348
2248 2376
2249 321
2250 1744
2251 813
2252 234
2253 586
2254 1872
2255 875
2256 1306
2257 343
2258 70
2259 182
2260 1285
2261 229
2262 122
2263 33
2264 51
2265 435
2266 2320
2267 1756
2268 1498
2269 2162
2270 2021
2271 1228
2272 68
2273 276
2274 2486
2275 1791
2276 857
2277 1986
2278 510
2279 147
2280 104
2281 1486
2282 2132
2283 251
2284 0
2285 197
2286 1097
2287 257
2288 437
2289 415
2290 1836
2291 2547
2292 216
2293 39
2294 1943
2295 1678
2296 480
2297 857
2298 525
2299 65
2300 894
2301 1349
2302 677
2303 21
2304 378
2305 88
2306 225
2307 722
2308 1958
2309 641
2310 634
2311 571
2312 421
2313 478
2314 899
2315 457
2316 2307
2317 748
2318 18
2319 277
2320 1622
2321 972
2322 804
2323 0
2324 15
2325 210
2326 1940
2327 3247
2328 579
2329 124
2330 214
2331 73
2332 487
2333 389
2334 2912
2335 3749
2336 454
2337 91
2338 459
2339 1003
2340 856
2341 259
2342 13
2343 0
2344 650
2345 1377
2346 686
2347 1098
2348 151
2349 604
2350 853
2351 1468
2352 1291
2353 1986
2354 1153
2355 280
2356 842
2357 310
2358 101
2359 6
2360 52
2361 18
2362 40
2363 1908
2364 1763
2365 217
2366 1407
2367 1060
2368 281
2369 761
2370 1275
2371 879
2372 706
2373 466
2374 64
2375 942
2376 1386
2377 27
2378 17
2379 185
2380 321
2381 78
2382 1703
2383 936
2384 613
2385 2350
2386 660
2387 1654
2388 2798
2389 1662
2390 1082
2391 2005
2392 272
2393 261
2394 1740
2395 638
2396 217
2397 55
2398 1534
2399 52
2400 175
2401 1013
2402 3892
2403 275
2404 519
2405 1273
2406 1664
2407 1225
2408 696
2409 901
2410 624
2411 1427
2412 923
2413 194
2414 6
2415 413
2416 115
2417 248
2418 63
2419 1079
2420 1879
2421 1586
2422 3438
2423 476
2424 890
2425 1047
2426 1482
2427 1885
2428 2264
2429 443
2430 27
2431 527
2432 1220
2433 6
2434 199
2435 523
2436 699
2437 366
2438 2250
2439 248
2440 824
2441 1831
2442 1773
2443 793
2444 856
2445 957
2446 135
2447 10
2448 16
2449 797
2450 80
2451 232
2452 142
2453 71
2454 693
2455 680
2456 950
2457 875
2458 161
2459 593
2460 106
2461 78
2462 5
2463 94
2464 547
2465 3454
2466 473
2467 19
2468 257
2469 273
2470 602
2471 410
2472 408
2473 95
2474 32
2475 39
2476 0
2477 193
2478 867
2479 67
2480 263
2481 448
2482 132
2483 372
2484 588
2485 849
2486 405
2487 1373
2488 203
2489 320
2490 55
2491 23
2492 9
2493 28
2494 409
2495 732
2496 256
2497 507
2498 107
2499 601
2500 277
2501 266
2502 318
2503 1524
2504 73
2505 11
2506 112
2507 34
2508 41
2509 271
2510 176
2511 270
2512 201
2513 451
2514 0
2515 2
2516 131
2517 7
2518 4
2519 41
2520 240
2521 129
2522 212
2523 573
2524 34
2525 10
2526 827
2527 415
2528 5
2529 177
2530 268
2531 136
2532 62
2533 34
2534 1291
2535 1617
2536 253
2537 449
2538 671
2539 126
2540 19
2541 108
2542 1941
2543 506
2544 644
2545 1596
2546 157
2547 63
2548 456
2549 220
2550 137
2551 53
2552 533
2553 959
2554 346
2555 11
2556 23
2557 128
2558 315
2559 236
2560 877
2561 772
2562 183
2563 553
2564 182
2565 151
2566 300
2567 171
2568 152
2569 77
2570 191
2571 124
2572 0
2573 284
2574 34
2575 740
2576 44
2577 47
2578 62
2579 30
2580 5
2581 7
2582 0
2583 0
2584 0
2585 0
2586 0
2587 0
2588 0
2589 0
2590 0
2591 0
2592 3
2593 0
2594 0
2595 0
2596 0
2597 0
2598 14
