0 2
1 0
2 0
3 0
4 1
5 1
6 0
7 0
8 0
9 0
10 0
11 3
12 0
13 1
14 4
15 1
16 2
17 0
18 0
19 10
20 0
21 0
22 0
23 4
24 0
25 1
26 0
27 0
28 0
29 0
30 0
31 0
32 0
33 2
34 0
35 3
36 0
37 0
38 0
39 0
40 0
41 0
42 0
43 0
44 3
45 0
46 0
47 0
48 0
49 2
50 0
51 0
52 3
53 3
54 3
55 0
56 0
57 1
58 2
59 0
60 0
61 4
62 3
63 0
64 0
65 4
66 0
67 3
68 3
69 0
70 0
71 0
72 0
73 0
74 3
75 3
76 0
77 1
78 4
79 4
80 0
81 0
82 2
83 1
84 0
85 0
86 2
87 5
88 6
89 0
90 0
91 0
92 0
93 1
94 0
95 0
96 0
97 4
98 0
99 3
100 0
101 0
102 2
103 3
104 0
105 0
106 3
107 0
108 3
109 0
110 0
111 0
112 1
113 0
114 1
115 0
116 2
117 0
118 0
119 1
120 0
121 0
122 8
123 1
124 0
125 0
126 0
127 0
128 1
129 1
130 0
131 1
132 0
133 0
134 0
135 6
136 4
137 15
138 1
139 0
140 4
141 5
142 0
143 0
144 0
145 0
146 2
147 1
148 3
149 3
150 0
151 0
152 0
153 2
154 0
155 0
156 0
157 1
158 9
159 1
160 0
161 0
162 0
163 1
164 1
165 3
166 3
167 2
168 1
169 0
170 5
171 1
172 0
173 0
174 4
175 9
176 4
177 0
178 1
179 0
180 3
181 0
182 11
183 7
184 4
185 0
186 12
187 9
188 4
189 0
190 0
191 0
192 0
193 0
194 0
195 0
196 4
197 1
198 0
199 3
200 2
201 2
202 3
203 5
204 2
205 5
206 9
207 3
208 1
209 0
210 9
211 0
212 0
213 1
214 0
215 5
216 0
217 0
218 1
219 7
220 3
221 7
222 6
223 7
224 10
225 4
226 7
227 0
228 0
229 0
230 0
231 0
232 0
233 0
234 0
235 0
236 0
237 0
238 4
239 12
240 0
241 14
242 5
243 1
244 5
245 0
246 2
247 0
248 0
249 1
250 1
251 0
252 0
253 0
254 0
255 0
256 16
257 6
258 1
259 0
260 0
261 0
262 0
263 0
264 0
265 0
266 0
267 0
268 0
269 0
270 2
271 4
272 0
273 0
274 0
275 0
276 0
277 0
278 0
279 3
280 0
281 0
282 1
283 11
284 0
285 0
286 1
287 0
288 0
289 0
290 0
291 1
292 12
293 5
294 0
295 2
296 3
297 1
298 3
299 1
300 0
301 3
302 2
303 2
304 10
305 3
306 1
307 5
308 0
309 3
310 2
311 2
312 5
313 0
314 0
315 5
316 3
317 3
318 11
319 0
320 1
321 0
322 0
323 0
324 0
325 0
326 0
327 0
328 0
329 0
330 0
331 1
332 0
333 4
334 5
335 4
336 0
337 3
338 9
339 6
340 0
341 0
342 0
343 0
344 0
345 0
346 2
347 0
348 3
349 1
350 1
351 8
352 1
353 0
354 0
355 0
356 0
357 1
358 0
359 2
360 2
361 8
362 11
363 0
364 0
365 0
366 0
367 1
368 3
369 5
370 1
371 0
372 0
373 2
374 0
375 0
376 3
377 0
378 0
379 0
380 3
381 0
382 2
383 0
384 2
385 3
386 0
387 0
388 4
389 0
390 8
391 2
392 7
393 0
394 3
395 1
396 7
397 1
398 0
399 4
400 0
401 2
402 0
403 0
404 2
405 2
406 7
407 5
408 1
409 0
410 0
411 2
412 2
413 10
414 5
415 0
416 0
417 3
418 0
419 0
420 0
421 0
422 6
423 7
424 7
425 0
426 3
427 0
428 3
429 0
430 8
431 0
432 0
433 1
434 0
435 0
436 6
437 9
438 0
439 7
440 7
441 6
442 3
443 10
444 1
445 0
446 0
447 0
448 3
449 1
450 4
451 0
452 4
453 4
454 6
455 0
456 3
457 10
458 6
459 0
460 0
461 7
462 4
463 3
464 3
465 2
466 0
467 4
468 1
469 6
470 7
471 7
472 5
473 2
474 6
475 2
476 0
477 0
478 0
479 1
480 0
481 0
482 1
483 0
484 5
485 1
486 3
487 4
488 0
489 7
490 1
491 1
492 6
493 12
494 1
495 2
496 0
497 0
498 7
499 1
500 2
501 0
502 0
503 0
504 0
505 1
506 3
507 0
508 0
509 15
510 0
511 1
512 4
513 10
514 2
515 3
516 3
517 2
518 0
519 2
520 0
521 7
522 0
523 0
524 2
525 0
526 0
527 0
528 2
529 0
530 0
531 0
532 5
533 0
534 0
535 5
536 8
537 0
538 1
539 4
540 0
541 1
542 0
543 5
544 7
545 0
546 4
547 0
548 3
549 0
550 2
551 0
552 6
553 7
554 10
555 7
556 1
557 0
558 1
559 0
560 1
561 3
562 1
563 0
564 0
565 0
566 0
567 0
568 0
569 0
570 0
571 4
572 3
573 1
574 1
575 3
576 2
577 1
578 2
579 1
580 0
581 0
582 0
583 1
584 1
585 2
586 2
587 0
588 4
589 11
590 0
591 0
592 2
593 0
594 0
595 2
596 0
597 0
598 4
599 6
600 6
601 9
602 0
603 2
604 0
605 1
606 2
607 2
608 5
609 2
610 5
611 2
612 4
613 3
614 8
615 5
616 5
617 0
618 0
619 0
620 0
621 0
622 1
623 0
624 2
625 6
626 4
627 10
628 6
629 3
630 8
631 0
632 1
633 2
634 2
635 0
636 6
637 0
638 2
639 4
640 0
641 2
642 3
643 0
644 0
645 5
646 3
647 0
648 0
649 0
650 0
651 0
652 2
653 2
654 1
655 1
656 0
657 0
658 7
659 3
660 0
661 2
662 0
663 4
664 0
665 0
666 5
667 2
668 0
669 1
670 1
671 7
672 0
673 0
674 0
675 0
676 3
677 4
678 4
679 1
680 7
681 6
682 0
683 0
684 0
685 2
686 0
687 0
688 0
689 0
690 6
691 2
692 2
693 0
694 0
695 1
696 0
697 0
698 0
699 3
700 1
701 1
702 2
703 0
704 0
705 4
706 5
707 3
708 0
709 3
710 0
711 0
712 0
713 1
714 0
715 0
716 1
717 8
718 3
719 4
720 11
721 3
722 0
723 0
724 2
725 0
726 0
727 1
728 1
729 2
730 1
731 5
732 0
733 2
734 2
735 0
736 4
737 1
738 7
739 8
740 3
741 1
742 0
743 0
744 6
745 0
746 0
747 0
748 3
749 0
750 11
751 0
752 5
753 1
754 3
755 0
756 1
757 0
758 1
759 4
760 3
761 1
762 2
763 0
764 5
765 2
766 1
767 2
768 0
769 0
770 7
771 2
772 0
773 0
774 0
775 2
776 1
777 2
778 1
779 0
780 0
781 1
782 0
783 0
784 2
785 0
786 7
787 2
788 0
789 6
790 0
791 0
792 1
793 3
794 1
795 0
796 3
797 4
798 1
799 0
800 0
801 0
802 0
803 0
804 0
805 0
806 10
807 4
808 1
809 5
810 2
811 0
812 0
813 3
814 1
815 0
816 0
817 0
818 1
819 5
820 4
821 4
822 3
823 2
824 0
825 2
826 2
827 3
828 1
829 1
830 0
831 2
832 3
833 2
834 3
835 1
836 2
837 1
838 0
839 0
840 0
841 0
842 0
843 0
844 0
845 4
846 2
847 6
848 3
849 0
850 2
851 0
852 4
853 0
854 0
855 0
856 0
857 2
858 3
859 0
860 1
861 1
862 4
863 0
864 1
865 3
866 0
867 3
868 0
869 0
870 1
871 0
872 0
873 0
874 0
875 0
876 0
877 5
878 2
879 0
880 11
881 8
882 1
883 0
884 3
885 0
886 0
887 0
888 2
889 9
890 0
891 1
892 1
893 1
894 0
895 1
896 0
897 0
898 0
899 0
900 0
901 0
902 0
903 9
904 5
905 2
906 5
907 4
908 3
909 0
910 0
911 4
912 0
913 0
914 0
915 4
916 0
917 0
918 2
919 0
920 4
921 4
922 1
923 0
924 0
925 0
926 0
927 1
928 0
929 0
930 1
931 9
932 2
933 6
934 3
935 5
936 0
937 1
938 4
939 0
940 3
941 1
942 0
943 0
944 0
945 5
946 2
947 0
948 0
949 3
950 2
951 0
952 1
953 4
954 1
955 5
956 8
957 2
958 1
959 3
960 0
961 0
962 0
963 3
964 4
965 0
966 1
967 1
968 3
969 5
970 2
971 0
972 2
973 3
974 1
975 2
976 0
977 0
978 0
979 1
980 9
981 10
982 1
983 0
984 6
985 3
986 0
987 0
988 0
989 0
990 0
991 0
992 0
993 5
994 3
995 1
996 2
997 0
998 0
999 0
1000 1
1001 2
1002 7
1003 0
1004 0
1005 0
1006 0
1007 3
1008 5
1009 0
1010 1
1011 1
1012 0
1013 0
1014 0
1015 0
1016 1
1017 5
1018 0
1019 6
1020 5
1021 4
1022 4
1023 1
1024 2
1025 1
1026 3
1027 10
1028 1
1029 0
1030 0
1031 4
1032 0
1033 0
1034 0
1035 3
1036 0
1037 0
1038 6
1039 4
1040 4
1041 3
1042 0
1043 1
1044 1
1045 1
1046 1
1047 1
1048 3
1049 0
1050 0
1051 0
1052 0
1053 0
1054 0
1055 1
1056 1
1057 2
1058 1
1059 5
1060 7
1061 1
1062 0
1063 0
1064 0
1065 0
1066 0
1067 1
1068 0
1069 0
1070 0
1071 0
1072 7
1073 2
1074 2
1075 0
1076 0
1077 0
1078 2
1079 0
1080 5
1081 2
1082 0
1083 0
1084 1
1085 0
1086 0
1087 0
1088 0
1089 0
1090 3
1091 7
1092 5
1093 7
1094 5
1095 0
1096 1
1097 0
1098 1
1099 8
1100 0
1101 0
1102 0
1103 0
1104 0
1105 0
1106 8
1107 8
1108 0
1109 0
1110 14
1111 4
1112 1
1113 2
1114 6
1115 0
1116 0
1117 0
1118 0
1119 6
1120 5
1121 5
1122 0
1123 0
1124 1
1125 0
1126 1
1127 0
1128 1
1129 2
1130 0
1131 0
1132 0
1133 2
1134 1
1135 0
1136 0
1137 0
1138 0
1139 0
1140 18
1141 8
1142 1
1143 0
1144 0
1145 0
1146 0
1147 0
1148 0
1149 0
1150 9
1151 0
1152 1
1153 0
1154 0
1155 8
1156 3
1157 4
1158 1
1159 0
1160 1
1161 0
1162 2
1163 0
1164 0
1165 0
1166 0
1167 2
1168 6
1169 1
1170 6
1171 0
1172 0
1173 0
1174 0
1175 0
1176 2
1177 6
1178 0
1179 6
1180 0
1181 4
1182 2
1183 5
1184 1
1185 5
1186 0
1187 1
1188 0
1189 0
1190 0
1191 2
1192 3
1193 0
1194 0
1195 0
1196 0
1197 0
1198 1
1199 2
1200 0
1201 0
1202 0
1203 7
1204 0
1205 0
1206 0
1207 0
1208 0
1209 1
1210 3
1211 4
1212 10
1213 0
1214 2
1215 4
1216 2
1217 6
1218 5
1219 1
1220 1
1221 1
1222 0
1223 2
1224 1
1225 0
1226 1
1227 0
1228 2
1229 2
1230 0
1231 0
1232 0
1233 2
1234 0
1235 6
1236 1
1237 3
1238 3
1239 0
1240 0
1241 0
1242 0
1243 3
1244 0
1245 1
1246 0
1247 2
1248 8
1249 8
1250 0
1251 4
1252 7
1253 8
1254 18
1255 2
1256 1
1257 0
1258 4
1259 0
1260 2
1261 0
1262 2
1263 3
1264 5
1265 5
1266 2
1267 1
1268 0
1269 0
1270 0
1271 0
1272 2
1273 0
1274 11
1275 6
1276 0
1277 2
1278 1
1279 2
1280 0
1281 0
1282 0
1283 0
1284 0
1285 0
1286 4
1287 7
1288 1
1289 5
1290 0
1291 5
1292 2
1293 3
1294 43
1295 12
1296 1
1297 0
1298 1
1299 4
1300 0
1301 0
1302 0
1303 4
1304 9
1305 1
1306 0
1307 4
1308 2
1309 3
1310 0
1311 2
1312 0
1313 0
1314 0
1315 7
1316 5
1317 6
1318 7
1319 6
1320 8
1321 14
1322 8
1323 1
1324 0
1325 1
1326 0
1327 0
1328 0
1329 1
1330 0
1331 3
1332 6
1333 2
1334 1
1335 2
1336 1
1337 5
1338 3
1339 14
1340 18
1341 5
1342 0
1343 5
1344 5
1345 1
1346 0
1347 0
1348 0
1349 2
1350 6
1351 0
1352 0
1353 7
1354 0
1355 4
1356 2
1357 0
1358 0
1359 4
1360 0
1361 0
1362 0
1363 2
1364 11
1365 14
1366 2
1367 2
1368 4
1369 7
1370 5
1371 5
1372 0
1373 0
1374 0
1375 0
1376 0
1377 0
1378 3
1379 7
1380 8
1381 0
1382 0
1383 1
1384 2
1385 1
1386 4
1387 15
1388 6
1389 0
1390 4
1391 4
1392 0
1393 1
1394 0
1395 2
1396 2
1397 1
1398 0
1399 2
1400 3
1401 2
1402 2
1403 3
1404 2
1405 2
1406 1
1407 3
1408 5
1409 3
1410 1
1411 1
1412 0
1413 0
1414 0
1415 0
1416 4
1417 4
1418 4
1419 8
1420 3
1421 10
1422 3
1423 0
1424 0
1425 0
1426 0
1427 4
1428 10
1429 16
1430 8
1431 0
1432 9
1433 2
1434 4
1435 4
1436 5
1437 8
1438 0
1439 0
1440 1
1441 1
1442 14
1443 0
1444 1
1445 3
1446 7
1447 2
1448 2
1449 1
1450 0
1451 10
1452 3
1453 7
1454 3
1455 0
1456 1
1457 8
1458 0
1459 9
1460 2
1461 1
1462 0
1463 2
1464 0
1465 2
1466 2
1467 1
1468 0
1469 0
1470 0
1471 0
1472 0
1473 0
1474 0
1475 1
1476 12
1477 20
1478 10
1479 5
1480 11
1481 6
1482 1
1483 6
1484 3
1485 0
1486 1
1487 0
1488 4
1489 4
1490 13
1491 4
1492 1
1493 4
1494 2
1495 0
1496 9
1497 7
1498 1
1499 1
1500 7
1501 0
1502 2
1503 0
1504 3
1505 8
1506 0
1507 2
1508 5
1509 1
1510 2
1511 0
1512 0
1513 0
1514 12
1515 3
1516 1
1517 0
1518 0
1519 0
1520 0
1521 0
1522 0
1523 0
1524 3
1525 11
1526 8
1527 27
1528 22
1529 10
1530 4
1531 0
1532 3
1533 8
1534 1
1535 4
1536 3
1537 1
1538 5
1539 3
1540 0
1541 3
1542 0
1543 2
1544 14
1545 8
1546 8
1547 0
1548 0
1549 2
1550 6
1551 2
1552 1
1553 1
1554 0
1555 1
1556 5
1557 15
1558 0
1559 1
1560 2
1561 9
1562 8
1563 5
1564 0
1565 0
1566 2
1567 2
1568 9
1569 0
1570 0
1571 1
1572 23
1573 34
1574 14
1575 1
1576 12
1577 5
1578 3
1579 0
1580 12
1581 4
1582 4
1583 3
1584 2
1585 0
1586 0
1587 2
1588 0
1589 1
1590 13
1591 5
1592 0
1593 2
1594 1
1595 10
1596 7
1597 1
1598 0
1599 0
1600 10
1601 4
1602 11
1603 0
1604 0
1605 0
1606 0
1607 1
1608 0
1609 0
1610 0
1611 0
1612 4
1613 5
1614 2
1615 0
1616 5
1617 15
1618 16
1619 18
1620 11
1621 19
1622 15
1623 5
1624 5
1625 1
1626 10
1627 6
1628 0
1629 6
1630 3
1631 2
1632 3
1633 4
1634 6
1635 1
1636 0
1637 2
1638 3
1639 5
1640 6
1641 1
1642 0
1643 0
1644 0
1645 10
1646 18
1647 0
1648 0
1649 3
1650 1
1651 8
1652 15
1653 0
1654 1
1655 9
1656 6
1657 1
1658 3
1659 5
1660 2
1661 5
1662 4
1663 0
1664 3
1665 6
1666 4
1667 8
1668 7
1669 0
1670 3
1671 1
1672 0
1673 0
1674 0
1675 0
1676 0
1677 17
1678 11
1679 12
1680 8
1681 4
1682 6
1683 6
1684 1
1685 7
1686 4
1687 1
1688 3
1689 4
1690 1
1691 6
1692 2
1693 3
1694 3
1695 0
1696 0
1697 0
1698 0
1699 0
1700 0
1701 8
1702 0
1703 2
1704 0
1705 0
1706 0
1707 0
1708 0
1709 4
1710 17
1711 5
1712 3
1713 1
1714 3
1715 6
1716 4
1717 4
1718 1
1719 1
1720 0
1721 1
1722 0
1723 0
1724 0
1725 0
1726 1
1727 1
1728 8
1729 5
1730 0
1731 0
1732 0
1733 3
1734 0
1735 0
1736 2
1737 3
1738 5
1739 5
1740 5
1741 2
1742 6
1743 0
1744 2
1745 4
1746 3
1747 0
1748 0
1749 1
1750 1
1751 2
1752 6
1753 0
1754 0
1755 2
1756 0
1757 0
1758 2
1759 0
1760 0
1761 7
1762 1
1763 2
1764 3
1765 4
1766 0
1767 4
1768 0
1769 0
1770 1
1771 1
1772 6
1773 5
1774 3
1775 0
1776 4
1777 0
1778 9
1779 0
1780 2
1781 0
1782 2
1783 0
1784 1
1785 0
1786 0
1787 5
1788 1
1789 0
1790 2
1791 0
1792 2
1793 2
1794 0
1795 0
1796 1
1797 7
1798 8
1799 16
1800 11
1801 1
1802 6
1803 1
1804 3
1805 10
1806 11
1807 1
1808 1
1809 0
1810 2
1811 0
1812 0
1813 1
1814 0
1815 0
1816 0
1817 0
1818 0
1819 0
1820 3
1821 2
1822 2
1823 1
1824 9
1825 2
1826 0
1827 1
1828 0
1829 7
1830 0
1831 4
1832 0
1833 3
1834 1
1835 7
1836 0
1837 0
1838 1
1839 0
1840 0
1841 0
1842 0
1843 2
1844 7
1845 7
1846 1
1847 2
1848 5
1849 8
1850 0
1851 0
1852 1
1853 3
1854 1
1855 4
1856 1
1857 1
1858 5
1859 6
1860 2
1861 5
1862 5
1863 0
1864 2
1865 0
1866 2
1867 21
1868 3
1869 1
1870 0
1871 4
1872 7
1873 7
1874 0
1875 0
1876 0
1877 2
1878 2
1879 2
1880 0
1881 4
1882 8
1883 9
1884 4
1885 1
1886 0
1887 0
1888 0
1889 2
1890 3
1891 0
1892 2
1893 1
1894 13
1895 13
1896 5
1897 2
1898 1
1899 0
1900 4
1901 3
1902 0
1903 0
1904 2
1905 3
1906 3
1907 3
1908 0
1909 3
1910 2
1911 3
1912 6
1913 3
1914 0
1915 0
1916 0
1917 3
1918 2
1919 2
1920 1
1921 3
1922 0
1923 5
1924 3
1925 3
1926 0
1927 0
1928 0
1929 0
1930 2
1931 3
1932 0
1933 0
1934 1
1935 4
1936 3
1937 0
1938 0
1939 0
1940 5
1941 4
1942 10
1943 9
1944 0
1945 0
1946 1
1947 0
1948 1
1949 2
1950 1
1951 4
1952 2
1953 7
1954 2
1955 7
1956 0
1957 3
1958 3
1959 1
1960 1
1961 0
1962 0
1963 0
1964 9
1965 11
1966 0
1967 4
1968 10
1969 3
1970 0
1971 3
1972 9
1973 0
1974 0
1975 4
1976 1
1977 0
1978 0
1979 0
1980 3
1981 7
1982 1
1983 1
1984 1
1985 0
1986 1
1987 0
1988 0
1989 6
1990 2
1991 4
1992 3
1993 1
1994 2
1995 0
1996 11
1997 3
1998 1
1999 3
2000 4
2001 0
2002 0
2003 2
2004 6
2005 2
2006 1
2007 4
2008 1
2009 2
2010 0
2011 3
2012 0
2013 0
2014 0
2015 5
2016 8
2017 8
2018 0
2019 5
2020 1
2021 1
2022 0
2023 4
2024 10
2025 0
2026 2
2027 1
2028 2
2029 1
2030 3
2031 3
2032 3
2033 0
2034 0
2035 4
2036 8
2037 0
2038 3
2039 1
2040 0
2041 1
2042 1
2043 7
2044 1
2045 2
2046 2
2047 2
2048 8
2049 9
2050 2
2051 5
2052 0
2053 0
2054 3
2055 11
2056 0
2057 2
2058 3
2059 2
2060 0
2061 3
2062 3
2063 2
2064 1
2065 0
2066 5
2067 2
2068 0
2069 6
2070 1
2071 2
2072 6
2073 5
2074 3
2075 4
2076 8
2077 0
2078 0
2079 0
2080 0
2081 7
2082 5
2083 3
2084 2
2085 2
2086 4
2087 4
2088 4
2089 4
2090 3
2091 2
2092 2
2093 2
2094 0
2095 13
2096 0
2097 11
2098 5
2099 2
2100 2
2101 0
2102 0
2103 9
2104 7
2105 4
2106 0
2107 0
2108 1
2109 1
2110 6
2111 4
2112 3
2113 3
2114 0
2115 4
2116 2
2117 2
2118 6
2119 7
2120 0
2121 2
2122 0
2123 0
2124 7
2125 0
2126 4
2127 5
2128 5
2129 0
2130 2
2131 7
2132 8
2133 0
2134 0
2135 0
2136 0
2137 4
2138 8
2139 1
2140 0
2141 0
2142 0
2143 0
2144 5
2145 4
2146 2
2147 1
2148 5
2149 4
2150 8
2151 1
2152 4
2153 8
2154 4
2155 1
2156 0
2157 0
2158 0
2159 2
2160 7
2161 8
2162 0
2163 0
2164 1
2165 6
2166 3
2167 2
2168 0
2169 2
2170 1
2171 0
2172 4
2173 2
2174 0
2175 2
2176 0
2177 4
2178 0
2179 0
2180 0
2181 2
2182 0
2183 0
2184 0
2185 0
2186 0
2187 4
2188 0
2189 0
2190 5
2191 0
2192 1
2193 5
2194 0
2195 0
2196 0
2197 0
2198 0
2199 2
2200 1
2201 4
2202 3
2203 4
2204 0
2205 5
2206 0
2207 2
2208 0
2209 2
2210 3
2211 5
2212 8
2213 8
2214 0
2215 1
2216 0
2217 0
2218 0
2219 0
2220 1
2221 0
2222 0
2223 1
2224 4
2225 1
2226 1
2227 6
2228 6
2229 5
2230 4
2231 0
2232 1
2233 3
2234 0
2235 0
2236 0
2237 1
2238 0
2239 0
2240 0
2241 1
2242 0
2243 6
2244 1
2245 0
2246 0
2247 5
2248 8
2249 2
2250 4
2251 4
2252 0
2253 2
2254 5
2255 3
2256 0
2257 1
2258 0
2259 0
2260 5
2261 0
2262 0
2263 0
2264 0
2265 4
2266 11
2267 7
2268 4
2269 6
2270 6
2271 4
2272 0
2273 0
2274 11
2275 8
2276 3
2277 6
2278 3
2279 1
2280 0
2281 4
2282 8
2283 1
2284 0
2285 0
2286 3
2287 0
2288 0
2289 1
2290 8
2291 8
2292 0
2293 0
2294 7
2295 5
2296 0
2297 3
2298 2
2299 0
2300 3
2301 4
2302 4
2303 0
2304 0
2305 0
2306 0
2307 4
2308 6
2309 2
2310 3
2311 2
2312 3
2313 0
2314 2
2315 2
2316 9
2317 4
2318 0
2319 1
2320 5
2321 0
2322 2
2323 0
2324 0
2325 0
2326 8
2327 13
2328 4
2329 0
2330 1
2331 0
2332 1
2333 1
2334 11
2335 0
2336 1
2337 0
2338 2
2339 3
2340 3
2341 0
2342 0
2343 0
2344 2
2345 6
2346 2
2347 4
2348 0
2349 2
2350 0
2351 4
2352 6
2353 0
2354 5
2355 1
2356 4
2357 0
2358 0
2359 0
2360 0
2361 0
2362 0
2363 10
2364 8
2365 1
2366 5
2367 7
2368 0
2369 3
2370 5
2371 2
2372 1
2373 0
2374 0
2375 6
2376 5
2377 0
2378 0
2379 0
2380 0
2381 0
2382 5
2383 3
2384 2
2385 8
2386 2
2387 5
2388 13
2389 6
2390 2
2391 10
2392 1
2393 0
2394 0
2395 2
2396 0
2397 0
2398 4
2399 0
2400 0
2401 4
2402 14
2403 1
2404 1
2405 4
2406 7
2407 4
2408 1
2409 3
2410 1
2411 6
2412 5
2413 0
2414 0
2415 0
2416 0
2417 0
2418 0
2419 4
2420 6
2421 4
2422 12
2423 2
2424 0
2425 4
2426 6
2427 7
2428 8
2429 2
2430 0
2431 1
2432 4
2433 0
2434 1
2435 2
2436 2
2437 2
2438 10
2439 0
2440 4
2441 6
2442 5
2443 2
2444 3
2445 4
2446 0
2447 0
2448 0
2449 1
2450 0
2451 1
2452 0
2453 0
2454 1
2455 3
2456 2
2457 4
2458 0
2459 2
2460 0
2461 0
2462 0
2463 0
2464 3
2465 14
2466 1
2467 0
2468 1
2469 1
2470 1
2471 0
2472 1
2473 0
2474 0
2475 0
2476 0
2477 0
2478 2
2479 0
2480 1
2481 1
2482 0
2483 1
2484 1
2485 5
2486 3
2487 3
2488 0
2489 1
2490 0
2491 0
2492 0
2493 0
2494 1
2495 0
2496 0
2497 2
2498 0
2499 0
2500 1
2501 0
2502 0
2503 6
2504 0
2505 0
2506 0
2507 0
2508 0
2509 0
2510 0
2511 0
2512 0
2513 2
2514 0
2515 0
2516 0
2517 0
2518 0
2519 0
2520 1
2521 0
2522 0
2523 3
2524 0
2525 0
2526 3
2527 1
2528 0
2529 1
2530 1
2531 0
2532 0
2533 0
2534 4
2535 6
2536 1
2537 1
2538 2
2539 0
2540 0
2541 0
2542 6
2543 3
2544 1
2545 5
2546 0
2547 0
2548 2
2549 0
2550 0
2551 0
2552 1
2553 4
2554 1
2555 0
2556 0
2557 0
2558 1
2559 0
2560 3
2561 2
2562 0
2563 4
2564 0
2565 0
2566 1
2567 0
2568 0
2569 0
2570 0
2571 0
2572 0
2573 1
2574 0
2575 3
2576 0
2577 0
2578 0
2579 0
2580 0
2581 0
2582 0
2583 0
2584 0
2585 0
2586 0
2587 0
2588 0
2589 0
2590 0
2591 0
2592 0
2593 0
2594 0
2595 0
2596 0
2597 0
2598 0
