0 48
1 0
2 5
3 0
4 17
5 23
6 0
7 0
8 0
9 0
10 7
11 41
12 3
13 24
14 66
15 21
16 34
17 8
18 4
19 103
20 0
21 17
22 4
23 74
24 0
25 27
26 1
27 0
28 0
29 7
30 1
31 3
32 0
33 23
34 3
35 42
36 1
37 11
38 4
39 1
40 14
41 3
42 1
43 4
44 60
45 0
46 1
47 2
48 0
49 48
50 27
51 3
52 48
53 52
54 44
55 3
56 4
57 25
58 47
59 0
60 10
61 50
62 47
63 0
64 5
65 104
66 9
67 35
68 21
69 0
70 12
71 6
72 1
73 0
74 40
75 77
76 1
77 35
78 81
79 80
80 5
81 2
82 28
83 13
84 3
85 0
86 36
87 115
88 97
89 1
90 0
91 1
92 5
93 25
94 8
95 0
96 9
97 49
98 14
99 53
100 0
101 3
102 37
103 43
104 10
105 17
106 55
107 17
108 49
109 41
110 1
111 13
112 23
113 6
114 29
115 16
116 51
117 6
118 2
119 29
120 0
121 23
122 99
123 25
124 7
125 2
126 6
127 3
128 15
129 23
130 7
131 27
132 2
133 0
134 1
135 77
136 36
137 180
138 12
139 16
140 64
141 57
142 12
143 13
144 0
145 0
146 49
147 11
148 69
149 40
150 16
151 0
152 0
153 23
154 15
155 20
156 7
157 22
158 179
159 20
160 8
161 13
162 0
163 30
164 28
165 37
166 53
167 36
168 18
169 13
170 77
171 44
172 12
173 8
174 76
175 123
176 82
177 13
178 22
179 0
180 60
181 2
182 187
183 89
184 32
185 26
186 144
187 129
188 67
189 7
190 16
191 0
192 0
193 2
194 0
195 0
196 86
197 42
198 4
199 62
200 49
201 41
202 16
203 76
204 43
205 107
206 162
207 43
208 13
209 0
210 87
211 2
212 14
213 35
214 0
215 70
216 2
217 19
218 29
219 130
220 29
221 97
222 93
223 71
224 152
225 83
226 80
227 11
228 0
229 10
230 0
231 0
232 0
233 3
234 0
235 10
236 0
237 0
238 39
239 178
240 8
241 185
242 95
243 15
244 110
245 29
246 47
247 1
248 34
249 13
250 17
251 2
252 7
253 0
254 1
255 16
256 261
257 74
258 15
259 0
260 0
261 0
262 4
263 47
264 5
265 17
266 4
267 16
268 6
269 0
270 29
271 64
272 15
273 0
274 5
275 3
276 6
277 0
278 13
279 48
280 4
281 0
282 17
283 182
284 1
285 6
286 16
287 14
288 19
289 11
290 153
291 24
292 218
293 70
294 0
295 44
296 60
297 24
298 27
299 15
300 38
301 31
302 45
303 38
304 171
305 45
306 40
307 87
308 0
309 46
310 37
311 52
312 52
313 8
314 11
315 60
316 58
317 72
318 145
319 3
320 26
321 30
322 5
323 9
324 0
325 1
326 12
327 3
328 1
329 0
330 7
331 36
332 7
333 67
334 57
335 90
336 9
337 39
338 130
339 69
340 0
341 1
342 4
343 0
344 7
345 1
346 26
347 4
348 71
349 19
350 23
351 152
352 18
353 6
354 0
355 0
356 0
357 43
358 0
359 44
360 38
361 125
362 172
363 2
364 0
365 0
366 9
367 25
368 52
369 62
370 19
371 14
372 11
373 23
374 9
375 13
376 31
377 0
378 7
379 39
380 36
381 0
382 41
383 1
384 32
385 53
386 0
387 0
388 34
389 44
390 103
391 53
392 118
393 0
394 64
395 18
396 118
397 36
398 0
399 54
400 1
401 36
402 19
403 20
404 39
405 38
406 95
407 81
408 20
409 0
410 3
411 15
412 39
413 143
414 66
415 1
416 15
417 37
418 0
419 21
420 8
421 1
422 58
423 48
424 62
425 28
426 25
427 14
428 42
429 0
430 115
431 0
432 9
433 14
434 2
435 4
436 99
437 147
438 183
439 67
440 119
441 93
442 40
443 154
444 26
445 22
446 9
447 3
448 75
449 24
450 56
451 31
452 53
453 97
454 121
455 15
456 67
457 131
458 83
459 0
460 2
461 92
462 72
463 44
464 49
465 38
466 6
467 63
468 53
469 111
470 128
471 128
472 83
473 47
474 89
475 32
476 5
477 11
478 3
479 16
480 11
481 19
482 27
483 4
484 68
485 13
486 38
487 65
488 25
489 78
490 28
491 19
492 103
493 161
494 13
495 43
496 20
497 8
498 108
499 34
500 39
501 31
502 23
503 6
504 3
505 34
506 46
507 7
508 5
509 157
510 11
511 22
512 75
513 140
514 40
515 78
516 33
517 28
518 0
519 29
520 105
521 103
522 2
523 17
524 28
525 0
526 1
527 10
528 35
529 11
530 8
531 10
532 91
533 87
534 9
535 58
536 80
537 13
538 10
539 70
540 8
541 23
542 8
543 69
544 79
545 3
546 40
547 0
548 47
549 0
550 32
551 7
552 65
553 83
554 124
555 113
556 19
557 3
558 26
559 53
560 14
561 45
562 14
563 0
564 0
565 0
566 0
567 12
568 4
569 1
570 11
571 59
572 39
573 19
574 4
575 62
576 18
577 26
578 31
579 20
580 7
581 1
582 2
583 28
584 53
585 45
586 43
587 10
588 69
589 157
590 4
591 0
592 34
593 1
594 3
595 13
596 4
597 6
598 87
599 123
600 86
601 188
602 30
603 24
604 19
605 11
606 44
607 41
608 75
609 22
610 49
611 27
612 83
613 33
614 128
615 94
616 78
617 1
618 3
619 3
620 12
621 0
622 21
623 9
624 14
625 107
626 48
627 130
628 78
629 73
630 113
631 13
632 26
633 21
634 27
635 19
636 45
637 4
638 25
639 59
640 3
641 52
642 49
643 117
644 25
645 72
646 57
647 3
648 6
649 0
650 0
651 12
652 44
653 23
654 22
655 33
656 18
657 9
658 88
659 61
660 2
661 49
662 2
663 60
664 4
665 4
666 49
667 42
668 1
669 25
670 32
671 96
672 12
673 5
674 11
675 0
676 63
677 85
678 62
679 28
680 111
681 82
682 2
683 20
684 10
685 34
686 7
687 1
688 1
689 21
690 94
691 53
692 29
693 0
694 12
695 16
696 12
697 7
698 6
699 37
700 20
701 24
702 33
703 1
704 7
705 78
706 106
707 36
708 4
709 53
710 1
711 0
712 6
713 4
714 0
715 2
716 36
717 160
718 71
719 60
720 154
721 30
722 19
723 0
724 24
725 13
726 31
727 19
728 22
729 39
730 35
731 66
732 5
733 26
734 43
735 18
736 35
737 39
738 79
739 101
740 30
741 25
742 0
743 13
744 78
745 0
746 0
747 0
748 51
749 21
750 120
751 4
752 71
753 17
754 57
755 3
756 33
757 12
758 17
759 97
760 47
761 13
762 39
763 14
764 115
765 29
766 37
767 31
768 0
769 18
770 112
771 19
772 4
773 0
774 24
775 42
776 30
777 25
778 30
779 2
780 0
781 5
782 29
783 12
784 37
785 17
786 63
787 47
788 6
789 96
790 13
791 12
792 28
793 56
794 42
795 0
796 51
797 67
798 31
799 17
800 8
801 0
802 17
803 0
804 3
805 1
806 105
807 46
808 26
809 76
810 26
811 9
812 32
813 39
814 4
815 1
816 0
817 0
818 18
819 84
820 89
821 90
822 25
823 50
824 9
825 30
826 8
827 71
828 44
829 23
830 17
831 23
832 48
833 53
834 53
835 26
836 39
837 12
838 16
839 7
840 0
841 6
842 4
843 0
844 24
845 39
846 37
847 65
848 43
849 10
850 42
851 0
852 45
853 9
854 1
855 27
856 13
857 51
858 57
859 9
860 11
861 34
862 55
863 17
864 23
865 33
866 7
867 36
868 7
869 9
870 12
871 4
872 0
873 2
874 0
875 0
876 6
877 94
878 29
879 31
880 125
881 82
882 9
883 10
884 45
885 5
886 11
887 5
888 29
889 160
890 11
891 12
892 34
893 15
894 12
895 27
896 13
897 27
898 10
899 5
900 0
901 0
902 13
903 162
904 73
905 12
906 66
907 105
908 71
909 1
910 8
911 48
912 0
913 3
914 21
915 49
916 3
917 30
918 64
919 13
920 59
921 75
922 26
923 4
924 11
925 2
926 12
927 32
928 0
929 1
930 40
931 124
932 39
933 104
934 57
935 96
936 10
937 9
938 58
939 18
940 78
941 26
942 0
943 5
944 73
945 89
946 21
947 0
948 0
949 60
950 38
951 0
952 33
953 77
954 33
955 123
956 150
957 20
958 18
959 44
960 25
961 4
962 19
963 53
964 58
965 14
966 36
967 30
968 39
969 100
970 28
971 0
972 36
973 72
974 15
975 53
976 6
977 6
978 167
979 21
980 151
981 146
982 28
983 15
984 80
985 32
986 21
987 7
988 0
989 0
990 4
991 13
992 12
993 112
994 55
995 13
996 35
997 10
998 15
999 28
1000 13
1001 42
1002 73
1003 0
1004 0
1005 0
1006 0
1007 50
1008 114
1009 0
1010 19
1011 7
1012 3
1013 0
1014 0
1015 0
1016 32
1017 65
1018 8
1019 76
1020 66
1021 93
1022 61
1023 24
1024 22
1025 9
1026 48
1027 101
1028 28
1029 5
1030 11
1031 64
1032 1
1033 1
1034 19
1035 38
1036 18
1037 6
1038 84
1039 50
1040 66
1041 52
1042 2
1043 34
1044 12
1045 22
1046 44
1047 30
1048 47
1049 4
1050 11
1051 0
1052 0
1053 0
1054 6
1055 12
1056 20
1057 25
1058 60
1059 90
1060 71
1061 20
1062 0
1063 3
1064 0
1065 5
1066 4
1067 25
1068 6
1069 21
1070 16
1071 12
1072 61
1073 29
1074 68
1075 5
1076 8
1077 0
1078 35
1079 5
1080 84
1081 38
1082 16
1083 24
1084 27
1085 10
1086 0
1087 2
1088 0
1089 0
1090 68
1091 102
1092 83
1093 89
1094 64
1095 8
1096 17
1097 5
1098 20
1099 123
1100 2
1101 8
1102 10
1103 21
1104 4
1105 9
1106 124
1107 119
1108 21
1109 1
1110 197
1111 59
1112 6
1113 40
1114 76
1115 5
1116 0
1117 9
1118 11
1119 87
1120 75
1121 68
1122 9
1123 3
1124 19
1125 2
1126 22
1127 0
1128 24
1129 49
1130 0
1131 0
1132 0
1133 36
1134 23
1135 10
1136 0
1137 0
1138 0
1139 50
1140 247
1141 150
1142 54
1143 0
1144 7
1145 0
1146 8
1147 0
1148 3
1149 91
1150 142
1151 9
1152 13
1153 19
1154 35
1155 122
1156 75
1157 45
1158 13
1159 5
1160 18
1161 2
1162 31
1163 0
1164 2
1165 0
1166 15
1167 36
1168 83
1169 11
1170 67
1171 0
1172 0
1173 18
1174 2
1175 2
1176 46
1177 120
1178 14
1179 93
1180 7
1181 66
1182 53
1183 86
1184 33
1185 87
1186 42
1187 30
1188 2
1189 0
1190 0
1191 23
1192 29
1193 0
1194 6
1195 4
1196 10
1197 1
1198 36
1199 31
1200 17
1201 0
1202 0
1203 94
1204 10
1205 1
1206 12
1207 1
1208 29
1209 14
1210 75
1211 58
1212 150
1213 8
1214 32
1215 85
1216 36
1217 139
1218 71
1219 12
1220 50
1221 25
1222 10
1223 34
1224 31
1225 9
1226 22
1227 5
1228 34
1229 54
1230 28
1231 2
1232 17
1233 41
1234 44
1235 109
1236 24
1237 32
1238 50
1239 0
1240 14
1241 0
1242 6
1243 51
1244 1
1245 24
1246 15
1247 54
1248 109
1249 169
1250 11
1251 71
1252 125
1253 146
1254 186
1255 33
1256 29
1257 8
1258 67
1259 6
1260 24
1261 6
1262 24
1263 24
1264 67
1265 59
1266 40
1267 11
1268 1
1269 1
1270 4
1271 21
1272 32
1273 33
1274 207
1275 101
1276 10
1277 14
1278 19
1279 21
1280 1
1281 1
1282 0
1283 1
1284 0
1285 0
1286 60
1287 98
1288 36
1289 83
1290 86
1291 85
1292 37
1293 37
1294 628
1295 228
1296 27
1297 5
1298 22
1299 70
1300 13
1301 0
1302 18
1303 42
1304 117
1305 21
1306 15
1307 68
1308 57
1309 43
1310 8
1311 36
1312 0
1313 0
1314 1
1315 98
1316 67
1317 101
1318 120
1319 100
1320 108
1321 196
1322 89
1323 18
1324 13
1325 22
1326 4
1327 7
1328 0
1329 24
1330 9
1331 29
1332 129
1333 36
1334 7
1335 28
1336 28
1337 75
1338 62
1339 230
1340 278
1341 43
1342 21
1343 67
1344 89
1345 13
1346 15
1347 16
1348 5
1349 20
1350 110
1351 8
1352 1
1353 83
1354 12
1355 28
1356 54
1357 14
1358 17
1359 57
1360 6
1361 0
1362 0
1363 45
1364 152
1365 114
1366 30
1367 55
1368 55
1369 107
1370 91
1371 68
1372 0
1373 9
1374 1
1375 0
1376 5
1377 7
1378 28
1379 120
1380 121
1381 12
1382 17
1383 27
1384 52
1385 22
1386 81
1387 216
1388 66
1389 9
1390 69
1391 54
1392 13
1393 16
1394 8
1395 38
1396 43
1397 28
1398 0
1399 7
1400 81
1401 49
1402 32
1403 54
1404 45
1405 15
1406 21
1407 65
1408 56
1409 54
1410 58
1411 27
1412 18
1413 0
1414 13
1415 2
1416 60
1417 67
1418 45
1419 120
1420 54
1421 151
1422 36
1423 0
1424 12
1425 0
1426 11
1427 58
1428 172
1429 213
1430 126
1431 178
1432 124
1433 53
1434 59
1435 78
1436 57
1437 135
1438 0
1439 0
1440 36
1441 30
1442 216
1443 40
1444 34
1445 82
1446 113
1447 32
1448 31
1449 11
1450 9
1451 145
1452 24
1453 84
1454 40
1455 8
1456 37
1457 135
1458 1
1459 149
1460 40
1461 15
1462 16
1463 26
1464 0
1465 17
1466 39
1467 39
1468 8
1469 8
1470 0
1471 0
1472 5
1473 10
1474 2
1475 38
1476 200
1477 361
1478 143
1479 116
1480 115
1481 138
1482 16
1483 99
1484 65
1485 0
1486 13
1487 5
1488 62
1489 53
1490 236
1491 63
1492 31
1493 61
1494 70
1495 17
1496 108
1497 138
1498 8
1499 50
1500 86
1501 22
1502 39
1503 16
1504 62
1505 103
1506 15
1507 32
1508 91
1509 21
1510 33
1511 4
1512 3
1513 24
1514 84
1515 43
1516 27
1517 3
1518 0
1519 0
1520 0
1521 3
1522 5
1523 2
1524 58
1525 169
1526 150
1527 424
1528 300
1529 201
1530 72
1531 0
1532 34
1533 110
1534 7
1535 63
1536 41
1537 44
1538 66
1539 49
1540 3
1541 58
1542 9
1543 36
1544 212
1545 124
1546 149
1547 71
1548 16
1549 45
1550 100
1551 27
1552 20
1553 43
1554 14
1555 19
1556 116
1557 181
1558 16
1559 33
1560 36
1561 155
1562 73
1563 84
1564 0
1565 5
1566 35
1567 39
1568 99
1569 0
1570 6
1571 18
1572 245
1573 596
1574 188
1575 16
1576 187
1577 66
1578 63
1579 141
1580 170
1581 58
1582 84
1583 59
1584 43
1585 15
1586 0
1587 32
1588 77
1589 7
1590 195
1591 56
1592 48
1593 44
1594 54
1595 165
1596 118
1597 17
1598 6
1599 16
1600 111
1601 49
1602 150
1603 21
1604 12
1605 0
1606 5
1607 27
1608 0
1609 0
1610 0
1611 0
1612 55
1613 58
1614 19
1615 3
1616 68
1617 241
1618 202
1619 266
1620 171
1621 256
1622 217
1623 78
1624 57
1625 5
1626 163
1627 98
1628 44
1629 102
1630 57
1631 50
1632 59
1633 46
1634 76
1635 28
1636 24
1637 46
1638 48
1639 53
1640 96
1641 20
1642 2
1643 5
1644 5
1645 155
1646 289
1647 54
1648 97
1649 50
1650 30
1651 97
1652 249
1653 8
1654 37
1655 113
1656 125
1657 26
1658 47
1659 75
1660 38
1661 55
1662 50
1663 9
1664 56
1665 77
1666 62
1667 135
1668 130
1669 1
1670 28
1671 26
1672 0
1673 4
1674 0
1675 2
1676 2
1677 238
1678 200
1679 121
1680 132
1681 63
1682 89
1683 94
1684 51
1685 108
1686 78
1687 25
1688 36
1689 65
1690 22
1691 62
1692 14
1693 35
1694 61
1695 2
1696 18
1697 7
1698 15
1699 21
1700 6
1701 111
1702 13
1703 42
1704 0
1705 0
1706 10
1707 37
1708 0
1709 51
1710 264
1711 62
1712 55
1713 43
1714 41
1715 115
1716 77
1717 62
1718 17
1719 32
1720 2
1721 41
1722 12
1723 6
1724 16
1725 6
1726 35
1727 23
1728 89
1729 78
1730 3
1731 11
1732 4
1733 35
1734 11
1735 0
1736 30
1737 56
1738 108
1739 102
1740 61
1741 19
1742 83
1743 10
1744 41
1745 64
1746 32
1747 0
1748 5
1749 10
1750 21
1751 48
1752 95
1753 4
1754 1
1755 29
1756 17
1757 29
1758 39
1759 0
1760 1
1761 102
1762 23
1763 44
1764 46
1765 48
1766 24
1767 100
1768 59
1769 0
1770 9
1771 30
1772 52
1773 93
1774 41
1775 28
1776 27
1777 39
1778 85
1779 0
1780 16
1781 0
1782 55
1783 4
1784 17
1785 28
1786 1
1787 59
1788 36
1789 13
1790 48
1791 3
1792 70
1793 33
1794 4
1795 0
1796 10
1797 116
1798 116
1799 166
1800 143
1801 51
1802 65
1803 11
1804 37
1805 159
1806 156
1807 34
1808 35
1809 0
1810 51
1811 29
1812 22
1813 20
1814 18
1815 19
1816 7
1817 0
1818 26
1819 9
1820 52
1821 32
1822 25
1823 35
1824 114
1825 37
1826 6
1827 37
1828 50
1829 92
1830 6
1831 56
1832 16
1833 74
1834 12
1835 90
1836 36
1837 9
1838 36
1839 11
1840 29
1841 26
1842 11
1843 39
1844 95
1845 78
1846 23
1847 32
1848 76
1849 125
1850 12
1851 13
1852 17
1853 58
1854 19
1855 36
1856 38
1857 9
1858 98
1859 130
1860 21
1861 83
1862 85
1863 2
1864 33
1865 10
1866 39
1867 312
1868 69
1869 31
1870 13
1871 38
1872 141
1873 69
1874 20
1875 9
1876 10
1877 31
1878 46
1879 23
1880 1
1881 73
1882 116
1883 142
1884 76
1885 27
1886 12
1887 8
1888 1
1889 62
1890 51
1891 23
1892 47
1893 52
1894 200
1895 208
1896 83
1897 18
1898 19
1899 15
1900 94
1901 49
1902 8
1903 121
1904 33
1905 64
1906 33
1907 57
1908 29
1909 39
1910 39
1911 52
1912 115
1913 44
1914 8
1915 2
1916 6
1917 65
1918 31
1919 65
1920 25
1921 46
1922 14
1923 62
1924 56
1925 57
1926 11
1927 5
1928 12
1929 16
1930 22
1931 47
1932 18
1933 6
1934 23
1935 65
1936 67
1937 7
1938 4
1939 10
1940 68
1941 55
1942 136
1943 120
1944 19
1945 21
1946 26
1947 4
1948 28
1949 22
1950 24
1951 70
1952 34
1953 63
1954 38
1955 115
1956 17
1957 39
1958 59
1959 24
1960 19
1961 8
1962 0
1963 14
1964 124
1965 139
1966 8
1967 70
1968 126
1969 54
1970 24
1971 51
1972 117
1973 11
1974 28
1975 72
1976 32
1977 0
1978 4
1979 3
1980 68
1981 117
1982 56
1983 11
1984 25
1985 106
1986 50
1987 3
1988 4
1989 77
1990 43
1991 50
1992 36
1993 13
1994 46
1995 111
1996 159
1997 57
1998 32
1999 68
2000 55
2001 3
2002 8
2003 36
2004 102
2005 57
2006 28
2007 41
2008 30
2009 41
2010 48
2011 57
2012 14
2013 13
2014 65
2015 57
2016 96
2017 138
2018 7
2019 92
2020 34
2021 22
2022 21
2023 98
2024 150
2025 2
2026 35
2027 33
2028 32
2029 18
2030 67
2031 87
2032 51
2033 14
2034 58
2035 79
2036 121
2037 44
2038 37
2039 28
2040 18
2041 12
2042 26
2043 85
2044 17
2045 40
2046 34
2047 35
2048 97
2049 115
2050 82
2051 83
2052 4
2053 10
2054 36
2055 166
2056 22
2057 39
2058 26
2059 38
2060 38
2061 59
2062 55
2063 36
2064 15
2065 4
2066 84
2067 58
2068 1
2069 87
2070 22
2071 47
2072 95
2073 89
2074 46
2075 58
2076 88
2077 23
2078 0
2079 10
2080 61
2081 106
2082 82
2083 59
2084 42
2085 23
2086 62
2087 49
2088 72
2089 62
2090 34
2091 33
2092 24
2093 31
2094 45
2095 167
2096 56
2097 154
2098 90
2099 52
2100 22
2101 10
2102 1
2103 125
2104 122
2105 28
2106 0
2107 0
2108 15
2109 15
2110 93
2111 60
2112 88
2113 53
2114 38
2115 57
2116 33
2117 24
2118 115
2119 115
2120 22
2121 17
2122 6
2123 7
2124 89
2125 11
2126 63
2127 56
2128 93
2129 28
2130 46
2131 85
2132 125
2133 12
2134 0
2135 13
2136 0
2137 66
2138 132
2139 27
2140 8
2141 0
2142 0
2143 3
2144 82
2145 91
2146 38
2147 14
2148 131
2149 57
2150 146
2151 19
2152 64
2153 107
2154 85
2155 26
2156 1
2157 3
2158 3
2159 32
2160 107
2161 111
2162 0
2163 1
2164 14
2165 85
2166 46
2167 37
2168 19
2169 55
2170 19
2171 8
2172 63
2173 51
2174 0
2175 30
2176 0
2177 48
2178 11
2179 17
2180 9
2181 26
2182 22
2183 26
2184 10
2185 0
2186 1
2187 52
2188 30
2189 21
2190 69
2191 32
2192 19
2193 79
2194 12
2195 0
2196 0
2197 12
2198 3
2199 35
2200 16
2201 45
2202 55
2203 78
2204 15
2205 65
2206 93
2207 23
2208 1
2209 38
2210 35
2211 76
2212 130
2213 87
2214 20
2215 23
2216 0
2217 7
2218 4
2219 11
2220 45
2221 0
2222 0
2223 13
2224 49
2225 10
2226 7
2227 91
2228 72
2229 51
2230 76
2231 7
2232 31
2233 30
2234 0
2235 10
2236 1
2237 25
2238 10
2239 0
2240 0
2241 3
2242 0
2243 83
2244 44
2245 12
2246 19
2247 75
2248 147
2249 21
2250 79
2251 33
2252 13
2253 37
2254 119
2255 54
2256 71
2257 17
2258 1
2259 12
2260 82
2261 13
2262 7
2263 0
2264 1
2265 23
2266 135
2267 107
2268 63
2269 118
2270 123
2271 70
2272 0
2273 10
2274 111
2275 103
2276 49
2277 121
2278 23
2279 7
2280 4
2281 96
2282 96
2283 12
2284 0
2285 14
2286 66
2287 15
2288 23
2289 29
2290 100
2291 129
2292 13
2293 0
2294 114
2295 72
2296 28
2297 49
2298 24
2299 0
2300 50
2301 76
2302 34
2303 0
2304 17
2305 2
2306 13
2307 36
2308 111
2309 42
2310 37
2311 32
2312 29
2313 23
2314 55
2315 28
2316 137
2317 45
2318 0
2319 15
2320 93
2321 53
2322 46
2323 0
2324 0
2325 14
2326 118
2327 183
2328 32
2329 6
2330 11
2331 4
2332 20
2333 19
2334 176
2335 214
2336 25
2337 3
2338 23
2339 56
2340 35
2341 7
2342 0
2343 0
2344 40
2345 88
2346 40
2347 60
2348 7
2349 38
2350 52
2351 81
2352 70
2353 124
2354 70
2355 15
2356 50
2357 18
2358 3
2359 0
2360 0
2361 0
2362 1
2363 106
2364 73
2365 9
2366 68
2367 63
2368 17
2369 41
2370 68
2371 44
2372 46
2373 20
2374 2
2375 53
2376 51
2377 0
2378 0
2379 9
2380 16
2381 2
2382 94
2383 51
2384 35
2385 130
2386 36
2387 84
2388 165
2389 100
2390 61
2391 121
2392 8
2393 16
2394 102
2395 31
2396 11
2397 1
2398 60
2399 1
2400 9
2401 62
2402 226
2403 20
2404 26
2405 77
2406 104
2407 69
2408 40
2409 54
2410 39
2411 75
2412 52
2413 13
2414 0
2415 23
2416 4
2417 11
2418 0
2419 55
2420 86
2421 75
2422 191
2423 22
2424 54
2425 69
2426 83
2427 105
2428 135
2429 28
2430 1
2431 16
2432 73
2433 0
2434 11
2435 37
2436 43
2437 19
2438 132
2439 14
2440 38
2441 102
2442 108
2443 44
2444 46
2445 49
2446 8
2447 0
2448 0
2449 49
2450 1
2451 14
2452 6
2453 3
2454 36
2455 30
2456 48
2457 49
2458 6
2459 31
2460 1
2461 1
2462 0
2463 3
2464 30
2465 200
2466 29
2467 0
2468 14
2469 14
2470 29
2471 23
2472 17
2473 3
2474 1
2475 0
2476 0
2477 8
2478 45
2479 4
2480 15
2481 24
2482 5
2483 22
2484 34
2485 51
2486 17
2487 70
2488 12
2489 16
2490 0
2491 0
2492 0
2493 0
2494 24
2495 42
2496 17
2497 29
2498 7
2499 31
2500 14
2501 15
2502 18
2503 91
2504 2
2505 0
2506 1
2507 0
2508 0
2509 11
2510 9
2511 10
2512 11
2513 30
2514 0
2515 0
2516 6
2517 0
2518 0
2519 1
2520 8
2521 6
2522 9
2523 37
2524 1
2525 0
2526 47
2527 25
2528 0
2529 9
2530 10
2531 7
2532 0
2533 1
2534 79
2535 90
2536 11
2537 24
2538 36
2539 5
2540 0
2541 8
2542 110
2543 30
2544 39
2545 97
2546 5
2547 2
2548 27
2549 6
2550 8
2551 4
2552 28
2553 55
2554 16
2555 0
2556 0
2557 5
2558 13
2559 14
2560 49
2561 44
2562 9
2563 28
2564 6
2565 5
2566 18
2567 4
2568 9
2569 0
2570 9
2571 2
2572 0
2573 18
2574 0
2575 33
2576 2
2577 2
2578 2
2579 0
2580 0
2581 0
2582 0
2583 0
2584 0
2585 0
2586 0
2587 0
2588 0
2589 0
2590 0
2591 0
2592 0
2593 0
2594 0
2595 0
2596 0
2597 0
2598 0
