0 1
1 0
2 0
3 0
4 0
5 1
6 0
7 0
8 0
9 0
10 0
11 1
12 0
13 0
14 2
15 0
16 1
17 0
18 0
19 1
20 0
21 0
22 0
23 1
24 0
25 1
26 0
27 0
28 0
29 0
30 0
31 0
32 0
33 0
34 0
35 2
36 0
37 0
38 0
39 0
40 0
41 0
42 0
43 0
44 0
45 0
46 0
47 0
48 0
49 3
50 0
51 0
52 0
53 1
54 0
55 0
56 0
57 0
58 1
59 0
60 0
61 0
62 1
63 0
64 0
65 3
66 0
67 1
68 1
69 0
70 0
71 0
72 0
73 0
74 1
75 1
76 0
77 1
78 2
79 1
80 0
81 0
82 0
83 0
84 0
85 0
86 1
87 4
88 2
89 0
90 0
91 0
92 0
93 0
94 0
95 0
96 0
97 3
98 0
99 1
100 0
101 0
102 2
103 0
104 0
105 0
106 3
107 0
108 2
109 1
110 0
111 0
112 1
113 0
114 1
115 0
116 2
117 0
118 0
119 0
120 0
121 0
122 4
123 1
124 1
125 0
126 0
127 0
128 0
129 0
130 0
131 0
132 0
133 0
134 0
135 0
136 0
137 6
138 0
139 0
140 2
141 1
142 0
143 0
144 0
145 0
146 0
147 0
148 1
149 2
150 0
151 0
152 0
153 0
154 1
155 0
156 0
157 0
158 3
159 0
160 0
161 0
162 0
163 0
164 0
165 1
166 2
167 0
168 0
169 0
170 2
171 1
172 0
173 0
174 2
175 3
176 2
177 0
178 1
179 0
180 1
181 0
182 7
183 1
184 1
185 0
186 5
187 5
188 1
189 0
190 0
191 0
192 0
193 0
194 0
195 0
196 2
197 0
198 0
199 1
200 0
201 0
202 0
203 3
204 1
205 4
206 5
207 0
208 1
209 0
210 0
211 0
212 0
213 1
214 0
215 2
216 0
217 0
218 0
219 4
220 1
221 2
222 4
223 0
224 4
225 4
226 2
227 0
228 0
229 0
230 0
231 0
232 0
233 0
234 0
235 0
236 0
237 0
238 0
239 8
240 0
241 5
242 0
243 0
244 3
245 0
246 0
247 0
248 0
249 0
250 0
251 0
252 0
253 0
254 0
255 1
256 7
257 3
258 0
259 0
260 0
261 0
262 0
263 0
264 0
265 0
266 0
267 1
268 0
269 0
270 0
271 1
272 0
273 0
274 0
275 0
276 0
277 0
278 0
279 1
280 0
281 0
282 0
283 5
284 0
285 0
286 0
287 0
288 0
289 0
290 5
291 1
292 9
293 2
294 0
295 0
296 1
297 0
298 0
299 0
300 0
301 0
302 0
303 0
304 6
305 1
306 1
307 3
308 0
309 0
310 0
311 1
312 3
313 0
314 0
315 0
316 1
317 2
318 7
319 0
320 0
321 0
322 0
323 0
324 0
325 0
326 1
327 0
328 0
329 0
330 0
331 0
332 0
333 2
334 2
335 3
336 0
337 0
338 3
339 2
340 0
341 0
342 0
343 0
344 0
345 0
346 0
347 0
348 2
349 0
350 0
351 4
352 0
353 0
354 0
355 0
356 0
357 2
358 0
359 0
360 0
361 4
362 7
363 0
364 0
365 0
366 0
367 0
368 2
369 2
370 1
371 0
372 0
373 0
374 0
375 0
376 1
377 0
378 0
379 1
380 0
381 0
382 1
383 0
384 0
385 1
386 0
387 0
388 0
389 1
390 2
391 0
392 4
393 0
394 2
395 1
396 3
397 0
398 0
399 1
400 0
401 0
402 0
403 0
404 1
405 1
406 2
407 3
408 0
409 0
410 0
411 0
412 0
413 7
414 4
415 0
416 0
417 1
418 0
419 0
420 0
421 0
422 1
423 1
424 0
425 1
426 1
427 0
428 1
429 0
430 6
431 0
432 0
433 0
434 0
435 0
436 2
437 5
438 7
439 0
440 3
441 2
442 2
443 3
444 0
445 1
446 0
447 0
448 2
449 0
450 0
451 1
452 0
453 1
454 3
455 0
456 1
457 6
458 2
459 0
460 0
461 4
462 4
463 1
464 1
465 1
466 0
467 3
468 0
469 3
470 2
471 5
472 3
473 1
474 2
475 1
476 0
477 0
478 0
479 0
480 0
481 0
482 0
483 0
484 3
485 0
486 0
487 1
488 0
489 2
490 0
491 1
492 6
493 8
494 0
495 0
496 0
497 0
498 4
499 1
500 0
501 1
502 0
503 0
504 0
505 0
506 2
507 0
508 0
509 4
510 0
511 0
512 1
513 4
514 1
515 3
516 0
517 0
518 0
519 0
520 0
521 3
522 0
523 0
524 0
525 0
526 0
527 0
528 1
529 0
530 0
531 0
532 2
533 2
534 0
535 2
536 2
537 0
538 0
539 2
540 0
541 0
542 0
543 2
544 1
545 0
546 1
547 0
548 2
549 0
550 0
551 0
552 2
553 0
554 4
555 3
556 0
557 1
558 0
559 1
560 0
561 1
562 0
563 0
564 0
565 0
566 0
567 0
568 0
569 0
570 0
571 0
572 1
573 0
574 0
575 4
576 0
577 0
578 1
579 0
580 0
581 0
582 0
583 1
584 0
585 1
586 0
587 0
588 3
589 4
590 0
591 0
592 0
593 0
594 0
595 0
596 0
597 0
598 0
599 4
600 2
601 7
602 0
603 0
604 0
605 0
606 1
607 2
608 1
609 0
610 2
611 1
612 5
613 2
614 4
615 3
616 4
617 0
618 0
619 0
620 0
621 0
622 0
623 0
624 0
625 2
626 0
627 5
628 2
629 2
630 2
631 0
632 0
633 0
634 0
635 0
636 1
637 0
638 0
639 1
640 0
641 2
642 1
643 3
644 0
645 0
646 2
647 0
648 0
649 0
650 0
651 1
652 0
653 0
654 0
655 0
656 0
657 0
658 4
659 1
660 0
661 2
662 0
663 2
664 0
665 0
666 2
667 0
668 0
669 0
670 0
671 1
672 0
673 0
674 0
675 0
676 2
677 3
678 1
679 1
680 2
681 3
682 0
683 0
684 0
685 1
686 0
687 0
688 0
689 0
690 2
691 2
692 0
693 0
694 0
695 0
696 0
697 0
698 0
699 1
700 0
701 0
702 1
703 0
704 0
705 2
706 4
707 1
708 0
709 1
710 0
711 0
712 0
713 0
714 0
715 0
716 0
717 2
718 1
719 1
720 3
721 1
722 0
723 0
724 1
725 0
726 0
727 0
728 1
729 2
730 0
731 2
732 0
733 1
734 0
735 0
736 0
737 1
738 3
739 2
740 0
741 1
742 0
743 0
744 2
745 0
746 0
747 0
748 2
749 0
750 5
751 0
752 1
753 1
754 3
755 0
756 0
757 0
758 0
759 3
760 1
761 0
762 1
763 0
764 3
765 1
766 1
767 0
768 0
769 0
770 4
771 0
772 0
773 0
774 0
775 0
776 0
777 1
778 0
779 0
780 0
781 0
782 0
783 0
784 0
785 0
786 0
787 1
788 0
789 4
790 0
791 0
792 1
793 2
794 0
795 0
796 0
797 2
798 1
799 0
800 0
801 0
802 0
803 0
804 0
805 0
806 2
807 1
808 1
809 1
810 1
811 0
812 1
813 0
814 0
815 0
816 0
817 0
818 0
819 2
820 2
821 3
822 0
823 0
824 0
825 1
826 0
827 1
828 1
829 1
830 0
831 0
832 1
833 1
834 1
835 0
836 1
837 0
838 1
839 0
840 0
841 0
842 0
843 0
844 0
845 2
846 2
847 2
848 2
849 0
850 1
851 0
852 1
853 0
854 0
855 1
856 0
857 1
858 1
859 0
860 0
861 0
862 2
863 0
864 0
865 1
866 0
867 0
868 0
869 0
870 0
871 0
872 0
873 0
874 0
875 0
876 0
877 3
878 0
879 0
880 3
881 2
882 0
883 0
884 1
885 0
886 0
887 0
888 1
889 6
890 0
891 0
892 0
893 0
894 0
895 0
896 0
897 0
898 0
899 0
900 0
901 0
902 0
903 4
904 2
905 0
906 4
907 3
908 2
909 0
910 0
911 2
912 0
913 0
914 0
915 2
916 0
917 0
918 1
919 0
920 2
921 1
922 0
923 0
924 0
925 0
926 0
927 1
928 0
929 0
930 0
931 5
932 1
933 4
934 2
935 2
936 1
937 0
938 1
939 0
940 2
941 0
942 0
943 0
944 2
945 3
946 0
947 0
948 0
949 2
950 0
951 0
952 0
953 0
954 0
955 2
956 3
957 1
958 0
959 2
960 0
961 0
962 0
963 1
964 1
965 0
966 2
967 1
968 0
969 3
970 0
971 0
972 2
973 1
974 0
975 2
976 0
977 0
978 6
979 0
980 4
981 3
982 0
983 0
984 3
985 2
986 0
987 0
988 0
989 0
990 0
991 0
992 0
993 4
994 1
995 0
996 0
997 0
998 0
999 1
1000 0
1001 1
1002 2
1003 0
1004 0
1005 0
1006 0
1007 1
1008 4
1009 0
1010 0
1011 0
1012 0
1013 0
1014 0
1015 0
1016 0
1017 3
1018 0
1019 1
1020 1
1021 5
1022 3
1023 0
1024 2
1025 0
1026 0
1027 4
1028 0
1029 0
1030 0
1031 2
1032 0
1033 0
1034 0
1035 0
1036 0
1037 0
1038 0
1039 2
1040 5
1041 2
1042 0
1043 0
1044 0
1045 0
1046 3
1047 0
1048 1
1049 0
1050 0
1051 0
1052 0
1053 0
1054 0
1055 0
1056 1
1057 1
1058 0
1059 0
1060 4
1061 0
1062 0
1063 0
1064 0
1065 0
1066 0
1067 0
1068 0
1069 0
1070 1
1071 0
1072 2
1073 1
1074 2
1075 0
1076 0
1077 0
1078 1
1079 0
1080 1
1081 2
1082 0
1083 0
1084 0
1085 0
1086 0
1087 0
1088 0
1089 0
1090 0
1091 0
1092 2
1093 5
1094 2
1095 0
1096 0
1097 0
1098 0
1099 5
1100 0
1101 0
1102 0
1103 0
1104 0
1105 0
1106 2
1107 3
1108 0
1109 0
1110 6
1111 2
1112 0
1113 1
1114 2
1115 0
1116 0
1117 0
1118 0
1119 3
1120 2
1121 0
1122 0
1123 0
1124 0
1125 0
1126 0
1127 0
1128 1
1129 1
1130 0
1131 0
1132 0
1133 0
1134 0
1135 0
1136 0
1137 0
1138 0
1139 1
1140 0
1141 4
1142 1
1143 0
1144 0
1145 0
1146 0
1147 0
1148 0
1149 4
1150 4
1151 0
1152 0
1153 0
1154 2
1155 4
1156 2
1157 0
1158 0
1159 0
1160 0
1161 0
1162 0
1163 0
1164 0
1165 0
1166 1
1167 0
1168 2
1169 0
1170 1
1171 0
1172 0
1173 0
1174 0
1175 0
1176 1
1177 4
1178 0
1179 2
1180 0
1181 0
1182 2
1183 3
1184 1
1185 4
1186 2
1187 0
1188 0
1189 0
1190 0
1191 0
1192 1
1193 0
1194 0
1195 0
1196 0
1197 0
1198 0
1199 0
1200 0
1201 0
1202 0
1203 3
1204 0
1205 0
1206 0
1207 0
1208 2
1209 0
1210 1
1211 1
1212 5
1213 0
1214 1
1215 3
1216 0
1217 5
1218 2
1219 0
1220 1
1221 0
1222 0
1223 0
1224 0
1225 0
1226 0
1227 0
1228 0
1229 0
1230 0
1231 0
1232 0
1233 1
1234 1
1235 3
1236 0
1237 1
1238 1
1239 0
1240 0
1241 0
1242 0
1243 2
1244 0
1245 0
1246 0
1247 1
1248 4
1249 7
1250 0
1251 3
1252 5
1253 4
1254 7
1255 1
1256 0
1257 0
1258 1
1259 0
1260 0
1261 0
1262 0
1263 1
1264 3
1265 2
1266 1
1267 0
1268 0
1269 0
1270 0
1271 0
1272 0
1273 0
1274 6
1275 2
1276 0
1277 0
1278 0
1279 0
1280 0
1281 0
1282 0
1283 0
1284 0
1285 0
1286 1
1287 4
1288 0
1289 3
1290 2
1291 2
1292 1
1293 0
1294 22
1295 6
1296 1
1297 0
1298 1
1299 2
1300 0
1301 0
1302 0
1303 1
1304 2
1305 0
1306 1
1307 2
1308 1
1309 1
1310 0
1311 1
1312 0
1313 0
1314 0
1315 2
1316 2
1317 2
1318 4
1319 5
1320 5
1321 5
1322 3
1323 0
1324 0
1325 0
1326 0
1327 0
1328 0
1329 1
1330 0
1331 0
1332 2
1333 0
1334 0
1335 0
1336 0
1337 2
1338 0
1339 9
1340 10
1341 0
1342 0
1343 1
1344 3
1345 0
1346 0
1347 0
1348 0
1349 0
1350 4
1351 0
1352 0
1353 5
1354 0
1355 2
1356 0
1357 0
1358 0
1359 3
1360 0
1361 0
1362 0
1363 0
1364 5
1365 6
1366 0
1367 0
1368 0
1369 2
1370 3
1371 2
1372 0
1373 0
1374 0
1375 0
1376 0
1377 0
1378 0
1379 4
1380 4
1381 0
1382 0
1383 0
1384 2
1385 1
1386 3
1387 8
1388 1
1389 0
1390 2
1391 0
1392 0
1393 0
1394 0
1395 0
1396 1
1397 2
1398 0
1399 0
1400 2
1401 2
1402 1
1403 1
1404 1
1405 0
1406 0
1407 2
1408 3
1409 2
1410 2
1411 0
1412 0
1413 0
1414 0
1415 0
1416 0
1417 2
1418 1
1419 2
1420 0
1421 4
1422 1
1423 0
1424 0
1425 0
1426 0
1427 0
1428 5
1429 6
1430 4
1431 8
1432 7
1433 2
1434 2
1435 1
1436 2
1437 5
1438 0
1439 0
1440 1
1441 1
1442 9
1443 2
1444 1
1445 2
1446 3
1447 0
1448 0
1449 1
1450 1
1451 6
1452 0
1453 2
1454 0
1455 0
1456 0
1457 4
1458 0
1459 5
1460 1
1461 0
1462 0
1463 0
1464 0
1465 0
1466 1
1467 1
1468 0
1469 0
1470 0
1471 0
1472 0
1473 0
1474 0
1475 1
1476 6
1477 11
1478 5
1479 3
1480 0
1481 4
1482 0
1483 1
1484 2
1485 0
1486 0
1487 0
1488 3
1489 0
1490 9
1491 0
1492 0
1493 1
1494 2
1495 0
1496 3
1497 4
1498 0
1499 1
1500 3
1501 0
1502 1
1503 0
1504 1
1505 2
1506 0
1507 0
1508 5
1509 0
1510 2
1511 0
1512 0
1513 0
1514 4
1515 1
1516 0
1517 0
1518 0
1519 0
1520 0
1521 0
1522 0
1523 0
1524 2
1525 0
1526 3
1527 12
1528 11
1529 7
1530 0
1531 0
1532 0
1533 4
1534 0
1535 0
1536 1
1537 2
1538 1
1539 1
1540 0
1541 1
1542 1
1543 0
1544 5
1545 3
1546 4
1547 3
1548 1
1549 1
1550 2
1551 0
1552 0
1553 0
1554 0
1555 0
1556 6
1557 7
1558 0
1559 0
1560 2
1561 5
1562 3
1563 4
1564 0
1565 0
1566 0
1567 0
1568 4
1569 0
1570 0
1571 0
1572 13
1573 18
1574 5
1575 0
1576 7
1577 2
1578 0
1579 3
1580 5
1581 2
1582 0
1583 1
1584 2
1585 0
1586 0
1587 0
1588 3
1589 0
1590 6
1591 2
1592 2
1593 2
1594 1
1595 5
1596 5
1597 0
1598 0
1599 0
1600 5
1601 3
1602 6
1603 0
1604 0
1605 0
1606 0
1607 0
1608 0
1609 0
1610 0
1611 0
1612 1
1613 1
1614 0
1615 0
1616 0
1617 0
1618 5
1619 10
1620 4
1621 8
1622 0
1623 3
1624 2
1625 0
1626 8
1627 3
1628 0
1629 2
1630 1
1631 0
1632 1
1633 0
1634 2
1635 0
1636 0
1637 1
1638 2
1639 1
1640 3
1641 0
1642 0
1643 0
1644 0
1645 5
1646 9
1647 2
1648 4
1649 1
1650 0
1651 4
1652 11
1653 0
1654 1
1655 5
1656 3
1657 0
1658 1
1659 3
1660 1
1661 0
1662 2
1663 0
1664 1
1665 2
1666 2
1667 5
1668 3
1669 0
1670 0
1671 1
1672 0
1673 0
1674 0
1675 0
1676 0
1677 8
1678 7
1679 6
1680 5
1681 2
1682 3
1683 2
1684 2
1685 2
1686 2
1687 0
1688 0
1689 2
1690 0
1691 2
1692 0
1693 1
1694 1
1695 0
1696 1
1697 0
1698 0
1699 0
1700 0
1701 3
1702 0
1703 0
1704 0
1705 0
1706 0
1707 1
1708 0
1709 3
1710 9
1711 2
1712 2
1713 2
1714 0
1715 4
1716 1
1717 0
1718 0
1719 0
1720 0
1721 1
1722 0
1723 0
1724 0
1725 0
1726 0
1727 1
1728 2
1729 2
1730 0
1731 0
1732 0
1733 0
1734 1
1735 0
1736 1
1737 3
1738 4
1739 5
1740 2
1741 0
1742 2
1743 0
1744 1
1745 1
1746 1
1747 0
1748 0
1749 1
1750 0
1751 1
1752 0
1753 0
1754 0
1755 1
1756 0
1757 0
1758 0
1759 0
1760 0
1761 3
1762 0
1763 3
1764 0
1765 1
1766 0
1767 3
1768 2
1769 0
1770 0
1771 0
1772 2
1773 4
1774 1
1775 1
1776 1
1777 1
1778 3
1779 0
1780 0
1781 0
1782 0
1783 0
1784 1
1785 1
1786 0
1787 2
1788 0
1789 0
1790 1
1791 0
1792 2
1793 1
1794 0
1795 0
1796 0
1797 2
1798 3
1799 6
1800 7
1801 1
1802 2
1803 0
1804 2
1805 7
1806 3
1807 0
1808 0
1809 0
1810 0
1811 0
1812 0
1813 0
1814 0
1815 0
1816 0
1817 0
1818 0
1819 0
1820 1
1821 1
1822 0
1823 1
1824 3
1825 0
1826 0
1827 1
1828 2
1829 2
1830 0
1831 2
1832 0
1833 1
1834 0
1835 2
1836 0
1837 0
1838 0
1839 0
1840 0
1841 0
1842 0
1843 0
1844 3
1845 1
1846 1
1847 1
1848 2
1849 3
1850 1
1851 0
1852 0
1853 1
1854 0
1855 0
1856 1
1857 0
1858 1
1859 4
1860 0
1861 1
1862 3
1863 0
1864 0
1865 0
1866 1
1867 12
1868 2
1869 0
1870 0
1871 1
1872 4
1873 2
1874 0
1875 0
1876 1
1877 0
1878 0
1879 0
1880 0
1881 1
1882 5
1883 4
1884 1
1885 0
1886 0
1887 0
1888 0
1889 1
1890 0
1891 0
1892 1
1893 2
1894 7
1895 9
1896 3
1897 0
1898 0
1899 0
1900 3
1901 1
1902 0
1903 5
1904 2
1905 2
1906 1
1907 1
1908 1
1909 1
1910 1
1911 0
1912 5
1913 2
1914 0
1915 0
1916 0
1917 2
1918 1
1919 0
1920 0
1921 1
1922 0
1923 0
1924 0
1925 2
1926 0
1927 0
1928 0
1929 0
1930 0
1931 1
1932 0
1933 0
1934 1
1935 2
1936 2
1937 0
1938 0
1939 0
1940 2
1941 2
1942 5
1943 3
1944 0
1945 0
1946 1
1947 0
1948 2
1949 0
1950 0
1951 5
1952 1
1953 2
1954 2
1955 0
1956 1
1957 2
1958 2
1959 0
1960 0
1961 0
1962 0
1963 0
1964 3
1965 4
1966 0
1967 2
1968 2
1969 2
1970 0
1971 3
1972 3
1973 0
1974 0
1975 4
1976 1
1977 0
1978 0
1979 0
1980 3
1981 4
1982 0
1983 0
1984 1
1985 3
1986 0
1987 0
1988 0
1989 2
1990 0
1991 3
1992 0
1993 0
1994 1
1995 3
1996 4
1997 0
1998 0
1999 1
2000 0
2001 0
2002 0
2003 0
2004 2
2005 0
2006 0
2007 3
2008 1
2009 0
2010 2
2011 2
2012 0
2013 0
2014 1
2015 0
2016 3
2017 3
2018 0
2019 2
2020 0
2021 1
2022 0
2023 0
2024 3
2025 0
2026 0
2027 0
2028 0
2029 0
2030 2
2031 1
2032 0
2033 0
2034 3
2035 3
2036 4
2037 0
2038 1
2039 0
2040 0
2041 0
2042 0
2043 3
2044 0
2045 0
2046 0
2047 1
2048 4
2049 3
2050 2
2051 2
2052 0
2053 0
2054 0
2055 3
2056 1
2057 0
2058 0
2059 0
2060 1
2061 2
2062 2
2063 1
2064 0
2065 0
2066 3
2067 1
2068 0
2069 1
2070 0
2071 1
2072 4
2073 3
2074 0
2075 2
2076 3
2077 0
2078 0
2079 0
2080 2
2081 3
2082 2
2083 2
2084 1
2085 1
2086 2
2087 0
2088 2
2089 2
2090 1
2091 0
2092 0
2093 0
2094 0
2095 6
2096 2
2097 6
2098 2
2099 0
2100 0
2101 0
2102 0
2103 3
2104 3
2105 2
2106 0
2107 0
2108 0
2109 0
2110 2
2111 2
2112 3
2113 1
2114 0
2115 2
2116 1
2117 1
2118 3
2119 2
2120 0
2121 0
2122 0
2123 0
2124 2
2125 0
2126 1
2127 2
2128 4
2129 0
2130 1
2131 0
2132 4
2133 0
2134 0
2135 0
2136 0
2137 1
2138 3
2139 0
2140 0
2141 0
2142 0
2143 0
2144 1
2145 3
2146 0
2147 1
2148 7
2149 2
2150 2
2151 0
2152 2
2153 3
2154 2
2155 0
2156 0
2157 0
2158 0
2159 1
2160 4
2161 4
2162 0
2163 0
2164 0
2165 1
2166 1
2167 1
2168 0
2169 2
2170 0
2171 0
2172 4
2173 0
2174 0
2175 1
2176 0
2177 1
2178 0
2179 0
2180 0
2181 0
2182 0
2183 0
2184 0
2185 0
2186 0
2187 2
2188 1
2189 0
2190 1
2191 0
2192 0
2193 2
2194 0
2195 0
2196 0
2197 0
2198 0
2199 1
2200 0
2201 0
2202 1
2203 3
2204 0
2205 3
2206 1
2207 1
2208 0
2209 1
2210 1
2211 0
2212 3
2213 3
2214 0
2215 1
2216 0
2217 0
2218 0
2219 0
2220 1
2221 0
2222 0
2223 0
2224 2
2225 0
2226 0
2227 4
2228 1
2229 0
2230 3
2231 0
2232 1
2233 0
2234 0
2235 0
2236 0
2237 0
2238 0
2239 0
2240 0
2241 0
2242 0
2243 0
2244 1
2245 0
2246 0
2247 2
2248 4
2249 0
2250 2
2251 0
2252 0
2253 0
2254 2
2255 0
2256 1
2257 0
2258 0
2259 0
2260 3
2261 0
2262 0
2263 0
2264 0
2265 0
2266 5
2267 3
2268 2
2269 4
2270 0
2271 1
2272 0
2273 0
2274 4
2275 4
2276 0
2277 5
2278 1
2279 0
2280 0
2281 3
2282 5
2283 0
2284 0
2285 0
2286 2
2287 0
2288 0
2289 0
2290 0
2291 2
2292 0
2293 0
2294 5
2295 2
2296 0
2297 1
2298 0
2299 0
2300 0
2301 3
2302 1
2303 0
2304 1
2305 0
2306 0
2307 2
2308 3
2309 0
2310 1
2311 1
2312 1
2313 0
2314 2
2315 1
2316 3
2317 1
2318 0
2319 0
2320 4
2321 3
2322 1
2323 0
2324 0
2325 0
2326 4
2327 4
2328 1
2329 0
2330 0
2331 0
2332 0
2333 0
2334 4
2335 7
2336 0
2337 0
2338 1
2339 2
2340 2
2341 0
2342 0
2343 0
2344 1
2345 4
2346 1
2347 1
2348 0
2349 0
2350 0
2351 2
2352 2
2353 4
2354 2
2355 0
2356 0
2357 0
2358 0
2359 0
2360 0
2361 0
2362 0
2363 4
2364 2
2365 0
2366 2
2367 2
2368 0
2369 1
2370 1
2371 2
2372 1
2373 0
2374 0
2375 1
2376 2
2377 0
2378 0
2379 0
2380 1
2381 0
2382 4
2383 2
2384 0
2385 4
2386 1
2387 2
2388 6
2389 4
2390 1
2391 7
2392 0
2393 1
2394 3
2395 0
2396 0
2397 0
2398 3
2399 0
2400 0
2401 1
2402 7
2403 0
2404 1
2405 3
2406 2
2407 4
2408 2
2409 2
2410 0
2411 2
2412 1
2413 0
2414 0
2415 0
2416 0
2417 0
2418 0
2419 0
2420 0
2421 0
2422 5
2423 0
2424 1
2425 3
2426 4
2427 2
2428 4
2429 0
2430 0
2431 1
2432 0
2433 0
2434 0
2435 0
2436 1
2437 0
2438 5
2439 0
2440 0
2441 3
2442 1
2443 0
2444 1
2445 2
2446 0
2447 0
2448 0
2449 0
2450 0
2451 0
2452 0
2453 0
2454 1
2455 0
2456 1
2457 1
2458 0
2459 1
2460 0
2461 0
2462 0
2463 0
2464 0
2465 7
2466 0
2467 0
2468 0
2469 0
2470 0
2471 0
2472 0
2473 0
2474 0
2475 0
2476 0
2477 0
2478 0
2479 0
2480 1
2481 1
2482 0
2483 0
2484 0
2485 2
2486 0
2487 2
2488 0
2489 0
2490 0
2491 0
2492 0
2493 0
2494 0
2495 0
2496 0
2497 0
2498 0
2499 1
2500 0
2501 0
2502 0
2503 4
2504 0
2505 0
2506 0
2507 0
2508 0
2509 0
2510 0
2511 0
2512 0
2513 1
2514 0
2515 0
2516 0
2517 0
2518 0
2519 0
2520 0
2521 0
2522 0
2523 0
2524 0
2525 0
2526 1
2527 1
2528 0
2529 0
2530 0
2531 0
2532 0
2533 0
2534 2
2535 3
2536 0
2537 1
2538 0
2539 0
2540 0
2541 0
2542 4
2543 0
2544 0
2545 2
2546 0
2547 0
2548 0
2549 0
2550 0
2551 0
2552 0
2553 1
2554 0
2555 0
2556 0
2557 0
2558 0
2559 0
2560 1
2561 1
2562 0
2563 1
2564 0
2565 0
2566 1
2567 0
2568 0
2569 0
2570 0
2571 0
2572 0
2573 0
2574 0
2575 1
2576 0
2577 0
2578 0
2579 0
2580 0
2581 0
2582 0
2583 0
2584 0
2585 0
2586 0
2587 0
2588 0
2589 0
2590 0
2591 0
2592 0
2593 0
2594 0
2595 0
2596 0
2597 0
2598 0
