0 718
1 14
2 66
3 28
4 200
5 410
6 18
7 30
8 7
9 37
10 164
11 556
12 88
13 388
14 1015
15 407
16 714
17 127
18 93
19 1779
20 8
21 247
22 133
23 1106
24 5
25 432
26 24
27 38
28 29
29 143
30 19
31 76
32 17
33 401
34 69
35 724
36 54
37 169
38 94
39 119
40 223
41 63
42 80
43 77
44 838
45 14
46 67
47 31
48 87
49 770
50 374
51 106
52 747
53 731
54 686
55 51
56 143
57 476
58 706
59 66
60 167
61 857
62 696
63 98
64 121
65 1742
66 192
67 610
68 287
69 21
70 136
71 131
72 48
73 16
74 651
75 1145
76 54
77 536
78 1231
79 1187
80 125
81 30
82 419
83 239
84 89
85 41
86 476
87 1678
88 1515
89 62
90 47
91 42
92 97
93 498
94 153
95 7
96 131
97 837
98 214
99 897
100 16
101 67
102 531
103 607
104 126
105 246
106 895
107 265
108 758
109 710
110 53
111 280
112 384
113 129
114 508
115 275
116 837
117 126
118 97
119 419
120 32
121 311
122 1506
123 428
124 137
125 47
126 122
127 131
128 182
129 367
130 157
131 416
132 96
133 2
134 59
135 1220
136 635
137 2957
138 219
139 190
140 1064
141 999
142 152
143 190
144 20
145 72
146 790
147 207
148 1038
149 591
150 260
151 0
152 17
153 276
154 233
155 353
156 157
157 264
158 2620
159 407
160 157
161 199
162 9
163 466
164 446
165 702
166 915
167 532
168 280
169 196
170 1167
171 714
172 258
173 205
174 1098
175 1994
176 1294
177 186
178 346
179 21
180 1296
181 108
182 2963
183 1461
184 593
185 520
186 2373
187 2113
188 1091
189 144
190 253
191 10
192 18
193 61
194 27
195 20
196 1073
197 655
198 105
199 923
200 730
201 645
202 238
203 1165
204 753
205 1667
206 2509
207 618
208 340
209 27
210 1737
211 46
212 240
213 557
214 1
215 1359
216 101
217 333
218 419
219 1984
220 503
221 1624
222 1420
223 1316
224 2342
225 1270
226 1064
227 220
228 15
229 240
230 45
231 37
232 0
233 142
234 0
235 206
236 2
237 23
238 700
239 2818
240 113
241 2731
242 1580
243 256
244 1758
245 403
246 678
247 43
248 429
249 292
250 250
251 70
252 157
253 1
254 65
255 256
256 4008
257 1328
258 240
259 33
260 5
261 4
262 104
263 702
264 121
265 288
266 85
267 266
268 115
269 11
270 429
271 940
272 283
273 0
274 102
275 94
276 119
277 65
278 199
279 750
280 113
281 23
282 375
283 2636
284 71
285 78
286 274
287 202
288 255
289 165
290 2222
291 516
292 3191
293 1063
294 53
295 627
296 829
297 327
298 416
299 189
300 544
301 400
302 652
303 533
304 2685
305 862
306 571
307 1354
308 11
309 723
310 573
311 761
312 1040
313 175
314 177
315 993
316 873
317 1106
318 2330
319 89
320 365
321 484
322 131
323 222
324 18
325 50
326 204
327 93
328 51
329 14
330 99
331 607
332 180
333 1230
334 1527
335 1280
336 128
337 551
338 1922
339 1129
340 13
341 41
342 101
343 26
344 107
345 53
346 393
347 72
348 1128
349 363
350 534
351 2196
352 367
353 96
354 10
355 41
356 36
357 652
358 10
359 685
360 703
361 1852
362 2465
363 74
364 0
365 15
366 210
367 373
368 770
369 875
370 345
371 221
372 209
373 341
374 179
375 225
376 528
377 39
378 112
379 582
380 609
381 20
382 555
383 54
384 516
385 849
386 9
387 28
388 670
389 1011
390 1490
391 978
392 1590
393 58
394 918
395 412
396 1760
397 580
398 5
399 1121
400 70
401 558
402 316
403 305
404 854
405 689
406 1564
407 1255
408 357
409 43
410 145
411 274
412 546
413 2217
414 1421
415 92
416 259
417 534
418 77
419 418
420 173
421 83
422 937
423 941
424 1233
425 554
426 475
427 182
428 771
429 52
430 1744
431 105
432 167
433 315
434 41
435 100
436 1427
437 2228
438 2923
439 1033
440 1606
441 1418
442 643
443 2270
444 375
445 339
446 238
447 85
448 1101
449 438
450 852
451 501
452 824
453 1365
454 1639
455 264
456 1020
457 2026
458 1271
459 16
460 62
461 1531
462 1168
463 702
464 731
465 554
466 102
467 1188
468 698
469 1543
470 1903
471 2057
472 1341
473 718
474 1399
475 510
476 112
477 160
478 63
479 316
480 194
481 268
482 404
483 77
484 1167
485 377
486 606
487 875
488 355
489 1627
490 471
491 311
492 1610
493 2956
494 290
495 637
496 318
497 202
498 1759
499 592
500 551
501 505
502 394
503 178
504 86
505 571
506 919
507 141
508 105
509 2487
510 244
511 325
512 1096
513 1942
514 807
515 1227
516 620
517 473
518 28
519 431
520 2065
521 1644
522 59
523 339
524 391
525 46
526 32
527 167
528 719
529 186
530 139
531 217
532 1493
533 1307
534 145
535 1084
536 1216
537 199
538 207
539 945
540 142
541 322
542 131
543 1096
544 1208
545 68
546 681
547 9
548 904
549 47
550 440
551 125
552 1239
553 1168
554 1842
555 1663
556 317
557 190
558 473
559 867
560 230
561 660
562 259
563 27
564 29
565 23
566 0
567 227
568 117
569 29
570 171
571 869
572 557
573 363
574 139
575 933
576 262
577 459
578 501
579 326
580 125
581 49
582 84
583 460
584 839
585 675
586 531
587 178
588 1154
589 2437
590 84
591 46
592 478
593 66
594 77
595 218
596 181
597 144
598 1333
599 1846
600 1234
601 2742
602 531
603 478
604 295
605 179
606 632
607 636
608 1162
609 297
610 840
611 404
612 1296
613 774
614 1977
615 1416
616 1169
617 33
618 123
619 68
620 224
621 32
622 423
623 225
624 285
625 1570
626 731
627 2041
628 1320
629 985
630 1665
631 251
632 415
633 332
634 503
635 284
636 730
637 43
638 369
639 866
640 104
641 767
642 662
643 1758
644 397
645 1338
646 816
647 132
648 123
649 15
650 7
651 515
652 712
653 356
654 378
655 415
656 308
657 105
658 1429
659 970
660 92
661 677
662 87
663 960
664 168
665 102
666 834
667 579
668 53
669 336
670 621
671 1348
672 162
673 94
674 221
675 49
676 996
677 1279
678 924
679 567
680 1517
681 1251
682 72
683 273
684 198
685 596
686 153
687 19
688 34
689 360
690 1473
691 970
692 608
693 28
694 156
695 179
696 230
697 157
698 130
699 565
700 353
701 398
702 695
703 65
704 185
705 1131
706 1713
707 729
708 68
709 851
710 50
711 13
712 140
713 131
714 0
715 127
716 561
717 2337
718 1002
719 937
720 2201
721 449
722 229
723 26
724 392
725 281
726 545
727 361
728 305
729 898
730 537
731 1132
732 179
733 491
734 658
735 267
736 813
737 629
738 1395
739 1522
740 543
741 365
742 34
743 301
744 1096
745 50
746 28
747 11
748 928
749 364
750 2429
751 98
752 1089
753 299
754 840
755 75
756 418
757 204
758 349
759 1450
760 665
761 194
762 575
763 243
764 1712
765 535
766 542
767 534
768 33
769 272
770 1735
771 236
772 125
773 0
774 417
775 694
776 405
777 382
778 401
779 51
780 15
781 136
782 402
783 225
784 570
785 273
786 1071
787 673
788 139
789 1459
790 204
791 189
792 411
793 856
794 767
795 0
796 828
797 1109
798 537
799 275
800 155
801 7
802 267
803 22
804 56
805 53
806 1617
807 692
808 366
809 1100
810 619
811 165
812 500
813 555
814 151
815 46
816 0
817 0
818 293
819 1205
820 1320
821 1335
822 535
823 782
824 172
825 564
826 225
827 1073
828 661
829 364
830 264
831 491
832 692
833 837
834 816
835 393
836 587
837 249
838 214
839 87
840 24
841 114
842 85
843 0
844 385
845 607
846 612
847 1036
848 647
849 203
850 863
851 25
852 760
853 194
854 57
855 573
856 179
857 991
858 907
859 162
860 167
861 428
862 859
863 270
864 355
865 536
866 143
867 477
868 124
869 110
870 216
871 101
872 27
873 96
874 4
875 14
876 144
877 1510
878 633
879 443
880 1998
881 1332
882 221
883 160
884 718
885 100
886 158
887 136
888 482
889 2352
890 206
891 213
892 551
893 254
894 189
895 419
896 250
897 566
898 173
899 105
900 0
901 33
902 183
903 2592
904 1151
905 247
906 1168
907 1541
908 1198
909 59
910 134
911 852
912 28
913 57
914 367
915 1044
916 50
917 380
918 988
919 269
920 972
921 1181
922 401
923 71
924 218
925 46
926 174
927 435
928 0
929 52
930 615
931 1975
932 646
933 2022
934 891
935 1487
936 241
937 148
938 826
939 328
940 1221
941 512
942 3
943 107
944 1105
945 1406
946 514
947 43
948 11
949 917
950 618
951 57
952 522
953 1137
954 480
955 1949
956 2270
957 404
958 317
959 745
960 412
961 61
962 223
963 690
964 745
965 192
966 630
967 479
968 561
969 1475
970 529
971 23
972 501
973 1130
974 341
975 649
976 130
977 67
978 2541
979 391
980 2198
981 2370
982 473
983 234
984 1381
985 1276
986 357
987 104
988 3
989 24
990 82
991 216
992 272
993 1744
994 941
995 246
996 501
997 175
998 264
999 514
1000 218
1001 584
1002 1080
1003 15
1004 8
1005 22
1006 13
1007 935
1008 1834
1009 10
1010 290
1011 144
1012 86
1013 0
1014 4
1015 32
1016 480
1017 1340
1018 151
1019 1108
1020 941
1021 1559
1022 957
1023 419
1024 607
1025 208
1026 778
1027 1918
1028 419
1029 153
1030 122
1031 1011
1032 54
1033 83
1034 299
1035 617
1036 297
1037 142
1038 1634
1039 917
1040 1390
1041 790
1042 67
1043 519
1044 196
1045 348
1046 691
1047 481
1048 755
1049 121
1050 131
1051 13
1052 30
1053 31
1054 95
1055 256
1056 322
1057 546
1058 882
1059 1448
1060 1282
1061 316
1062 0
1063 85
1064 0
1065 99
1066 73
1067 366
1068 108
1069 350
1070 350
1071 185
1072 1258
1073 472
1074 990
1075 96
1076 154
1077 15
1078 569
1079 93
1080 1052
1081 654
1082 244
1083 474
1084 435
1085 166
1086 13
1087 104
1088 24
1089 34
1090 1059
1091 1705
1092 1268
1093 1787
1094 888
1095 113
1096 319
1097 126
1098 363
1099 1964
1100 55
1101 149
1102 151
1103 286
1104 94
1105 160
1106 1896
1107 1892
1108 379
1109 34
1110 3593
1111 993
1112 96
1113 657
1114 1214
1115 131
1116 28
1117 154
1118 142
1119 1378
1120 1272
1121 1112
1122 154
1123 67
1124 311
1125 65
1126 340
1127 13
1128 453
1129 684
1130 35
1131 35
1132 13
1133 551
1134 340
1135 186
1136 3
1137 2
1138 21
1139 870
1140 3780
1141 2290
1142 875
1143 36
1144 111
1145 20
1146 245
1147 6
1148 67
1149 1416
1150 2248
1151 248
1152 220
1153 320
1154 567
1155 1850
1156 1276
1157 958
1158 232
1159 122
1160 247
1161 93
1162 468
1163 3
1164 43
1165 19
1166 384
1167 509
1168 1296
1169 220
1170 1315
1171 34
1172 20
1173 187
1174 61
1175 98
1176 856
1177 1808
1178 250
1179 1459
1180 154
1181 1070
1182 730
1183 1384
1184 515
1185 1186
1186 638
1187 466
1188 75
1189 28
1190 37
1191 567
1192 545
1193 32
1194 150
1195 53
1196 157
1197 52
1198 526
1199 495
1200 284
1201 56
1202 13
1203 1478
1204 137
1205 60
1206 248
1207 57
1208 401
1209 232
1210 1070
1211 1011
1212 2301
1213 141
1214 611
1215 1241
1216 511
1217 2296
1218 1074
1219 213
1220 827
1221 429
1222 170
1223 522
1224 452
1225 135
1226 340
1227 106
1228 536
1229 1039
1230 378
1231 55
1232 303
1233 578
1234 694
1235 1991
1236 358
1237 487
1238 762
1239 42
1240 309
1241 6
1242 80
1243 778
1244 44
1245 396
1246 225
1247 774
1248 1697
1249 2485
1250 202
1251 1079
1252 1728
1253 2344
1254 3741
1255 580
1256 399
1257 163
1258 1040
1259 149
1260 413
1261 153
1262 439
1263 461
1264 1250
1265 910
1266 561
1267 171
1268 61
1269 40
1270 99
1271 241
1272 495
1273 541
1274 3117
1275 1421
1276 128
1277 261
1278 286
1279 368
1280 47
1281 50
1282 41
1283 37
1284 18
1285 12
1286 869
1287 1669
1288 499
1289 1385
1290 1145
1291 1256
1292 544
1293 695
1294 9467
1295 3264
1296 336
1297 101
1298 406
1299 1235
1300 224
1301 15
1302 310
1303 570
1304 1737
1305 353
1306 224
1307 1023
1308 771
1309 713
1310 166
1311 577
1312 20
1313 13
1314 35
1315 1639
1316 1386
1317 1502
1318 1749
1319 1742
1320 1685
1321 3119
1322 1760
1323 261
1324 180
1325 499
1326 94
1327 180
1328 13
1329 370
1330 184
1331 491
1332 1898
1333 518
1334 125
1335 426
1336 407
1337 1233
1338 938
1339 3224
1340 4386
1341 688
1342 277
1343 1106
1344 1319
1345 262
1346 212
1347 195
1348 113
1349 304
1350 1793
1351 141
1352 65
1353 1615
1354 197
1355 864
1356 760
1357 226
1358 289
1359 927
1360 153
1361 19
1362 25
1363 625
1364 2355
1365 2800
1366 553
1367 823
1368 810
1369 1698
1370 1294
1371 1291
1372 10
1373 180
1374 25
1375 24
1376 93
1377 153
1378 452
1379 1804
1380 1907
1381 239
1382 318
1383 373
1384 852
1385 433
1386 1180
1387 3411
1388 935
1389 168
1390 1137
1391 987
1392 218
1393 278
1394 152
1395 541
1396 577
1397 399
1398 16
1399 172
1400 1192
1401 764
1402 673
1403 800
1404 718
1405 303
1406 361
1407 1006
1408 891
1409 1037
1410 875
1411 365
1412 329
1413 6
1414 189
1415 114
1416 815
1417 1117
1418 763
1419 1898
1420 871
1421 2267
1422 556
1423 46
1424 216
1425 44
1426 199
1427 845
1428 2525
1429 3414
1430 2031
1431 2740
1432 1940
1433 818
1434 965
1435 1226
1436 910
1437 1989
1438 40
1439 11
1440 560
1441 539
1442 3146
1443 594
1444 506
1445 1265
1446 1801
1447 391
1448 560
1449 273
1450 231
1451 2027
1452 405
1453 1266
1454 734
1455 112
1456 523
1457 2053
1458 84
1459 2071
1460 631
1461 331
1462 215
1463 393
1464 27
1465 370
1466 599
1467 528
1468 154
1469 139
1470 65
1471 10
1472 131
1473 122
1474 113
1475 623
1476 3128
1477 5456
1478 2207
1479 1684
1480 2377
1481 1869
1482 346
1483 1327
1484 990
1485 17
1486 303
1487 111
1488 1007
1489 812
1490 3558
1491 952
1492 473
1493 942
1494 1049
1495 266
1496 1680
1497 1991
1498 256
1499 725
1500 1291
1501 358
1502 531
1503 229
1504 862
1505 1698
1506 259
1507 577
1508 1425
1509 314
1510 592
1511 92
1512 129
1513 288
1514 2093
1515 766
1516 445
1517 85
1518 2
1519 1
1520 30
1521 75
1522 113
1523 92
1524 907
1525 3193
1526 2267
1527 6380
1528 4664
1529 3174
1530 1116
1531 59
1532 504
1533 1775
1534 130
1535 994
1536 645
1537 617
1538 1111
1539 695
1540 68
1541 881
1542 243
1543 639
1544 3530
1545 1966
1546 2258
1547 1095
1548 321
1549 753
1550 1504
1551 364
1552 381
1553 628
1554 370
1555 424
1556 1910
1557 3445
1558 361
1559 400
1560 671
1561 2237
1562 1435
1563 1297
1564 47
1565 128
1566 599
1567 595
1568 1669
1569 36
1570 61
1571 299
1572 4574
1573 9014
1574 3065
1575 307
1576 2949
1577 1310
1578 915
1579 2063
1580 2562
1581 994
1582 1142
1583 871
1584 637
1585 165
1586 38
1587 496
1588 1560
1589 180
1590 3048
1591 1018
1592 711
1593 747
1594 860
1595 2447
1596 1710
1597 226
1598 85
1599 264
1600 2279
1601 804
1602 2256
1603 292
1604 164
1605 28
1606 101
1607 349
1608 14
1609 21
1610 54
1611 13
1612 722
1613 832
1614 462
1615 77
1616 1096
1617 3846
1618 3141
1619 5560
1620 2450
1621 3974
1622 3384
1623 1258
1624 927
1625 155
1626 2681
1627 1419
1628 640
1629 1541
1630 927
1631 798
1632 930
1633 730
1634 1275
1635 412
1636 379
1637 636
1638 702
1639 827
1640 1423
1641 322
1642 34
1643 82
1644 102
1645 2539
1646 4484
1647 881
1648 1535
1649 717
1650 498
1651 1509
1652 3950
1653 148
1654 561
1655 1712
1656 1885
1657 449
1658 777
1659 1129
1660 612
1661 782
1662 785
1663 220
1664 816
1665 1245
1666 877
1667 2040
1668 1789
1669 36
1670 405
1671 452
1672 13
1673 120
1674 27
1675 65
1676 57
1677 4362
1678 2970
1679 2416
1680 2500
1681 896
1682 1421
1683 1492
1684 783
1685 1701
1686 1132
1687 442
1688 656
1689 961
1690 411
1691 1034
1692 270
1693 661
1694 1017
1695 98
1696 456
1697 132
1698 264
1699 311
1700 140
1701 2072
1702 248
1703 647
1704 11
1705 27
1706 189
1707 562
1708 43
1709 729
1710 4044
1711 1314
1712 794
1713 614
1714 676
1715 1736
1716 1156
1717 906
1718 281
1719 601
1720 85
1721 623
1722 181
1723 169
1724 270
1725 180
1726 567
1727 418
1728 1456
1729 1196
1730 85
1731 191
1732 61
1733 584
1734 261
1735 54
1736 454
1737 939
1738 1616
1739 1523
1740 986
1741 375
1742 1262
1743 124
1744 641
1745 1050
1746 503
1747 32
1748 115
1749 224
1750 372
1751 960
1752 1433
1753 159
1754 96
1755 453
1756 301
1757 361
1758 536
1759 46
1760 27
1761 1449
1762 403
1763 664
1764 746
1765 743
1766 397
1767 1574
1768 871
1769 30
1770 159
1771 420
1772 784
1773 1328
1774 671
1775 549
1776 565
1777 751
1778 1340
1779 38
1780 247
1781 11
1782 848
1783 61
1784 247
1785 465
1786 60
1787 1002
1788 540
1789 252
1790 687
1791 39
1792 1043
1793 426
1794 79
1795 6
1796 228
1797 1834
1798 1588
1799 3235
1800 2671
1801 707
1802 979
1803 285
1804 570
1805 2511
1806 2443
1807 574
1808 660
1809 35
1810 873
1811 425
1812 332
1813 330
1814 251
1815 339
1816 219
1817 42
1818 380
1819 117
1820 755
1821 486
1822 403
1823 449
1824 1878
1825 584
1826 170
1827 599
1828 851
1829 1394
1830 127
1831 1144
1832 289
1833 1116
1834 205
1835 1467
1836 590
1837 138
1838 518
1839 251
1840 410
1841 450
1842 193
1843 577
1844 1884
1845 1274
1846 414
1847 506
1848 1163
1849 1942
1850 246
1851 158
1852 234
1853 791
1854 300
1855 919
1856 607
1857 185
1858 1666
1859 1912
1860 477
1861 1226
1862 1275
1863 52
1864 536
1865 199
1866 550
1867 4781
1868 1146
1869 658
1870 186
1871 695
1872 2187
1873 1125
1874 337
1875 160
1876 156
1877 490
1878 618
1879 460
1880 47
1881 1070
1882 1775
1883 2179
1884 1193
1885 471
1886 191
1887 224
1888 27
1889 1002
1890 977
1891 343
1892 669
1893 712
1894 3079
1895 3207
1896 1305
1897 365
1898 305
1899 235
1900 1397
1901 870
1902 199
1903 2004
1904 689
1905 1005
1906 657
1907 923
1908 519
1909 573
1910 594
1911 849
1912 1663
1913 785
1914 170
1915 57
1916 107
1917 1035
1918 432
1919 984
1920 417
1921 782
1922 208
1923 891
1924 833
1925 902
1926 147
1927 164
1928 189
1929 213
1930 473
1931 783
1932 310
1933 108
1934 377
1935 901
1936 1148
1937 189
1938 116
1939 294
1940 1118
1941 919
1942 2351
1943 1939
1944 268
1945 384
1946 453
1947 92
1948 440
1949 344
1950 341
1951 1073
1952 709
1953 1136
1954 609
1955 1718
1956 292
1957 695
1958 894
1959 468
1960 362
1961 109
1962 29
1963 184
1964 1864
1965 1985
1966 199
1967 1052
1968 1810
1969 851
1970 436
1971 788
1972 1678
1973 227
1974 467
1975 1036
1976 453
1977 7
1978 97
1979 84
1980 964
1981 1764
1982 790
1983 171
1984 332
1985 1685
1986 695
1987 97
1988 128
1989 1189
1990 610
1991 832
1992 640
1993 311
1994 767
1995 1646
1996 2552
1997 918
1998 445
1999 1029
2000 1056
2001 45
2002 192
2003 557
2004 1563
2005 809
2006 429
2007 628
2008 433
2009 645
2010 779
2011 965
2012 182
2013 193
2014 1079
2015 911
2016 1603
2017 2133
2018 186
2019 1453
2020 536
2021 425
2022 366
2023 1478
2024 2342
2025 63
2026 493
2027 512
2028 533
2029 294
2030 879
2031 1320
2032 852
2033 301
2034 866
2035 1303
2036 1885
2037 699
2038 557
2039 443
2040 296
2041 261
2042 368
2043 1267
2044 273
2045 562
2046 549
2047 538
2048 1538
2049 1808
2050 1203
2051 1178
2052 109
2053 144
2054 805
2055 2721
2056 412
2057 517
2058 527
2059 545
2060 544
2061 1119
2062 807
2063 711
2064 186
2065 128
2066 1193
2067 824
2068 27
2069 1269
2070 294
2071 670
2072 1543
2073 1355
2074 620
2075 987
2076 1379
2077 310
2078 36
2079 171
2080 959
2081 1786
2082 1201
2083 885
2084 552
2085 405
2086 1052
2087 786
2088 1091
2089 961
2090 660
2091 435
2092 410
2093 448
2094 714
2095 2534
2096 719
2097 2814
2098 1394
2099 811
2100 366
2101 183
2102 42
2103 1927
2104 1901
2105 827
2106 23
2107 31
2108 324
2109 223
2110 1378
2111 964
2112 1450
2113 803
2114 534
2115 998
2116 645
2117 541
2118 1718
2119 1786
2120 331
2121 365
2122 124
2123 140
2124 1458
2125 197
2126 928
2127 957
2128 1401
2129 458
2130 658
2131 1607
2132 1901
2133 212
2134 18
2135 174
2136 45
2137 1000
2138 1976
2139 493
2140 184
2141 35
2142 39
2143 43
2144 1230
2145 1450
2146 541
2147 247
2148 1883
2149 818
2150 2092
2151 279
2152 1232
2153 1682
2154 1227
2155 393
2156 81
2157 130
2158 90
2159 606
2160 1693
2161 1694
2162 12
2163 68
2164 329
2165 1292
2166 675
2167 533
2168 319
2169 747
2170 276
2171 121
2172 1016
2173 687
2174 52
2175 431
2176 34
2177 774
2178 180
2179 369
2180 168
2181 419
2182 291
2183 562
2184 186
2185 0
2186 26
2187 986
2188 468
2189 350
2190 1151
2191 901
2192 343
2193 1277
2194 221
2195 65
2196 20
2197 201
2198 114
2199 601
2200 385
2201 669
2202 886
2203 1262
2204 240
2205 1265
2206 1314
2207 320
2208 56
2209 558
2210 526
2211 1111
2212 1998
2213 1706
2214 262
2215 400
2216 79
2217 146
2218 77
2219 177
2220 687
2221 22
2222 41
2223 366
2224 863
2225 203
2226 120
2227 1298
2228 1106
2229 982
2230 1098
2231 133
2232 453
2233 579
2234 32
2235 164
2236 63
2237 450
2238 164
2239 33
2240 3
2241 109
2242 68
2243 1477
2244 742
2245 140
2246 281
2247 1129
2248 2006
2249 293
2250 1591
2251 712
2252 201
2253 535
2254 1778
2255 751
2256 1088
2257 303
2258 61
2259 189
2260 1075
2261 193
2262 93
2263 39
2264 30
2265 417
2266 2044
2267 1474
2268 1379
2269 1827
2270 1797
2271 1028
2272 50
2273 216
2274 2222
2275 1577
2276 742
2277 1713
2278 480
2279 145
2280 98
2281 1475
2282 1972
2283 225
2284 0
2285 150
2286 1044
2287 252
2288 349
2289 394
2290 1611
2291 2288
2292 204
2293 42
2294 1788
2295 1450
2296 380
2297 783
2298 456
2299 76
2300 738
2301 1182
2302 594
2303 23
2304 337
2305 89
2306 219
2307 585
2308 1660
2309 545
2310 517
2311 527
2312 357
2313 367
2314 878
2315 409
2316 2070
2317 635
2318 19
2319 251
2320 1459
2321 844
2322 740
2323 0
2324 8
2325 195
2326 1656
2327 2780
2328 506
2329 147
2330 171
2331 72
2332 330
2333 344
2334 2658
2335 3378
2336 416
2337 81
2338 412
2339 901
2340 765
2341 243
2342 6
2343 3
2344 580
2345 1182
2346 589
2347 1060
2348 146
2349 533
2350 797
2351 1283
2352 1142
2353 1853
2354 961
2355 256
2356 763
2357 271
2358 110
2359 9
2360 40
2361 13
2362 39
2363 1676
2364 1453
2365 229
2366 1235
2367 1025
2368 282
2369 621
2370 1167
2371 750
2372 704
2373 401
2374 52
2375 813
2376 1215
2377 34
2378 26
2379 157
2380 241
2381 73
2382 1493
2383 822
2384 552
2385 2055
2386 558
2387 1402
2388 2643
2389 1431
2390 1006
2391 1802
2392 244
2393 222
2394 1580
2395 551
2396 200
2397 42
2398 1366
2399 49
2400 143
2401 874
2402 3338
2403 241
2404 460
2405 1157
2406 1507
2407 1034
2408 605
2409 802
2410 557
2411 1307
2412 866
2413 181
2414 8
2415 362
2416 94
2417 233
2418 47
2419 909
2420 1722
2421 1363
2422 2997
2423 458
2424 715
2425 969
2426 1337
2427 1604
2428 1952
2429 384
2430 19
2431 462
2432 1098
2433 0
2434 193
2435 539
2436 584
2437 330
2438 1963
2439 203
2440 781
2441 1556
2442 1573
2443 687
2444 761
2445 791
2446 133
2447 18
2448 9
2449 779
2450 65
2451 217
2452 128
2453 69
2454 594
2455 572
2456 910
2457 766
2458 150
2459 515
2460 106
2461 72
2462 12
2463 64
2464 509
2465 2989
2466 403
2467 16
2468 178
2469 257
2470 492
2471 334
2472 349
2473 77
2474 35
2475 30
2476 1
2477 165
2478 802
2479 84
2480 250
2481 348
2482 117
2483 350
2484 550
2485 856
2486 335
2487 1139
2488 191
2489 280
2490 31
2491 24
2492 8
2493 20
2494 343
2495 703
2496 251
2497 481
2498 92
2499 493
2500 253
2501 217
2502 263
2503 1327
2504 76
2505 13
2506 113
2507 21
2508 32
2509 291
2510 128
2511 242
2512 236
2513 403
2514 0
2515 4
2516 140
2517 4
2518 0
2519 20
2520 179
2521 125
2522 186
2523 516
2524 33
2525 18
2526 744
2527 331
2528 11
2529 144
2530 242
2531 117
2532 35
2533 39
2534 1175
2535 1484
2536 220
2537 401
2538 601
2539 126
2540 12
2541 102
2542 1689
2543 465
2544 582
2545 1421
2546 118
2547 62
2548 405
2549 245
2550 141
2551 64
2552 525
2553 900
2554 327
2555 7
2556 18
2557 104
2558 259
2559 244
2560 819
2561 682
2562 198
2563 509
2564 152
2565 142
2566 318
2567 156
2568 144
2569 51
2570 140
2571 117
2572 0
2573 278
2574 26
2575 620
2576 38
2577 50
2578 40
2579 40
2580 2
2581 2
2582 0
2583 0
2584 0
2585 0
2586 0
2587 0
2588 0
2589 0
2590 0
2591 0
2592 0
2593 0
2594 0
2595 0
2596 0
2597 0
2598 12
