0 6
1 0
2 0
3 0
4 2
5 6
6 0
7 0
8 0
9 0
10 1
11 6
12 0
13 5
14 10
15 3
16 8
17 0
18 0
19 19
20 0
21 2
22 0
23 10
24 0
25 5
26 0
27 0
28 0
29 0
30 0
31 0
32 0
33 3
34 0
35 6
36 0
37 2
38 1
39 0
40 2
41 0
42 0
43 0
44 8
45 0
46 0
47 0
48 0
49 5
50 3
51 0
52 6
53 6
54 6
55 0
56 1
57 5
58 7
59 0
60 1
61 8
62 8
63 0
64 0
65 19
66 1
67 5
68 2
69 0
70 2
71 0
72 0
73 0
74 5
75 13
76 0
77 5
78 11
79 14
80 0
81 0
82 6
83 2
84 0
85 0
86 7
87 19
88 17
89 0
90 0
91 0
92 0
93 4
94 0
95 0
96 0
97 7
98 1
99 8
100 0
101 0
102 5
103 8
104 1
105 3
106 11
107 2
108 9
109 5
110 0
111 1
112 4
113 2
114 4
115 1
116 6
117 1
118 0
119 5
120 0
121 3
122 11
123 2
124 0
125 0
126 0
127 1
128 1
129 3
130 1
131 3
132 0
133 0
134 0
135 12
136 7
137 27
138 1
139 1
140 12
141 11
142 1
143 2
144 0
145 0
146 10
147 1
148 11
149 6
150 3
151 0
152 0
153 2
154 1
155 2
156 1
157 2
158 26
159 1
160 0
161 1
162 0
163 5
164 4
165 7
166 8
167 5
168 2
169 2
170 9
171 8
172 2
173 2
174 12
175 17
176 14
177 0
178 3
179 0
180 14
181 0
182 29
183 13
184 7
185 3
186 22
187 18
188 14
189 1
190 2
191 0
192 0
193 0
194 0
195 0
196 11
197 6
198 1
199 7
200 6
201 6
202 1
203 12
204 5
205 16
206 29
207 6
208 3
209 0
210 22
211 0
212 2
213 3
214 0
215 14
216 0
217 2
218 3
219 17
220 4
221 15
222 16
223 15
224 20
225 11
226 9
227 0
228 0
229 2
230 0
231 0
232 0
233 1
234 0
235 2
236 0
237 0
238 6
239 27
240 0
241 25
242 17
243 2
244 16
245 3
246 7
247 0
248 3
249 2
250 1
251 0
252 2
253 0
254 0
255 2
256 43
257 11
258 2
259 0
260 0
261 0
262 1
263 7
264 0
265 1
266 0
267 2
268 1
269 0
270 3
271 10
272 3
273 0
274 0
275 0
276 0
277 0
278 2
279 4
280 0
281 0
282 2
283 22
284 0
285 0
286 1
287 2
288 2
289 2
290 25
291 5
292 32
293 9
294 0
295 5
296 7
297 2
298 3
299 0
300 5
301 4
302 4
303 4
304 27
305 9
306 6
307 12
308 0
309 4
310 4
311 6
312 9
313 1
314 2
315 11
316 9
317 12
318 21
319 0
320 2
321 2
322 0
323 1
324 0
325 0
326 1
327 1
328 0
329 0
330 1
331 5
332 2
333 11
334 11
335 11
336 0
337 4
338 20
339 12
340 0
341 0
342 1
343 0
344 1
345 0
346 2
347 0
348 12
349 3
350 5
351 23
352 4
353 0
354 0
355 0
356 0
357 7
358 0
359 5
360 8
361 15
362 21
363 1
364 0
365 0
366 1
367 3
368 6
369 11
370 3
371 3
372 2
373 3
374 1
375 1
376 6
377 0
378 1
379 6
380 5
381 0
382 6
383 0
384 6
385 9
386 0
387 0
388 6
389 9
390 14
391 8
392 13
393 0
394 8
395 2
396 15
397 5
398 0
399 9
400 0
401 6
402 2
403 1
404 8
405 9
406 19
407 12
408 2
409 0
410 1
411 2
412 7
413 20
414 12
415 1
416 3
417 6
418 0
419 4
420 2
421 0
422 8
423 7
424 12
425 4
426 5
427 1
428 8
429 0
430 15
431 0
432 1
433 2
434 0
435 1
436 16
437 19
438 25
439 7
440 15
441 12
442 5
443 22
444 3
445 3
446 3
447 0
448 10
449 4
450 9
451 4
452 7
453 13
454 16
455 3
456 7
457 21
458 11
459 0
460 0
461 13
462 10
463 7
464 7
465 6
466 0
467 10
468 8
469 15
470 18
471 20
472 12
473 7
474 14
475 6
476 1
477 2
478 0
479 2
480 3
481 2
482 3
483 0
484 8
485 3
486 7
487 8
488 2
489 17
490 3
491 4
492 16
493 28
494 2
495 6
496 3
497 2
498 18
499 5
500 3
501 6
502 4
503 1
504 0
505 4
506 10
507 2
508 0
509 23
510 2
511 3
512 9
513 19
514 8
515 13
516 5
517 5
518 0
519 4
520 21
521 14
522 0
523 4
524 2
525 0
526 0
527 1
528 5
529 1
530 1
531 1
532 11
533 15
534 0
535 10
536 12
537 2
538 1
539 9
540 1
541 4
542 1
543 8
544 11
545 0
546 3
547 0
548 9
549 0
550 3
551 1
552 12
553 10
554 15
555 16
556 2
557 1
558 5
559 10
560 2
561 6
562 1
563 0
564 0
565 0
566 0
567 1
568 1
569 0
570 2
571 7
572 4
573 2
574 1
575 10
576 2
577 5
578 5
579 3
580 1
581 0
582 1
583 4
584 8
585 5
586 4
587 2
588 9
589 23
590 0
591 0
592 3
593 0
594 0
595 2
596 0
597 1
598 13
599 22
600 13
601 32
602 5
603 2
604 1
605 1
606 4
607 4
608 14
609 3
610 6
611 3
612 16
613 9
614 20
615 12
616 14
617 0
618 0
619 0
620 3
621 0
622 4
623 2
624 2
625 18
626 8
627 19
628 12
629 11
630 14
631 2
632 4
633 3
634 7
635 3
636 6
637 1
638 3
639 8
640 0
641 6
642 6
643 19
644 2
645 9
646 6
647 0
648 0
649 0
650 0
651 4
652 8
653 3
654 3
655 5
656 3
657 0
658 16
659 9
660 0
661 7
662 0
663 7
664 2
665 1
666 7
667 5
668 0
669 3
670 5
671 10
672 1
673 0
674 2
675 0
676 10
677 14
678 6
679 5
680 16
681 13
682 0
683 3
684 2
685 5
686 1
687 0
688 0
689 3
690 16
691 9
692 5
693 0
694 1
695 2
696 2
697 0
698 0
699 6
700 2
701 2
702 8
703 0
704 2
705 11
706 13
707 7
708 0
709 7
710 0
711 0
712 1
713 1
714 0
715 0
716 5
717 27
718 12
719 7
720 19
721 3
722 1
723 0
724 4
725 2
726 4
727 3
728 4
729 9
730 6
731 11
732 1
733 6
734 4
735 2
736 11
737 4
738 12
739 14
740 5
741 3
742 0
743 1
744 10
745 0
746 0
747 0
748 8
749 3
750 25
751 0
752 10
753 3
754 8
755 0
756 3
757 1
758 4
759 14
760 6
761 2
762 5
763 2
764 17
765 5
766 9
767 5
768 0
769 2
770 20
771 1
772 0
773 0
774 4
775 9
776 3
777 3
778 4
779 0
780 0
781 0
782 4
783 1
784 5
785 1
786 11
787 5
788 0
789 16
790 1
791 0
792 2
793 8
794 8
795 0
796 8
797 10
798 4
799 2
800 0
801 0
802 3
803 0
804 0
805 0
806 16
807 6
808 3
809 11
810 5
811 1
812 4
813 4
814 0
815 0
816 0
817 0
818 2
819 15
820 12
821 12
822 5
823 8
824 1
825 4
826 1
827 9
828 7
829 3
830 3
831 5
832 6
833 6
834 8
835 3
836 4
837 1
838 2
839 1
840 0
841 0
842 1
843 0
844 4
845 7
846 6
847 6
848 6
849 2
850 9
851 0
852 9
853 2
854 0
855 2
856 1
857 10
858 9
859 1
860 1
861 3
862 10
863 2
864 4
865 5
866 0
867 4
868 2
869 0
870 2
871 0
872 0
873 0
874 0
875 0
876 1
877 16
878 5
879 4
880 22
881 12
882 1
883 1
884 6
885 0
886 0
887 0
888 3
889 23
890 1
891 2
892 4
893 1
894 0
895 4
896 1
897 4
898 1
899 0
900 0
901 0
902 2
903 27
904 11
905 2
906 9
907 15
908 11
909 0
910 1
911 8
912 0
913 0
914 3
915 11
916 0
917 2
918 10
919 1
920 8
921 12
922 3
923 0
924 3
925 0
926 2
927 4
928 0
929 0
930 8
931 20
932 7
933 16
934 8
935 14
936 2
937 1
938 8
939 3
940 10
941 2
942 0
943 0
944 13
945 14
946 3
947 0
948 0
949 7
950 4
951 0
952 5
953 8
954 4
955 20
956 22
957 4
958 1
959 4
960 3
961 0
962 1
963 8
964 8
965 1
966 4
967 4
968 5
969 12
970 6
971 0
972 5
973 9
974 4
975 6
976 0
977 0
978 23
979 3
980 21
981 23
982 6
983 3
984 11
985 11
986 3
987 0
988 0
989 0
990 0
991 2
992 2
993 15
994 11
995 2
996 4
997 1
998 2
999 3
1000 3
1001 5
1002 10
1003 0
1004 0
1005 0
1006 0
1007 9
1008 19
1009 0
1010 2
1011 1
1012 0
1013 0
1014 0
1015 0
1016 3
1017 13
1018 2
1019 9
1020 11
1021 19
1022 7
1023 3
1024 6
1025 1
1026 5
1027 20
1028 2
1029 1
1030 2
1031 8
1032 0
1033 0
1034 3
1035 7
1036 3
1037 0
1038 15
1039 9
1040 15
1041 7
1042 0
1043 6
1044 2
1045 4
1046 4
1047 5
1048 6
1049 0
1050 0
1051 0
1052 0
1053 0
1054 0
1055 2
1056 4
1057 6
1058 7
1059 9
1060 14
1061 2
1062 0
1063 0
1064 0
1065 1
1066 0
1067 3
1068 0
1069 3
1070 2
1071 1
1072 10
1073 7
1074 9
1075 1
1076 2
1077 0
1078 6
1079 0
1080 12
1081 6
1082 2
1083 3
1084 4
1085 1
1086 0
1087 1
1088 0
1089 0
1090 9
1091 15
1092 10
1093 16
1094 4
1095 1
1096 3
1097 0
1098 2
1099 23
1100 0
1101 1
1102 2
1103 3
1104 0
1105 2
1106 17
1107 18
1108 3
1109 0
1110 34
1111 12
1112 0
1113 5
1114 12
1115 0
1116 0
1117 1
1118 0
1119 13
1120 15
1121 11
1122 1
1123 0
1124 3
1125 0
1126 2
1127 0
1128 5
1129 8
1130 0
1131 0
1132 0
1133 5
1134 4
1135 1
1136 0
1137 0
1138 0
1139 7
1140 38
1141 21
1142 7
1143 0
1144 0
1145 0
1146 2
1147 0
1148 0
1149 14
1150 24
1151 2
1152 1
1153 2
1154 5
1155 19
1156 12
1157 6
1158 2
1159 1
1160 2
1161 0
1162 4
1163 0
1164 0
1165 0
1166 2
1167 5
1168 16
1169 3
1170 14
1171 0
1172 0
1173 1
1174 0
1175 1
1176 9
1177 19
1178 1
1179 11
1180 1
1181 12
1182 6
1183 12
1184 6
1185 11
1186 7
1187 3
1188 0
1189 0
1190 0
1191 5
1192 6
1193 0
1194 1
1195 0
1196 1
1197 0
1198 5
1199 6
1200 2
1201 0
1202 0
1203 16
1204 1
1205 0
1206 1
1207 0
1208 3
1209 2
1210 11
1211 10
1212 21
1213 1
1214 5
1215 13
1216 8
1217 22
1218 8
1219 1
1220 6
1221 3
1222 1
1223 3
1224 2
1225 0
1226 2
1227 1
1228 5
1229 10
1230 3
1231 0
1232 1
1233 6
1234 7
1235 21
1236 4
1237 4
1238 7
1239 0
1240 1
1241 0
1242 0
1243 6
1244 0
1245 4
1246 1
1247 8
1248 18
1249 24
1250 0
1251 7
1252 18
1253 23
1254 36
1255 5
1256 3
1257 1
1258 12
1259 0
1260 4
1261 0
1262 3
1263 5
1264 11
1265 9
1266 6
1267 2
1268 0
1269 0
1270 1
1271 2
1272 4
1273 4
1274 31
1275 16
1276 1
1277 2
1278 1
1279 2
1280 0
1281 0
1282 0
1283 0
1284 0
1285 0
1286 9
1287 14
1288 4
1289 14
1290 12
1291 11
1292 6
1293 7
1294 91
1295 33
1296 5
1297 0
1298 5
1299 11
1300 2
1301 0
1302 2
1303 4
1304 16
1305 3
1306 1
1307 11
1308 7
1309 6
1310 1
1311 5
1312 0
1313 0
1314 0
1315 14
1316 16
1317 13
1318 18
1319 15
1320 18
1321 29
1322 16
1323 3
1324 0
1325 4
1326 1
1327 1
1328 0
1329 3
1330 1
1331 4
1332 18
1333 6
1334 0
1335 4
1336 4
1337 11
1338 8
1339 30
1340 43
1341 6
1342 2
1343 9
1344 15
1345 3
1346 2
1347 0
1348 1
1349 2
1350 13
1351 2
1352 0
1353 14
1354 0
1355 7
1356 7
1357 1
1358 2
1359 6
1360 1
1361 0
1362 0
1363 6
1364 22
1365 26
1366 5
1367 8
1368 8
1369 19
1370 16
1371 13
1372 0
1373 2
1374 0
1375 0
1376 0
1377 0
1378 4
1379 19
1380 20
1381 2
1382 3
1383 3
1384 7
1385 4
1386 17
1387 39
1388 10
1389 1
1390 13
1391 8
1392 2
1393 2
1394 1
1395 6
1396 5
1397 4
1398 0
1399 1
1400 10
1401 6
1402 4
1403 11
1404 6
1405 2
1406 4
1407 12
1408 8
1409 10
1410 7
1411 2
1412 1
1413 0
1414 2
1415 0
1416 10
1417 9
1418 7
1419 22
1420 8
1421 25
1422 4
1423 0
1424 2
1425 0
1426 1
1427 11
1428 23
1429 37
1430 20
1431 30
1432 19
1433 7
1434 8
1435 9
1436 10
1437 19
1438 0
1439 0
1440 6
1441 5
1442 34
1443 6
1444 3
1445 11
1446 13
1447 4
1448 5
1449 3
1450 2
1451 22
1452 5
1453 11
1454 6
1455 0
1456 5
1457 19
1458 0
1459 23
1460 7
1461 3
1462 1
1463 3
1464 0
1465 4
1466 7
1467 6
1468 0
1469 1
1470 0
1471 0
1472 0
1473 0
1474 1
1475 6
1476 28
1477 56
1478 22
1479 19
1480 23
1481 18
1482 3
1483 17
1484 9
1485 0
1486 4
1487 1
1488 11
1489 7
1490 39
1491 10
1492 5
1493 9
1494 13
1495 2
1496 17
1497 18
1498 3
1499 7
1500 13
1501 3
1502 6
1503 1
1504 7
1505 19
1506 2
1507 5
1508 13
1509 3
1510 5
1511 0
1512 1
1513 2
1514 18
1515 4
1516 3
1517 0
1518 0
1519 0
1520 0
1521 0
1522 0
1523 1
1524 10
1525 32
1526 20
1527 68
1528 43
1529 28
1530 12
1531 0
1532 5
1533 19
1534 1
1535 12
1536 7
1537 4
1538 11
1539 6
1540 0
1541 10
1542 3
1543 7
1544 35
1545 18
1546 23
1547 8
1548 2
1549 8
1550 14
1551 3
1552 3
1553 7
1554 3
1555 4
1556 18
1557 34
1558 2
1559 4
1560 7
1561 22
1562 13
1563 12
1564 0
1565 0
1566 4
1567 5
1568 18
1569 0
1570 0
1571 2
1572 50
1573 88
1574 30
1575 2
1576 30
1577 12
1578 9
1579 23
1580 28
1581 8
1582 13
1583 10
1584 6
1585 1
1586 0
1587 4
1588 16
1589 2
1590 30
1591 11
1592 9
1593 9
1594 7
1595 26
1596 14
1597 2
1598 0
1599 2
1600 19
1601 7
1602 19
1603 2
1604 2
1605 0
1606 0
1607 4
1608 0
1609 0
1610 0
1611 0
1612 5
1613 7
1614 4
1615 0
1616 9
1617 36
1618 33
1619 57
1620 27
1621 37
1622 30
1623 13
1624 8
1625 2
1626 25
1627 14
1628 6
1629 13
1630 8
1631 6
1632 7
1633 9
1634 10
1635 3
1636 4
1637 7
1638 8
1639 6
1640 13
1641 2
1642 0
1643 0
1644 0
1645 23
1646 40
1647 7
1648 17
1649 5
1650 5
1651 13
1652 37
1653 1
1654 4
1655 17
1656 24
1657 4
1658 7
1659 11
1660 6
1661 8
1662 7
1663 1
1664 7
1665 11
1666 8
1667 20
1668 14
1669 0
1670 2
1671 2
1672 0
1673 0
1674 0
1675 0
1676 0
1677 46
1678 30
1679 25
1680 23
1681 10
1682 14
1683 14
1684 6
1685 21
1686 7
1687 3
1688 7
1689 8
1690 3
1691 9
1692 2
1693 6
1694 12
1695 0
1696 3
1697 0
1698 2
1699 2
1700 1
1701 24
1702 2
1703 8
1704 0
1705 0
1706 0
1707 5
1708 0
1709 6
1710 42
1711 12
1712 6
1713 5
1714 5
1715 19
1716 14
1717 8
1718 3
1719 6
1720 1
1721 6
1722 1
1723 0
1724 3
1725 1
1726 7
1727 5
1728 18
1729 15
1730 1
1731 1
1732 0
1733 6
1734 1
1735 0
1736 4
1737 6
1738 14
1739 12
1740 9
1741 4
1742 9
1743 1
1744 5
1745 7
1746 5
1747 0
1748 0
1749 2
1750 2
1751 9
1752 15
1753 1
1754 0
1755 4
1756 3
1757 3
1758 5
1759 0
1760 0
1761 13
1762 4
1763 7
1764 5
1765 8
1766 4
1767 14
1768 9
1769 0
1770 1
1771 3
1772 9
1773 12
1774 4
1775 4
1776 6
1777 7
1778 13
1779 0
1780 3
1781 0
1782 7
1783 0
1784 3
1785 5
1786 0
1787 10
1788 5
1789 2
1790 7
1791 0
1792 12
1793 5
1794 1
1795 0
1796 2
1797 18
1798 18
1799 33
1800 21
1801 6
1802 11
1803 4
1804 5
1805 26
1806 20
1807 4
1808 5
1809 0
1810 6
1811 3
1812 1
1813 4
1814 2
1815 2
1816 1
1817 0
1818 2
1819 1
1820 8
1821 5
1822 4
1823 4
1824 17
1825 5
1826 1
1827 5
1828 8
1829 11
1830 1
1831 11
1832 1
1833 12
1834 1
1835 12
1836 6
1837 1
1838 5
1839 3
1840 3
1841 3
1842 2
1843 4
1844 16
1845 11
1846 4
1847 6
1848 11
1849 19
1850 2
1851 1
1852 1
1853 8
1854 2
1855 9
1856 5
1857 1
1858 16
1859 17
1860 5
1861 9
1862 8
1863 0
1864 3
1865 1
1866 7
1867 46
1868 11
1869 5
1870 2
1871 8
1872 22
1873 12
1874 4
1875 1
1876 1
1877 4
1878 5
1879 4
1880 0
1881 11
1882 17
1883 22
1884 11
1885 3
1886 0
1887 1
1888 0
1889 11
1890 8
1891 4
1892 7
1893 7
1894 28
1895 31
1896 14
1897 4
1898 3
1899 2
1900 13
1901 10
1902 1
1903 19
1904 7
1905 8
1906 7
1907 10
1908 4
1909 8
1910 5
1911 7
1912 17
1913 9
1914 1
1915 0
1916 0
1917 9
1918 3
1919 9
1920 3
1921 8
1922 1
1923 5
1924 7
1925 9
1926 0
1927 2
1928 2
1929 2
1930 6
1931 8
1932 3
1933 1
1934 5
1935 8
1936 13
1937 0
1938 0
1939 3
1940 8
1941 9
1942 24
1943 22
1944 2
1945 3
1946 2
1947 0
1948 3
1949 4
1950 3
1951 8
1952 8
1953 11
1954 5
1955 18
1956 2
1957 6
1958 9
1959 8
1960 3
1961 0
1962 0
1963 1
1964 21
1965 18
1966 1
1967 10
1968 21
1969 9
1970 4
1971 7
1972 16
1973 1
1974 3
1975 11
1976 4
1977 0
1978 1
1979 0
1980 10
1981 18
1982 8
1983 1
1984 2
1985 16
1986 8
1987 0
1988 1
1989 11
1990 6
1991 6
1992 5
1993 3
1994 8
1995 12
1996 24
1997 9
1998 3
1999 10
2000 10
2001 0
2002 1
2003 4
2004 17
2005 10
2006 4
2007 4
2008 3
2009 7
2010 7
2011 9
2012 2
2013 1
2014 12
2015 5
2016 16
2017 19
2018 0
2019 12
2020 5
2021 4
2022 3
2023 14
2024 23
2025 0
2026 6
2027 4
2028 4
2029 2
2030 13
2031 14
2032 8
2033 2
2034 6
2035 13
2036 19
2037 7
2038 5
2039 4
2040 2
2041 1
2042 5
2043 10
2044 2
2045 6
2046 4
2047 6
2048 16
2049 17
2050 13
2051 13
2052 0
2053 2
2054 8
2055 29
2056 4
2057 4
2058 5
2059 6
2060 5
2061 11
2062 7
2063 8
2064 1
2065 1
2066 14
2067 7
2068 0
2069 13
2070 3
2071 7
2072 13
2073 12
2074 6
2075 11
2076 14
2077 3
2078 0
2079 0
2080 6
2081 18
2082 12
2083 5
2084 7
2085 4
2086 11
2087 5
2088 11
2089 10
2090 7
2091 4
2092 3
2093 4
2094 6
2095 27
2096 7
2097 30
2098 11
2099 8
2100 2
2101 2
2102 0
2103 19
2104 17
2105 8
2106 0
2107 0
2108 2
2109 2
2110 12
2111 11
2112 15
2113 8
2114 5
2115 9
2116 5
2117 4
2118 17
2119 17
2120 2
2121 3
2122 1
2123 1
2124 15
2125 2
2126 8
2127 9
2128 13
2129 4
2130 7
2131 20
2132 18
2133 2
2134 0
2135 2
2136 0
2137 10
2138 17
2139 5
2140 2
2141 0
2142 0
2143 0
2144 13
2145 12
2146 5
2147 2
2148 13
2149 8
2150 17
2151 2
2152 13
2153 15
2154 12
2155 4
2156 0
2157 0
2158 1
2159 7
2160 17
2161 22
2162 0
2163 0
2164 4
2165 13
2166 7
2167 4
2168 3
2169 9
2170 1
2171 1
2172 8
2173 6
2174 0
2175 4
2176 0
2177 6
2178 0
2179 2
2180 1
2181 3
2182 4
2183 5
2184 2
2185 0
2186 0
2187 9
2188 3
2189 3
2190 11
2191 9
2192 3
2193 11
2194 2
2195 0
2196 0
2197 2
2198 0
2199 4
2200 3
2201 7
2202 8
2203 13
2204 2
2205 15
2206 11
2207 3
2208 0
2209 4
2210 5
2211 11
2212 21
2213 18
2214 2
2215 3
2216 0
2217 1
2218 0
2219 0
2220 6
2221 0
2222 0
2223 3
2224 7
2225 1
2226 0
2227 11
2228 11
2229 9
2230 10
2231 0
2232 4
2233 7
2234 0
2235 0
2236 0
2237 3
2238 1
2239 0
2240 0
2241 0
2242 0
2243 14
2244 8
2245 2
2246 2
2247 9
2248 21
2249 2
2250 16
2251 8
2252 1
2253 3
2254 16
2255 7
2256 9
2257 1
2258 1
2259 2
2260 11
2261 1
2262 0
2263 0
2264 0
2265 3
2266 20
2267 15
2268 15
2269 19
2270 19
2271 9
2272 0
2273 1
2274 25
2275 11
2276 7
2277 16
2278 5
2279 0
2280 0
2281 16
2282 18
2283 0
2284 0
2285 1
2286 11
2287 2
2288 5
2289 3
2290 19
2291 22
2292 2
2293 0
2294 13
2295 14
2296 4
2297 8
2298 2
2299 0
2300 6
2301 12
2302 6
2303 0
2304 3
2305 0
2306 2
2307 6
2308 17
2309 5
2310 4
2311 7
2312 4
2313 3
2314 8
2315 4
2316 19
2317 8
2318 0
2319 1
2320 13
2321 8
2322 7
2323 0
2324 0
2325 1
2326 16
2327 31
2328 4
2329 1
2330 0
2331 0
2332 2
2333 5
2334 24
2335 29
2336 3
2337 0
2338 4
2339 9
2340 6
2341 1
2342 0
2343 0
2344 4
2345 11
2346 7
2347 8
2348 1
2349 6
2350 7
2351 13
2352 10
2353 21
2354 8
2355 2
2356 7
2357 3
2358 0
2359 0
2360 0
2361 0
2362 0
2363 17
2364 14
2365 1
2366 14
2367 11
2368 3
2369 8
2370 11
2371 7
2372 6
2373 3
2374 0
2375 7
2376 12
2377 0
2378 0
2379 2
2380 0
2381 0
2382 15
2383 9
2384 3
2385 19
2386 6
2387 16
2388 23
2389 12
2390 9
2391 19
2392 3
2393 2
2394 16
2395 4
2396 2
2397 0
2398 11
2399 0
2400 1
2401 9
2402 34
2403 2
2404 6
2405 11
2406 16
2407 9
2408 3
2409 8
2410 5
2411 12
2412 8
2413 1
2414 0
2415 2
2416 0
2417 2
2418 0
2419 8
2420 20
2421 15
2422 33
2423 3
2424 8
2425 7
2426 13
2427 15
2428 21
2429 4
2430 0
2431 4
2432 11
2433 0
2434 1
2435 5
2436 5
2437 4
2438 20
2439 2
2440 7
2441 15
2442 14
2443 6
2444 9
2445 7
2446 0
2447 0
2448 0
2449 6
2450 0
2451 1
2452 1
2453 0
2454 5
2455 4
2456 10
2457 7
2458 1
2459 4
2460 0
2461 0
2462 0
2463 0
2464 4
2465 33
2466 4
2467 0
2468 2
2469 0
2470 5
2471 3
2472 2
2473 0
2474 0
2475 0
2476 0
2477 0
2478 5
2479 0
2480 2
2481 3
2482 1
2483 4
2484 5
2485 5
2486 4
2487 11
2488 1
2489 2
2490 0
2491 0
2492 0
2493 0
2494 2
2495 5
2496 2
2497 3
2498 0
2499 4
2500 2
2501 3
2502 3
2503 14
2504 0
2505 0
2506 1
2507 0
2508 0
2509 2
2510 1
2511 3
2512 2
2513 3
2514 0
2515 0
2516 0
2517 0
2518 0
2519 0
2520 1
2521 1
2522 1
2523 4
2524 0
2525 0
2526 8
2527 3
2528 0
2529 0
2530 2
2531 0
2532 0
2533 0
2534 10
2535 14
2536 1
2537 3
2538 4
2539 0
2540 0
2541 0
2542 16
2543 5
2544 2
2545 13
2546 2
2547 0
2548 4
2549 1
2550 0
2551 0
2552 4
2553 7
2554 4
2555 0
2556 0
2557 0
2558 3
2559 1
2560 8
2561 7
2562 2
2563 3
2564 2
2565 1
2566 3
2567 0
2568 1
2569 0
2570 1
2571 0
2572 0
2573 3
2574 0
2575 5
2576 0
2577 0
2578 0
2579 0
2580 0
2581 0
2582 0
2583 0
2584 0
2585 0
2586 0
2587 0
2588 0
2589 0
2590 0
2591 0
2592 0
2593 0
2594 0
2595 0
2596 0
2597 0
2598 0
