0 3
1 0
2 0
3 0
4 1
5 2
6 0
7 0
8 0
9 0
10 0
11 1
12 0
13 1
14 5
15 1
16 5
17 0
18 0
19 10
20 0
21 1
22 0
23 7
24 0
25 1
26 0
27 0
28 0
29 0
30 0
31 0
32 0
33 1
34 0
35 2
36 0
37 1
38 1
39 0
40 0
41 0
42 0
43 0
44 5
45 0
46 0
47 0
48 0
49 4
50 1
51 0
52 2
53 4
54 3
55 0
56 0
57 2
58 2
59 0
60 0
61 3
62 1
63 0
64 0
65 7
66 0
67 1
68 1
69 0
70 0
71 0
72 0
73 0
74 2
75 6
76 0
77 2
78 6
79 6
80 0
81 0
82 1
83 1
84 0
85 0
86 1
87 8
88 8
89 0
90 0
91 0
92 0
93 3
94 0
95 0
96 0
97 4
98 0
99 5
100 0
101 0
102 1
103 1
104 0
105 2
106 5
107 0
108 3
109 3
110 0
111 1
112 1
113 0
114 2
115 0
116 5
117 0
118 0
119 2
120 0
121 1
122 4
123 2
124 0
125 0
126 0
127 0
128 1
129 2
130 0
131 2
132 0
133 0
134 0
135 7
136 2
137 13
138 0
139 0
140 4
141 4
142 0
143 0
144 0
145 0
146 3
147 1
148 3
149 2
150 2
151 0
152 0
153 1
154 1
155 1
156 0
157 1
158 10
159 1
160 0
161 1
162 0
163 2
164 3
165 2
166 2
167 2
168 0
169 0
170 4
171 2
172 1
173 0
174 5
175 8
176 8
177 0
178 1
179 0
180 7
181 0
182 11
183 9
184 1
185 2
186 12
187 10
188 6
189 0
190 0
191 0
192 0
193 0
194 0
195 0
196 4
197 3
198 0
199 5
200 3
201 2
202 0
203 6
204 3
205 7
206 13
207 3
208 2
209 0
210 7
211 0
212 1
213 3
214 0
215 8
216 0
217 1
218 1
219 12
220 2
221 8
222 7
223 6
224 11
225 6
226 6
227 0
228 0
229 1
230 0
231 0
232 0
233 0
234 0
235 0
236 0
237 0
238 2
239 13
240 0
241 12
242 6
243 1
244 9
245 1
246 3
247 0
248 2
249 1
250 0
251 0
252 0
253 0
254 0
255 1
256 19
257 7
258 1
259 0
260 0
261 0
262 0
263 4
264 0
265 1
266 0
267 0
268 0
269 0
270 2
271 4
272 1
273 0
274 0
275 0
276 0
277 0
278 0
279 3
280 0
281 0
282 1
283 13
284 0
285 0
286 0
287 0
288 1
289 0
290 11
291 1
292 18
293 4
294 0
295 3
296 4
297 1
298 2
299 0
300 3
301 2
302 3
303 2
304 12
305 4
306 3
307 5
308 0
309 2
310 3
311 2
312 5
313 0
314 0
315 4
316 4
317 4
318 9
319 0
320 1
321 1
322 0
323 1
324 0
325 0
326 0
327 0
328 0
329 0
330 0
331 2
332 0
333 6
334 5
335 8
336 1
337 2
338 10
339 5
340 0
341 0
342 0
343 0
344 0
345 0
346 2
347 0
348 5
349 1
350 2
351 11
352 2
353 0
354 0
355 0
356 0
357 4
358 0
359 4
360 4
361 9
362 12
363 0
364 0
365 0
366 0
367 1
368 3
369 6
370 0
371 0
372 0
373 1
374 0
375 0
376 2
377 0
378 0
379 2
380 0
381 0
382 1
383 0
384 3
385 3
386 0
387 0
388 4
389 4
390 6
391 7
392 8
393 0
394 4
395 1
396 7
397 2
398 0
399 6
400 0
401 2
402 1
403 1
404 3
405 3
406 7
407 4
408 1
409 0
410 0
411 0
412 3
413 12
414 7
415 0
416 0
417 2
418 0
419 1
420 1
421 0
422 3
423 3
424 7
425 2
426 3
427 1
428 4
429 0
430 7
431 0
432 0
433 1
434 0
435 0
436 10
437 10
438 12
439 4
440 6
441 7
442 4
443 12
444 2
445 2
446 1
447 0
448 5
449 1
450 4
451 2
452 3
453 6
454 7
455 0
456 6
457 10
458 5
459 0
460 0
461 8
462 6
463 2
464 4
465 1
466 0
467 3
468 2
469 7
470 10
471 9
472 4
473 2
474 6
475 0
476 0
477 0
478 0
479 1
480 0
481 0
482 1
483 0
484 5
485 1
486 1
487 5
488 2
489 7
490 2
491 2
492 7
493 15
494 1
495 3
496 2
497 1
498 6
499 1
500 3
501 1
502 3
503 0
504 0
505 1
506 3
507 0
508 0
509 11
510 0
511 2
512 5
513 10
514 3
515 8
516 3
517 2
518 0
519 1
520 8
521 7
522 0
523 1
524 1
525 0
526 0
527 0
528 3
529 0
530 0
531 0
532 8
533 7
534 0
535 6
536 5
537 0
538 1
539 4
540 0
541 1
542 0
543 2
544 6
545 0
546 2
547 0
548 4
549 0
550 0
551 0
552 7
553 6
554 9
555 6
556 1
557 0
558 2
559 4
560 0
561 4
562 0
563 0
564 0
565 0
566 0
567 1
568 0
569 0
570 0
571 5
572 2
573 1
574 0
575 4
576 1
577 2
578 1
579 1
580 0
581 0
582 0
583 1
584 4
585 1
586 2
587 0
588 4
589 9
590 0
591 0
592 3
593 0
594 0
595 2
596 1
597 0
598 7
599 8
600 7
601 15
602 2
603 1
604 1
605 0
606 2
607 3
608 6
609 1
610 4
611 2
612 6
613 2
614 11
615 5
616 6
617 0
618 0
619 0
620 0
621 0
622 1
623 1
624 1
625 7
626 4
627 8
628 6
629 5
630 9
631 1
632 1
633 2
634 3
635 2
636 3
637 0
638 2
639 4
640 0
641 4
642 3
643 10
644 1
645 6
646 3
647 0
648 0
649 0
650 0
651 2
652 3
653 1
654 1
655 2
656 0
657 0
658 7
659 7
660 0
661 3
662 0
663 5
664 0
665 1
666 3
667 4
668 0
669 3
670 2
671 5
672 0
673 0
674 0
675 0
676 3
677 6
678 5
679 1
680 7
681 6
682 0
683 1
684 0
685 3
686 0
687 0
688 0
689 1
690 6
691 2
692 1
693 0
694 0
695 0
696 0
697 0
698 1
699 3
700 1
701 2
702 3
703 0
704 0
705 4
706 10
707 3
708 0
709 3
710 0
711 0
712 0
713 0
714 0
715 0
716 3
717 12
718 6
719 4
720 12
721 1
722 0
723 0
724 2
725 0
726 2
727 0
728 1
729 3
730 2
731 5
732 1
733 2
734 3
735 0
736 5
737 2
738 4
739 7
740 2
741 2
742 0
743 0
744 5
745 0
746 0
747 0
748 5
749 2
750 11
751 0
752 4
753 1
754 1
755 0
756 1
757 0
758 1
759 7
760 2
761 0
762 2
763 0
764 8
765 2
766 2
767 3
768 0
769 0
770 6
771 0
772 0
773 0
774 3
775 4
776 2
777 1
778 2
779 0
780 0
781 0
782 2
783 1
784 2
785 1
786 5
787 2
788 0
789 7
790 1
791 0
792 2
793 4
794 4
795 0
796 3
797 6
798 2
799 1
800 0
801 0
802 1
803 0
804 0
805 0
806 10
807 3
808 1
809 6
810 4
811 0
812 2
813 3
814 0
815 0
816 0
817 0
818 1
819 6
820 8
821 6
822 3
823 4
824 0
825 2
826 1
827 4
828 2
829 2
830 0
831 3
832 3
833 4
834 2
835 1
836 2
837 1
838 0
839 0
840 0
841 0
842 0
843 0
844 2
845 2
846 2
847 4
848 3
849 1
850 4
851 0
852 3
853 0
854 0
855 2
856 1
857 4
858 5
859 0
860 1
861 1
862 4
863 1
864 2
865 2
866 0
867 2
868 0
869 0
870 0
871 0
872 0
873 0
874 0
875 0
876 0
877 8
878 3
879 2
880 8
881 8
882 1
883 0
884 5
885 0
886 0
887 0
888 3
889 12
890 0
891 1
892 2
893 0
894 0
895 1
896 1
897 1
898 0
899 0
900 0
901 0
902 0
903 13
904 4
905 1
906 4
907 7
908 4
909 0
910 0
911 2
912 0
913 0
914 0
915 5
916 0
917 0
918 5
919 1
920 5
921 8
922 1
923 0
924 0
925 0
926 0
927 2
928 0
929 0
930 2
931 9
932 2
933 13
934 5
935 6
936 0
937 0
938 3
939 1
940 5
941 2
942 0
943 0
944 5
945 7
946 1
947 0
948 0
949 4
950 2
951 0
952 2
953 5
954 1
955 10
956 9
957 1
958 2
959 3
960 1
961 0
962 0
963 3
964 4
965 0
966 3
967 2
968 2
969 5
970 2
971 0
972 2
973 4
974 2
975 3
976 0
977 0
978 9
979 1
980 10
981 10
982 1
983 1
984 6
985 6
986 2
987 0
988 0
989 0
990 0
991 1
992 1
993 9
994 3
995 0
996 2
997 0
998 1
999 1
1000 1
1001 3
1002 5
1003 0
1004 0
1005 0
1006 0
1007 7
1008 8
1009 0
1010 1
1011 0
1012 0
1013 0
1014 0
1015 0
1016 2
1017 6
1018 0
1019 6
1020 6
1021 6
1022 4
1023 1
1024 3
1025 1
1026 3
1027 9
1028 2
1029 0
1030 0
1031 4
1032 0
1033 0
1034 1
1035 3
1036 1
1037 0
1038 7
1039 3
1040 5
1041 2
1042 0
1043 2
1044 0
1045 1
1046 2
1047 4
1048 3
1049 0
1050 0
1051 0
1052 0
1053 0
1054 0
1055 1
1056 1
1057 2
1058 3
1059 9
1060 6
1061 1
1062 0
1063 0
1064 0
1065 0
1066 0
1067 2
1068 0
1069 1
1070 1
1071 1
1072 7
1073 2
1074 6
1075 1
1076 0
1077 0
1078 3
1079 0
1080 5
1081 3
1082 1
1083 2
1084 1
1085 0
1086 0
1087 0
1088 0
1089 0
1090 4
1091 9
1092 7
1093 8
1094 3
1095 0
1096 1
1097 1
1098 1
1099 7
1100 0
1101 0
1102 0
1103 1
1104 0
1105 0
1106 11
1107 9
1108 1
1109 0
1110 20
1111 3
1112 0
1113 4
1114 6
1115 0
1116 0
1117 0
1118 0
1119 7
1120 6
1121 7
1122 0
1123 0
1124 0
1125 0
1126 1
1127 0
1128 1
1129 2
1130 0
1131 0
1132 0
1133 4
1134 2
1135 1
1136 0
1137 0
1138 0
1139 4
1140 21
1141 10
1142 4
1143 0
1144 0
1145 0
1146 0
1147 0
1148 0
1149 6
1150 11
1151 0
1152 1
1153 1
1154 2
1155 10
1156 5
1157 5
1158 0
1159 0
1160 0
1161 0
1162 1
1163 0
1164 0
1165 0
1166 1
1167 1
1168 6
1169 0
1170 9
1171 0
1172 0
1173 0
1174 0
1175 0
1176 4
1177 8
1178 0
1179 8
1180 0
1181 4
1182 2
1183 5
1184 2
1185 5
1186 2
1187 1
1188 0
1189 0
1190 0
1191 2
1192 3
1193 0
1194 0
1195 0
1196 0
1197 0
1198 1
1199 1
1200 1
1201 0
1202 0
1203 7
1204 0
1205 0
1206 1
1207 0
1208 1
1209 0
1210 6
1211 6
1212 11
1213 0
1214 2
1215 5
1216 4
1217 9
1218 7
1219 1
1220 3
1221 2
1222 1
1223 2
1224 1
1225 0
1226 2
1227 0
1228 2
1229 3
1230 1
1231 0
1232 1
1233 2
1234 3
1235 8
1236 1
1237 1
1238 3
1239 0
1240 1
1241 0
1242 0
1243 3
1244 0
1245 3
1246 0
1247 4
1248 7
1249 12
1250 0
1251 5
1252 9
1253 12
1254 17
1255 2
1256 1
1257 0
1258 7
1259 0
1260 1
1261 1
1262 1
1263 2
1264 6
1265 3
1266 2
1267 0
1268 0
1269 0
1270 0
1271 2
1272 2
1273 2
1274 17
1275 7
1276 0
1277 0
1278 1
1279 1
1280 0
1281 0
1282 0
1283 0
1284 0
1285 0
1286 3
1287 7
1288 2
1289 6
1290 5
1291 5
1292 3
1293 3
1294 41
1295 13
1296 1
1297 0
1298 1
1299 4
1300 1
1301 0
1302 0
1303 3
1304 9
1305 1
1306 1
1307 4
1308 3
1309 3
1310 0
1311 2
1312 0
1313 0
1314 0
1315 6
1316 7
1317 7
1318 9
1319 7
1320 8
1321 15
1322 9
1323 0
1324 0
1325 2
1326 0
1327 1
1328 0
1329 1
1330 1
1331 2
1332 10
1333 3
1334 0
1335 2
1336 1
1337 7
1338 3
1339 16
1340 20
1341 2
1342 2
1343 4
1344 7
1345 2
1346 1
1347 0
1348 0
1349 0
1350 10
1351 0
1352 0
1353 7
1354 0
1355 4
1356 4
1357 1
1358 1
1359 2
1360 0
1361 0
1362 0
1363 3
1364 10
1365 11
1366 2
1367 5
1368 2
1369 9
1370 4
1371 4
1372 0
1373 1
1374 0
1375 0
1376 0
1377 0
1378 2
1379 8
1380 5
1381 1
1382 2
1383 1
1384 4
1385 2
1386 4
1387 14
1388 7
1389 0
1390 8
1391 4
1392 1
1393 1
1394 0
1395 3
1396 2
1397 2
1398 0
1399 0
1400 5
1401 3
1402 2
1403 3
1404 3
1405 1
1406 1
1407 4
1408 2
1409 8
1410 4
1411 1
1412 1
1413 0
1414 1
1415 0
1416 3
1417 5
1418 2
1419 9
1420 3
1421 12
1422 2
1423 0
1424 0
1425 0
1426 0
1427 4
1428 10
1429 17
1430 12
1431 15
1432 10
1433 5
1434 3
1435 5
1436 4
1437 9
1438 0
1439 0
1440 1
1441 1
1442 16
1443 4
1444 4
1445 6
1446 7
1447 2
1448 2
1449 0
1450 0
1451 10
1452 1
1453 3
1454 3
1455 0
1456 2
1457 10
1458 0
1459 10
1460 2
1461 1
1462 0
1463 2
1464 0
1465 1
1466 2
1467 2
1468 0
1469 0
1470 0
1471 0
1472 0
1473 0
1474 0
1475 3
1476 16
1477 31
1478 10
1479 9
1480 12
1481 8
1482 2
1483 7
1484 4
1485 0
1486 2
1487 0
1488 5
1489 4
1490 14
1491 3
1492 2
1493 3
1494 4
1495 1
1496 8
1497 11
1498 1
1499 3
1500 5
1501 1
1502 3
1503 1
1504 2
1505 8
1506 1
1507 2
1508 5
1509 2
1510 3
1511 0
1512 0
1513 2
1514 12
1515 3
1516 1
1517 0
1518 0
1519 0
1520 0
1521 0
1522 0
1523 0
1524 4
1525 15
1526 7
1527 35
1528 18
1529 16
1530 4
1531 0
1532 1
1533 9
1534 0
1535 4
1536 2
1537 2
1538 6
1539 3
1540 0
1541 3
1542 0
1543 4
1544 18
1545 7
1546 12
1547 5
1548 1
1549 4
1550 7
1551 1
1552 2
1553 3
1554 2
1555 1
1556 9
1557 20
1558 1
1559 2
1560 2
1561 9
1562 5
1563 5
1564 0
1565 0
1566 4
1567 4
1568 11
1569 0
1570 0
1571 2
1572 25
1573 41
1574 15
1575 0
1576 16
1577 7
1578 4
1579 11
1580 11
1581 3
1582 6
1583 3
1584 3
1585 0
1586 0
1587 2
1588 8
1589 1
1590 13
1591 5
1592 2
1593 2
1594 3
1595 12
1596 10
1597 1
1598 1
1599 0
1600 12
1601 2
1602 11
1603 1
1604 1
1605 0
1606 0
1607 2
1608 0
1609 0
1610 0
1611 0
1612 3
1613 4
1614 2
1615 0
1616 6
1617 18
1618 15
1619 26
1620 14
1621 20
1622 14
1623 4
1624 5
1625 0
1626 12
1627 7
1628 1
1629 6
1630 3
1631 1
1632 2
1633 4
1634 4
1635 2
1636 1
1637 3
1638 2
1639 6
1640 7
1641 1
1642 0
1643 1
1644 0
1645 11
1646 26
1647 5
1648 5
1649 3
1650 2
1651 6
1652 20
1653 0
1654 2
1655 8
1656 8
1657 2
1658 4
1659 6
1660 2
1661 3
1662 4
1663 1
1664 4
1665 6
1666 3
1667 9
1668 8
1669 0
1670 2
1671 2
1672 0
1673 0
1674 0
1675 0
1676 0
1677 22
1678 13
1679 13
1680 11
1681 5
1682 9
1683 6
1684 3
1685 9
1686 4
1687 2
1688 3
1689 4
1690 3
1691 3
1692 1
1693 3
1694 4
1695 1
1696 1
1697 0
1698 0
1699 0
1700 0
1701 9
1702 0
1703 3
1704 0
1705 0
1706 0
1707 2
1708 0
1709 3
1710 19
1711 4
1712 3
1713 3
1714 3
1715 7
1716 4
1717 5
1718 1
1719 4
1720 0
1721 1
1722 0
1723 0
1724 1
1725 0
1726 3
1727 1
1728 8
1729 4
1730 0
1731 1
1732 0
1733 4
1734 1
1735 0
1736 1
1737 4
1738 8
1739 8
1740 4
1741 3
1742 6
1743 0
1744 2
1745 7
1746 3
1747 0
1748 0
1749 1
1750 1
1751 4
1752 5
1753 0
1754 0
1755 1
1756 1
1757 2
1758 1
1759 0
1760 0
1761 8
1762 1
1763 2
1764 2
1765 4
1766 2
1767 6
1768 3
1769 0
1770 0
1771 2
1772 3
1773 6
1774 3
1775 1
1776 2
1777 4
1778 5
1779 0
1780 0
1781 0
1782 4
1783 0
1784 1
1785 1
1786 0
1787 6
1788 4
1789 0
1790 3
1791 0
1792 5
1793 3
1794 0
1795 0
1796 0
1797 9
1798 10
1799 16
1800 12
1801 2
1802 4
1803 2
1804 1
1805 14
1806 10
1807 2
1808 2
1809 0
1810 3
1811 1
1812 1
1813 1
1814 2
1815 1
1816 1
1817 0
1818 2
1819 0
1820 3
1821 3
1822 1
1823 1
1824 7
1825 2
1826 0
1827 1
1828 2
1829 7
1830 0
1831 5
1832 1
1833 5
1834 1
1835 5
1836 3
1837 0
1838 1
1839 1
1840 3
1841 2
1842 1
1843 3
1844 12
1845 7
1846 2
1847 1
1848 4
1849 9
1850 1
1851 0
1852 0
1853 4
1854 1
1855 4
1856 2
1857 0
1858 8
1859 9
1860 1
1861 7
1862 4
1863 0
1864 4
1865 1
1866 1
1867 22
1868 4
1869 3
1870 0
1871 3
1872 11
1873 4
1874 2
1875 0
1876 0
1877 1
1878 2
1879 2
1880 0
1881 3
1882 10
1883 8
1884 5
1885 1
1886 0
1887 1
1888 0
1889 3
1890 6
1891 2
1892 3
1893 1
1894 12
1895 17
1896 5
1897 2
1898 1
1899 0
1900 8
1901 5
1902 0
1903 10
1904 2
1905 5
1906 4
1907 3
1908 4
1909 2
1910 3
1911 4
1912 8
1913 5
1914 1
1915 0
1916 0
1917 4
1918 2
1919 6
1920 1
1921 3
1922 0
1923 4
1924 2
1925 5
1926 0
1927 0
1928 0
1929 1
1930 2
1931 4
1932 1
1933 0
1934 1
1935 3
1936 6
1937 0
1938 0
1939 0
1940 4
1941 3
1942 11
1943 8
1944 0
1945 2
1946 1
1947 0
1948 2
1949 0
1950 0
1951 5
1952 2
1953 5
1954 1
1955 8
1956 3
1957 3
1958 4
1959 2
1960 1
1961 0
1962 0
1963 1
1964 8
1965 11
1966 1
1967 4
1968 7
1969 2
1970 1
1971 5
1972 9
1973 0
1974 2
1975 6
1976 2
1977 0
1978 0
1979 0
1980 5
1981 8
1982 3
1983 0
1984 1
1985 7
1986 3
1987 0
1988 0
1989 5
1990 3
1991 5
1992 3
1993 1
1994 3
1995 6
1996 13
1997 5
1998 1
1999 4
2000 3
2001 0
2002 0
2003 2
2004 10
2005 4
2006 1
2007 3
2008 3
2009 3
2010 4
2011 2
2012 0
2013 0
2014 3
2015 4
2016 6
2017 8
2018 0
2019 9
2020 1
2021 1
2022 1
2023 8
2024 11
2025 0
2026 0
2027 1
2028 1
2029 1
2030 3
2031 7
2032 3
2033 1
2034 3
2035 6
2036 10
2037 3
2038 3
2039 1
2040 2
2041 2
2042 2
2043 4
2044 1
2045 3
2046 1
2047 3
2048 7
2049 9
2050 4
2051 4
2052 0
2053 0
2054 5
2055 13
2056 1
2057 2
2058 2
2059 2
2060 3
2061 5
2062 3
2063 2
2064 1
2065 0
2066 6
2067 4
2068 0
2069 6
2070 0
2071 2
2072 8
2073 5
2074 4
2075 6
2076 6
2077 1
2078 0
2079 0
2080 2
2081 7
2082 4
2083 4
2084 2
2085 0
2086 5
2087 2
2088 5
2089 2
2090 2
2091 1
2092 1
2093 1
2094 4
2095 10
2096 4
2097 13
2098 5
2099 4
2100 2
2101 1
2102 0
2103 12
2104 6
2105 3
2106 0
2107 0
2108 2
2109 0
2110 5
2111 4
2112 7
2113 3
2114 3
2115 5
2116 2
2117 2
2118 11
2119 9
2120 1
2121 1
2122 0
2123 0
2124 7
2125 1
2126 4
2127 4
2128 6
2129 3
2130 3
2131 6
2132 10
2133 1
2134 0
2135 0
2136 0
2137 4
2138 9
2139 2
2140 0
2141 0
2142 0
2143 0
2144 6
2145 8
2146 3
2147 1
2148 10
2149 2
2150 8
2151 1
2152 7
2153 7
2154 5
2155 1
2156 0
2157 0
2158 0
2159 2
2160 8
2161 8
2162 0
2163 0
2164 0
2165 6
2166 4
2167 2
2168 1
2169 3
2170 1
2171 0
2172 6
2173 2
2174 0
2175 2
2176 0
2177 3
2178 0
2179 3
2180 1
2181 3
2182 1
2183 3
2184 0
2185 0
2186 0
2187 3
2188 1
2189 1
2190 7
2191 1
2192 1
2193 6
2194 1
2195 0
2196 0
2197 0
2198 0
2199 2
2200 1
2201 3
2202 5
2203 4
2204 0
2205 5
2206 4
2207 2
2208 0
2209 1
2210 3
2211 5
2212 9
2213 7
2214 2
2215 1
2216 0
2217 0
2218 0
2219 1
2220 3
2221 0
2222 0
2223 2
2224 4
2225 0
2226 0
2227 7
2228 5
2229 5
2230 7
2231 0
2232 1
2233 3
2234 0
2235 0
2236 0
2237 0
2238 0
2239 0
2240 0
2241 0
2242 0
2243 6
2244 4
2245 0
2246 0
2247 8
2248 11
2249 1
2250 6
2251 3
2252 0
2253 1
2254 7
2255 6
2256 4
2257 1
2258 0
2259 0
2260 2
2261 1
2262 0
2263 0
2264 0
2265 3
2266 8
2267 7
2268 7
2269 8
2270 10
2271 6
2272 0
2273 0
2274 11
2275 7
2276 4
2277 10
2278 2
2279 0
2280 0
2281 8
2282 8
2283 1
2284 0
2285 0
2286 4
2287 1
2288 1
2289 1
2290 6
2291 11
2292 0
2293 0
2294 7
2295 7
2296 1
2297 2
2298 1
2299 0
2300 1
2301 5
2302 3
2303 0
2304 1
2305 0
2306 0
2307 2
2308 8
2309 2
2310 2
2311 3
2312 1
2313 1
2314 3
2315 2
2316 7
2317 2
2318 0
2319 0
2320 7
2321 4
2322 4
2323 0
2324 0
2325 0
2326 6
2327 14
2328 2
2329 0
2330 1
2331 0
2332 1
2333 1
2334 13
2335 14
2336 2
2337 0
2338 1
2339 5
2340 3
2341 1
2342 0
2343 0
2344 2
2345 7
2346 2
2347 4
2348 0
2349 2
2350 5
2351 6
2352 6
2353 8
2354 5
2355 0
2356 5
2357 1
2358 0
2359 0
2360 0
2361 0
2362 0
2363 8
2364 7
2365 1
2366 7
2367 6
2368 1
2369 3
2370 6
2371 2
2372 1
2373 1
2374 0
2375 4
2376 6
2377 0
2378 0
2379 0
2380 0
2381 0
2382 7
2383 3
2384 1
2385 8
2386 2
2387 8
2388 8
2389 7
2390 7
2391 10
2392 0
2393 1
2394 8
2395 4
2396 1
2397 0
2398 7
2399 0
2400 0
2401 3
2402 22
2403 1
2404 0
2405 5
2406 6
2407 6
2408 3
2409 3
2410 1
2411 6
2412 4
2413 1
2414 0
2415 0
2416 0
2417 1
2418 0
2419 5
2420 7
2421 7
2422 16
2423 1
2424 3
2425 5
2426 6
2427 9
2428 9
2429 1
2430 0
2431 2
2432 5
2433 0
2434 1
2435 2
2436 3
2437 1
2438 8
2439 0
2440 5
2441 10
2442 7
2443 2
2444 3
2445 3
2446 0
2447 0
2448 0
2449 3
2450 0
2451 1
2452 0
2453 0
2454 2
2455 1
2456 4
2457 5
2458 0
2459 3
2460 0
2461 0
2462 0
2463 0
2464 1
2465 17
2466 2
2467 0
2468 1
2469 1
2470 1
2471 1
2472 1
2473 0
2474 0
2475 0
2476 0
2477 0
2478 4
2479 0
2480 1
2481 1
2482 0
2483 1
2484 2
2485 2
2486 2
2487 5
2488 0
2489 0
2490 0
2491 0
2492 0
2493 0
2494 1
2495 4
2496 1
2497 2
2498 0
2499 1
2500 1
2501 1
2502 1
2503 6
2504 0
2505 0
2506 0
2507 0
2508 0
2509 1
2510 0
2511 1
2512 0
2513 1
2514 0
2515 0
2516 0
2517 0
2518 0
2519 0
2520 0
2521 0
2522 0
2523 1
2524 0
2525 0
2526 3
2527 0
2528 0
2529 0
2530 0
2531 0
2532 0
2533 0
2534 5
2535 7
2536 0
2537 2
2538 1
2539 0
2540 0
2541 0
2542 9
2543 1
2544 2
2545 5
2546 0
2547 0
2548 1
2549 0
2550 0
2551 0
2552 1
2553 4
2554 1
2555 0
2556 0
2557 0
2558 0
2559 0
2560 3
2561 1
2562 0
2563 2
2564 0
2565 0
2566 1
2567 0
2568 0
2569 0
2570 0
2571 0
2572 0
2573 1
2574 0
2575 3
2576 0
2577 0
2578 0
2579 0
2580 0
2581 0
2582 0
2583 0
2584 0
2585 0
2586 0
2587 0
2588 0
2589 0
2590 0
2591 0
2592 0
2593 0
2594 0
2595 0
2596 0
2597 0
2598 0
