0 1551
1 30
2 161
3 65
4 482
5 962
6 58
7 69
8 29
9 75
10 381
11 1342
12 212
13 903
14 2276
15 925
16 1491
17 311
18 196
19 3904
20 30
21 586
22 293
23 2570
24 16
25 938
26 84
27 110
28 73
29 273
30 47
31 138
32 26
33 897
34 152
35 1482
36 125
37 423
38 250
39 270
40 531
41 174
42 206
43 161
44 2135
45 40
46 139
47 85
48 184
49 1746
50 893
51 257
52 1613
53 1628
54 1467
55 153
56 266
57 1127
58 1578
59 152
60 366
61 1913
62 1636
63 191
64 247
65 3824
66 428
67 1418
68 676
69 77
70 293
71 310
72 111
73 74
74 1578
75 2574
76 117
77 1170
78 2666
79 2613
80 272
81 73
82 1054
83 537
84 173
85 79
86 1116
87 3877
88 3273
89 107
90 90
91 115
92 217
93 1231
94 366
95 17
96 336
97 1777
98 432
99 2054
100 49
101 165
102 1248
103 1411
104 318
105 604
106 1979
107 608
108 1728
109 1532
110 120
111 639
112 850
113 314
114 1173
115 570
116 1887
117 343
118 199
119 866
120 37
121 817
122 3352
123 934
124 332
125 77
126 268
127 301
128 423
129 848
130 387
131 843
132 219
133 8
134 146
135 2906
136 1521
137 6683
138 478
139 459
140 2442
141 2183
142 418
143 371
144 60
145 118
146 1765
147 411
148 2284
149 1355
150 606
151 0
152 33
153 705
154 513
155 809
156 336
157 604
158 5853
159 791
160 347
161 474
162 48
163 1008
164 1025
165 1493
166 2049
167 1112
168 620
169 450
170 2675
171 1597
172 661
173 433
174 2389
175 4609
176 3040
177 376
178 845
179 39
180 2759
181 253
182 6491
183 3287
184 1379
185 1016
186 5241
187 4718
188 2523
189 336
190 550
191 34
192 50
193 102
194 67
195 33
196 2500
197 1481
198 191
199 2095
200 1663
201 1452
202 520
203 2552
204 1529
205 3610
206 5754
207 1282
208 829
209 56
210 4020
211 122
212 512
213 1222
214 11
215 3010
216 202
217 758
218 989
219 4579
220 1010
221 3464
222 3487
223 2953
224 5329
225 2921
226 2490
227 484
228 44
229 487
230 129
231 53
232 6
233 312
234 0
235 445
236 4
237 45
238 1484
239 6323
240 232
241 6125
242 3659
243 550
244 3942
245 927
246 1515
247 82
248 983
249 682
250 551
251 168
252 332
253 8
254 158
255 665
256 9192
257 3091
258 586
259 84
260 14
261 17
262 200
263 1649
264 254
265 634
266 167
267 570
268 263
269 33
270 950
271 2141
272 658
273 3
274 293
275 234
276 258
277 169
278 469
279 1589
280 204
281 53
282 786
283 5815
284 168
285 195
286 591
287 520
288 628
289 309
290 4916
291 1147
292 6977
293 2439
294 111
295 1335
296 1867
297 699
298 979
299 471
300 1211
301 921
302 1514
303 1180
304 6142
305 1810
306 1409
307 2992
308 22
309 1550
310 1194
311 1718
312 2311
313 386
314 392
315 2199
316 1894
317 2391
318 5103
319 204
320 828
321 1055
322 280
323 451
324 32
325 122
326 487
327 220
328 89
329 46
330 244
331 1316
332 406
333 2773
334 3470
335 3013
336 344
337 1263
338 4445
339 2634
340 25
341 138
342 199
343 49
344 238
345 116
346 847
347 172
348 2539
349 838
350 1165
351 4991
352 856
353 184
354 29
355 84
356 92
357 1339
358 43
359 1472
360 1607
361 3973
362 5711
363 173
364 7
365 28
366 494
367 803
368 1801
369 2073
370 775
371 529
372 520
373 739
374 432
375 500
376 1187
377 65
378 303
379 1345
380 1395
381 48
382 1243
383 80
384 1146
385 1817
386 31
387 56
388 1492
389 2023
390 3442
391 2228
392 3618
393 136
394 2063
395 950
396 3936
397 1265
398 20
399 2606
400 159
401 1133
402 588
403 644
404 1921
405 1541
406 3539
407 2698
408 819
409 82
410 326
411 686
412 1131
413 4909
414 3153
415 229
416 589
417 1170
418 208
419 874
420 426
421 189
422 2101
423 2012
424 2842
425 1205
426 968
427 419
428 1759
429 110
430 3933
431 230
432 376
433 721
434 93
435 244
436 3378
437 4932
438 6411
439 2468
440 3715
441 3270
442 1443
443 5288
444 846
445 730
446 625
447 166
448 2520
449 901
450 1945
451 1139
452 1877
453 3273
454 3632
455 532
456 2298
457 4617
458 2945
459 31
460 124
461 3312
462 2605
463 1563
464 1718
465 1246
466 251
467 2665
468 1656
469 3495
470 4246
471 4534
472 2955
473 1719
474 3174
475 1093
476 253
477 454
478 161
479 613
480 390
481 649
482 995
483 179
484 2398
485 826
486 1400
487 1953
488 835
489 3673
490 994
491 651
492 3674
493 6747
494 647
495 1466
496 855
497 429
498 3901
499 1181
500 1233
501 1116
502 940
503 379
504 173
505 1254
506 1992
507 286
508 220
509 5660
510 481
511 751
512 2579
513 4421
514 1700
515 2721
516 1431
517 1022
518 80
519 1016
520 4624
521 3721
522 139
523 737
524 882
525 106
526 80
527 370
528 1563
529 395
530 275
531 480
532 3273
533 3085
534 377
535 2592
536 2770
537 407
538 421
539 2137
540 362
541 651
542 306
543 2540
544 2664
545 144
546 1462
547 18
548 2016
549 118
550 1013
551 277
552 2668
553 2695
554 4128
555 3645
556 727
557 357
558 948
559 1943
560 547
561 1533
562 654
563 87
564 68
565 53
566 3
567 485
568 231
569 101
570 448
571 1906
572 1210
573 797
574 284
575 2072
576 612
577 976
578 1237
579 784
580 302
581 89
582 199
583 973
584 1774
585 1546
586 1231
587 443
588 2574
589 5448
590 179
591 113
592 1135
593 144
594 192
595 570
596 458
597 288
598 2960
599 4264
600 2883
601 6317
602 1280
603 1010
604 684
605 460
606 1389
607 1336
608 2579
609 723
610 1863
611 1020
612 2985
613 1873
614 4548
615 3127
616 2802
617 75
618 246
619 136
620 424
621 56
622 983
623 508
624 569
625 3582
626 1664
627 4554
628 2889
629 2277
630 3777
631 584
632 905
633 723
634 1096
635 704
636 1732
637 113
638 856
639 1916
640 269
641 1736
642 1485
643 4128
644 892
645 3178
646 1751
647 257
648 260
649 29
650 23
651 1095
652 1604
653 806
654 712
655 974
656 632
657 250
658 3177
659 2172
660 224
661 1486
662 190
663 2173
664 476
665 212
666 1868
667 1423
668 133
669 774
670 1292
671 3007
672 364
673 215
674 406
675 116
676 2267
677 3030
678 2160
679 1235
680 3512
681 2933
682 163
683 693
684 439
685 1277
686 321
687 48
688 67
689 773
690 3513
691 2072
692 1298
693 63
694 402
695 503
696 517
697 345
698 293
699 1219
700 728
701 883
702 1484
703 147
704 401
705 2643
706 3850
707 1645
708 162
709 1750
710 122
711 27
712 297
713 247
714 8
715 262
716 1425
717 5155
718 2449
719 1965
720 4952
721 1082
722 640
723 59
724 892
725 521
726 1160
727 826
728 726
729 1834
730 1153
731 2483
732 426
733 1076
734 1394
735 604
736 1843
737 1319
738 3235
739 3463
740 1307
741 890
742 94
743 558
744 2486
745 128
746 34
747 36
748 2098
749 804
750 5592
751 245
752 2504
753 682
754 1999
755 174
756 899
757 425
758 802
759 3160
760 1581
761 457
762 1370
763 472
764 3981
765 1271
766 1196
767 1095
768 56
769 606
770 4005
771 539
772 266
773 0
774 879
775 1542
776 933
777 996
778 899
779 126
780 45
781 292
782 969
783 507
784 1363
785 683
786 2384
787 1555
788 315
789 3242
790 426
791 408
792 835
793 1885
794 1787
795 0
796 1905
797 2400
798 1122
799 599
800 285
801 15
802 630
803 46
804 137
805 120
806 3691
807 1525
808 891
809 2566
810 1451
811 368
812 1124
813 1156
814 333
815 123
816 1
817 8
818 693
819 2727
820 2960
821 2967
822 1212
823 1715
824 368
825 1198
826 496
827 2379
828 1507
829 788
830 658
831 1060
832 1511
833 1862
834 1903
835 846
836 1311
837 577
838 542
839 224
840 42
841 296
842 219
843 0
844 779
845 1355
846 1334
847 2354
848 1449
849 398
850 1988
851 71
852 1764
853 409
854 155
855 1200
856 430
857 2333
858 2115
859 388
860 434
861 924
862 1935
863 555
864 817
865 1234
866 342
867 1119
868 277
869 282
870 581
871 171
872 57
873 226
874 13
875 25
876 313
877 3497
878 1374
879 1071
880 4544
881 2986
882 480
883 343
884 1718
885 216
886 362
887 311
888 1061
889 5307
890 486
891 488
892 1295
893 571
894 473
895 957
896 599
897 1171
898 359
899 196
900 0
901 52
902 456
903 5824
904 2659
905 562
906 2499
907 3376
908 2633
909 105
910 282
911 1902
912 69
913 119
914 819
915 2270
916 148
917 894
918 2146
919 604
920 2235
921 2733
922 897
923 177
924 496
925 143
926 405
927 1032
928 3
929 108
930 1446
931 4306
932 1429
933 4491
934 1995
935 3156
936 536
937 375
938 1864
939 721
940 2847
941 1122
942 4
943 208
944 2305
945 3034
946 1014
947 80
948 26
949 2008
950 1380
951 142
952 1136
953 2579
954 1120
955 4287
956 4852
957 1014
958 586
959 1634
960 888
961 145
962 465
963 1591
964 1861
965 396
966 1370
967 1076
968 1298
969 3217
970 1325
971 74
972 1132
973 2429
974 829
975 1484
976 297
977 148
978 5735
979 890
980 5019
981 5220
982 1010
983 521
984 3224
985 2784
986 768
987 253
988 19
989 53
990 170
991 443
992 614
993 3872
994 2038
995 614
996 1065
997 337
998 592
999 1212
1000 527
1001 1361
1002 2394
1003 56
1004 13
1005 71
1006 34
1007 2185
1008 3927
1009 17
1010 652
1011 346
1012 185
1013 8
1014 26
1015 59
1016 1049
1017 3029
1018 304
1019 2527
1020 2146
1021 3585
1022 2276
1023 936
1024 1285
1025 453
1026 1725
1027 4410
1028 868
1029 336
1030 354
1031 2241
1032 83
1033 188
1034 770
1035 1311
1036 705
1037 342
1038 3530
1039 2118
1040 3136
1041 1851
1042 123
1043 1094
1044 459
1045 801
1046 1582
1047 1208
1048 1647
1049 243
1050 299
1051 22
1052 58
1053 70
1054 182
1055 561
1056 807
1057 1212
1058 1959
1059 3265
1060 3104
1061 774
1062 10
1063 176
1064 0
1065 264
1066 191
1067 909
1068 294
1069 780
1070 773
1071 391
1072 2926
1073 1038
1074 2204
1075 234
1076 311
1077 29
1078 1319
1079 193
1080 2424
1081 1411
1082 550
1083 1076
1084 984
1085 375
1086 35
1087 192
1088 70
1089 82
1090 2402
1091 3694
1092 2935
1093 3917
1094 1955
1095 296
1096 698
1097 254
1098 860
1099 4321
1100 144
1101 288
1102 336
1103 659
1104 208
1105 426
1106 4269
1107 4230
1108 803
1109 70
1110 8284
1111 2145
1112 250
1113 1586
1114 2713
1115 284
1116 58
1117 368
1118 403
1119 3171
1120 2729
1121 2504
1122 376
1123 144
1124 678
1125 115
1126 816
1127 34
1128 1021
1129 1643
1130 103
1131 66
1132 23
1133 1275
1134 726
1135 445
1136 9
1137 13
1138 34
1139 2071
1140 8678
1141 5182
1142 1922
1143 67
1144 228
1145 26
1146 538
1147 12
1148 135
1149 3076
1150 5041
1151 413
1152 540
1153 708
1154 1235
1155 4070
1156 2728
1157 1974
1158 550
1159 268
1160 549
1161 196
1162 1088
1163 17
1164 120
1165 21
1166 866
1167 1238
1168 2925
1169 453
1170 2862
1171 46
1172 40
1173 481
1174 137
1175 191
1176 1966
1177 4199
1178 600
1179 3501
1180 346
1181 2269
1182 1665
1183 3251
1184 1243
1185 2689
1186 1573
1187 1032
1188 191
1189 70
1190 62
1191 1331
1192 1392
1193 88
1194 335
1195 107
1196 387
1197 114
1198 1146
1199 1181
1200 635
1201 101
1202 63
1203 3454
1204 261
1205 131
1206 577
1207 128
1208 967
1209 559
1210 2428
1211 2161
1212 5184
1213 359
1214 1385
1215 2845
1216 1278
1217 5106
1218 2577
1219 434
1220 1687
1221 962
1222 382
1223 1172
1224 1027
1225 313
1226 785
1227 267
1228 1324
1229 2267
1230 832
1231 113
1232 690
1233 1310
1234 1534
1235 4614
1236 924
1237 1163
1238 1666
1239 64
1240 625
1241 26
1242 196
1243 1776
1244 76
1245 878
1246 558
1247 1684
1248 3953
1249 5787
1250 379
1251 2477
1252 4009
1253 5166
1254 8263
1255 1232
1256 963
1257 350
1258 2346
1259 269
1260 905
1261 337
1262 965
1263 1100
1264 2786
1265 2102
1266 1381
1267 415
1268 124
1269 130
1270 191
1271 599
1272 1069
1273 1103
1274 6944
1275 3163
1276 301
1277 593
1278 668
1279 854
1280 108
1281 133
1282 67
1283 74
1284 45
1285 39
1286 1818
1287 3719
1288 1032
1289 3112
1290 2665
1291 2819
1292 1351
1293 1612
1294 21265
1295 7569
1296 835
1297 207
1298 998
1299 2516
1300 430
1301 32
1302 616
1303 1291
1304 3996
1305 838
1306 514
1307 2435
1308 1798
1309 1525
1310 375
1311 1254
1312 41
1313 39
1314 72
1315 3429
1316 3005
1317 3185
1318 4162
1319 3827
1320 3764
1321 6759
1322 3881
1323 546
1324 458
1325 1063
1326 258
1327 450
1328 31
1329 818
1330 393
1331 1070
1332 4361
1333 1205
1334 338
1335 971
1336 868
1337 2851
1338 2151
1339 7383
1340 9836
1341 1637
1342 646
1343 2557
1344 3060
1345 693
1346 459
1347 402
1348 262
1349 779
1350 3905
1351 314
1352 169
1353 3571
1354 437
1355 1830
1356 1721
1357 471
1358 593
1359 2076
1360 301
1361 42
1362 56
1363 1564
1364 5234
1365 6199
1366 1346
1367 1736
1368 1799
1369 4041
1370 2943
1371 2921
1372 29
1373 388
1374 55
1375 48
1376 200
1377 346
1378 1019
1379 4056
1380 4392
1381 558
1382 716
1383 819
1384 1842
1385 976
1386 2655
1387 7495
1388 2374
1389 381
1390 2576
1391 2155
1392 483
1393 605
1394 331
1395 1234
1396 1197
1397 971
1398 25
1399 420
1400 2714
1401 1706
1402 1439
1403 1893
1404 1607
1405 684
1406 743
1407 2091
1408 2099
1409 2384
1410 2043
1411 834
1412 740
1413 3
1414 438
1415 230
1416 1815
1417 2568
1418 1681
1419 4138
1420 1946
1421 5142
1422 1282
1423 128
1424 487
1425 102
1426 473
1427 1935
1428 5660
1429 7700
1430 4531
1431 6131
1432 4370
1433 1865
1434 2260
1435 2762
1436 2029
1437 4597
1438 111
1439 34
1440 1263
1441 1260
1442 7206
1443 1211
1444 1273
1445 2786
1446 3888
1447 869
1448 1138
1449 646
1450 551
1451 4591
1452 880
1453 2738
1454 1611
1455 249
1456 1215
1457 4753
1458 201
1459 4754
1460 1483
1461 822
1462 469
1463 883
1464 55
1465 831
1466 1348
1467 1244
1468 369
1469 369
1470 137
1471 31
1472 258
1473 299
1474 288
1475 1511
1476 6880
1477 12659
1478 5019
1479 3884
1480 5106
1481 4261
1482 956
1483 3151
1484 2273
1485 38
1486 722
1487 292
1488 2276
1489 1776
1490 8072
1491 2025
1492 1078
1493 2084
1494 2401
1495 571
1496 3794
1497 4588
1498 598
1499 1612
1500 2824
1501 814
1502 1171
1503 537
1504 2056
1505 3579
1506 629
1507 1214
1508 3267
1509 708
1510 1226
1511 190
1512 287
1513 710
1514 4891
1515 1656
1516 950
1517 167
1518 9
1519 6
1520 91
1521 176
1522 234
1523 209
1524 2075
1525 7275
1526 5057
1527 14162
1528 10497
1529 7024
1530 2644
1531 110
1532 1177
1533 3925
1534 362
1535 2126
1536 1392
1537 1408
1538 2535
1539 1661
1540 148
1541 1916
1542 483
1543 1387
1544 7639
1545 4395
1546 4913
1547 2383
1548 802
1549 1716
1550 3439
1551 819
1552 830
1553 1478
1554 769
1555 971
1556 4258
1557 7777
1558 789
1559 936
1560 1651
1561 4922
1562 3178
1563 2933
1564 80
1565 251
1566 1359
1567 1381
1568 3683
1569 92
1570 176
1571 728
1572 10427
1573 20246
1574 6966
1575 717
1576 6897
1577 3119
1578 2100
1579 4611
1580 5745
1581 2060
1582 2687
1583 2055
1584 1389
1585 352
1586 87
1587 1122
1588 3472
1589 412
1590 6803
1591 2426
1592 1637
1593 1671
1594 1794
1595 5448
1596 3774
1597 520
1598 206
1599 592
1600 4923
1601 1688
1602 4973
1603 663
1604 449
1605 71
1606 246
1607 781
1608 18
1609 55
1610 111
1611 35
1612 1555
1613 1750
1614 1055
1615 182
1616 2394
1617 8876
1618 6816
1619 12248
1620 5508
1621 8978
1622 7533
1623 3009
1624 1963
1625 343
1626 5733
1627 3048
1628 1490
1629 3334
1630 1999
1631 1647
1632 2079
1633 1572
1634 2731
1635 956
1636 887
1637 1445
1638 1527
1639 1858
1640 3084
1641 793
1642 74
1643 207
1644 287
1645 5772
1646 9933
1647 1941
1648 3615
1649 1647
1650 1098
1651 3544
1652 8803
1653 313
1654 1269
1655 3937
1656 4026
1657 1050
1658 1754
1659 2706
1660 1302
1661 1689
1662 1784
1663 513
1664 1810
1665 2869
1666 2016
1667 4548
1668 4020
1669 112
1670 947
1671 1010
1672 28
1673 221
1674 86
1675 146
1676 125
1677 9886
1678 6850
1679 5270
1680 5684
1681 2173
1682 3134
1683 3073
1684 1727
1685 3887
1686 2475
1687 1024
1688 1483
1689 2222
1690 906
1691 2390
1692 631
1693 1470
1694 2340
1695 186
1696 1026
1697 257
1698 541
1699 730
1700 316
1701 4897
1702 568
1703 1539
1704 16
1705 71
1706 392
1707 1261
1708 94
1709 1792
1710 9197
1711 2840
1712 1742
1713 1356
1714 1414
1715 4008
1716 2672
1717 2076
1718 618
1719 1262
1720 193
1721 1496
1722 384
1723 342
1724 665
1725 445
1726 1319
1727 946
1728 3348
1729 2755
1730 206
1731 426
1732 167
1733 1213
1734 544
1735 109
1736 877
1737 1983
1738 3700
1739 3494
1740 2172
1741 798
1742 2888
1743 368
1744 1496
1745 2430
1746 1134
1747 82
1748 273
1749 470
1750 776
1751 2268
1752 3103
1753 341
1754 185
1755 1022
1756 633
1757 823
1758 1288
1759 90
1760 72
1761 3328
1762 993
1763 1514
1764 1683
1765 1651
1766 981
1767 3534
1768 1902
1769 74
1770 362
1771 925
1772 1836
1773 3095
1774 1492
1775 1165
1776 1305
1777 1641
1778 3113
1779 82
1780 517
1781 26
1782 1833
1783 148
1784 609
1785 931
1786 145
1787 2265
1788 1164
1789 491
1790 1655
1791 101
1792 2415
1793 1097
1794 211
1795 14
1796 511
1797 3970
1798 3698
1799 7323
1800 5852
1801 1701
1802 2211
1803 567
1804 1295
1805 5615
1806 5296
1807 1262
1808 1502
1809 74
1810 1922
1811 962
1812 700
1813 826
1814 595
1815 750
1816 460
1817 116
1818 857
1819 283
1820 1670
1821 1177
1822 872
1823 1029
1824 4051
1825 1387
1826 410
1827 1359
1828 1903
1829 3140
1830 220
1831 2485
1832 725
1833 2378
1834 502
1835 3212
1836 1350
1837 318
1838 1206
1839 605
1840 994
1841 896
1842 403
1843 1336
1844 4233
1845 2963
1846 939
1847 1141
1848 2725
1849 4296
1850 529
1851 345
1852 556
1853 1844
1854 745
1855 2060
1856 1291
1857 503
1858 3453
1859 4200
1860 1153
1861 2756
1862 2829
1863 123
1864 1187
1865 453
1866 1260
1867 10901
1868 2539
1869 1354
1870 399
1871 1420
1872 4868
1873 2493
1874 778
1875 345
1876 378
1877 1091
1878 1446
1879 1032
1880 124
1881 2487
1882 4110
1883 4982
1884 2660
1885 1075
1886 427
1887 519
1888 85
1889 2242
1890 2406
1891 815
1892 1567
1893 1669
1894 6974
1895 7231
1896 2992
1897 749
1898 686
1899 553
1900 3171
1901 1911
1902 412
1903 4453
1904 1454
1905 2041
1906 1519
1907 2254
1908 1156
1909 1439
1910 1356
1911 1918
1912 3730
1913 1756
1914 416
1915 164
1916 297
1917 2241
1918 960
1919 2426
1920 909
1921 1908
1922 408
1923 2016
1924 1851
1925 2026
1926 345
1927 383
1928 449
1929 543
1930 1082
1931 1785
1932 641
1933 234
1934 850
1935 2142
1936 2557
1937 367
1938 322
1939 610
1940 2360
1941 2051
1942 5290
1943 4312
1944 610
1945 798
1946 956
1947 157
1948 1060
1949 764
1950 795
1951 2540
1952 1535
1953 2548
1954 1298
1955 3911
1956 582
1957 1375
1958 2004
1959 1129
1960 751
1961 292
1962 67
1963 421
1964 4268
1965 4670
1966 451
1967 2482
1968 4193
1969 1849
1970 907
1971 1797
1972 3931
1973 500
1974 1029
1975 2385
1976 911
1977 16
1978 222
1979 211
1980 2185
1981 4038
1982 1777
1983 440
1984 723
1985 3669
1986 1652
1987 206
1988 326
1989 2678
1990 1406
1991 1844
1992 1449
1993 698
1994 1668
1995 3673
1996 5836
1997 2068
1998 954
1999 2434
2000 2474
2001 113
2002 460
2003 1324
2004 3556
2005 1774
2006 876
2007 1344
2008 1035
2009 1470
2010 1651
2011 2220
2012 458
2013 369
2014 2540
2015 1934
2016 3623
2017 4543
2018 365
2019 3205
2020 1135
2021 955
2022 750
2023 3280
2024 5184
2025 145
2026 1272
2027 1092
2028 1208
2029 683
2030 2075
2031 3029
2032 1968
2033 690
2034 1932
2035 2877
2036 4220
2037 1547
2038 1295
2039 1043
2040 656
2041 558
2042 790
2043 3002
2044 618
2045 1318
2046 1139
2047 1223
2048 3528
2049 4311
2050 2800
2051 2710
2052 233
2053 286
2054 1786
2055 5908
2056 904
2057 1126
2058 1186
2059 1287
2060 1237
2061 2598
2062 1748
2063 1512
2064 417
2065 283
2066 2806
2067 1868
2068 95
2069 2959
2070 756
2071 1469
2072 3500
2073 3038
2074 1454
2075 2147
2076 3330
2077 785
2078 74
2079 374
2080 2098
2081 3774
2082 2561
2083 1950
2084 1301
2085 954
2086 2391
2087 1750
2088 2621
2089 2230
2090 1544
2091 964
2092 867
2093 1034
2094 1668
2095 5727
2096 1633
2097 6314
2098 3051
2099 1691
2100 796
2101 416
2102 89
2103 4318
2104 4134
2105 1781
2106 66
2107 93
2108 719
2109 539
2110 3005
2111 2071
2112 3247
2113 1768
2114 1174
2115 2107
2116 1396
2117 1225
2118 3795
2119 3895
2120 757
2121 861
2122 274
2123 317
2124 3364
2125 397
2126 2140
2127 2163
2128 3245
2129 1136
2130 1434
2131 3568
2132 4290
2133 540
2134 24
2135 416
2136 100
2137 2352
2138 4398
2139 1052
2140 416
2141 64
2142 88
2143 104
2144 2970
2145 3059
2146 1207
2147 607
2148 4270
2149 1919
2150 4761
2151 661
2152 2926
2153 3577
2154 2826
2155 908
2156 212
2157 334
2158 181
2159 1343
2160 3677
2161 3786
2162 21
2163 144
2164 732
2165 2943
2166 1520
2167 1126
2168 728
2169 1766
2170 636
2171 294
2172 2414
2173 1614
2174 127
2175 954
2176 98
2177 1832
2178 372
2179 795
2180 404
2181 985
2182 690
2183 1325
2184 453
2185 11
2186 60
2187 2102
2188 1021
2189 819
2190 2515
2191 1985
2192 821
2193 2853
2194 428
2195 154
2196 49
2197 441
2198 217
2199 1316
2200 828
2201 1563
2202 2015
2203 2879
2204 537
2205 2900
2206 2961
2207 743
2208 124
2209 1335
2210 1115
2211 2342
2212 4560
2213 3705
2214 629
2215 922
2216 142
2217 328
2218 202
2219 419
2220 1587
2221 49
2222 71
2223 813
2224 1929
2225 415
2226 308
2227 2941
2228 2326
2229 2157
2230 2707
2231 283
2232 1029
2233 1440
2234 87
2235 386
2236 153
2237 961
2238 338
2239 60
2240 16
2241 205
2242 159
2243 3387
2244 1617
2245 335
2246 660
2247 2567
2248 4585
2249 704
2250 3503
2251 1593
2252 478
2253 1206
2254 3789
2255 1746
2256 2433
2257 638
2258 119
2259 410
2260 2648
2261 427
2262 221
2263 87
2264 80
2265 862
2266 4570
2267 3524
2268 3096
2269 4372
2270 4310
2271 2342
2272 110
2273 537
2274 4972
2275 3660
2276 1709
2277 3778
2278 1088
2279 266
2280 188
2281 3102
2282 4254
2283 514
2284 0
2285 386
2286 2325
2287 560
2288 828
2289 825
2290 3669
2291 5159
2292 474
2293 84
2294 3955
2295 3286
2296 823
2297 1720
2298 1080
2299 123
2300 1659
2301 2591
2302 1345
2303 69
2304 758
2305 178
2306 507
2307 1340
2308 3814
2309 1257
2310 1228
2311 1263
2312 932
2313 879
2314 1746
2315 963
2316 4562
2317 1477
2318 32
2319 553
2320 3261
2321 1947
2322 1635
2323 0
2324 30
2325 437
2326 3893
2327 6306
2328 1168
2329 250
2330 397
2331 179
2332 754
2333 799
2334 5973
2335 7396
2336 904
2337 192
2338 914
2339 1986
2340 1703
2341 537
2342 16
2343 0
2344 1381
2345 2637
2346 1440
2347 2189
2348 336
2349 1262
2350 1804
2351 2906
2352 2527
2353 3927
2354 2280
2355 517
2356 1695
2357 607
2358 247
2359 20
2360 88
2361 50
2362 88
2363 3841
2364 3253
2365 423
2366 2783
2367 2171
2368 590
2369 1506
2370 2585
2371 1715
2372 1424
2373 858
2374 126
2375 1860
2376 2774
2377 67
2378 48
2379 361
2380 575
2381 178
2382 3561
2383 1897
2384 1276
2385 4600
2386 1291
2387 3291
2388 5660
2389 3246
2390 2157
2391 3890
2392 483
2393 522
2394 3617
2395 1270
2396 445
2397 101
2398 3158
2399 98
2400 361
2401 1980
2402 7459
2403 541
2404 1008
2405 2610
2406 3430
2407 2518
2408 1326
2409 1884
2410 1218
2411 2741
2412 1901
2413 391
2414 19
2415 753
2416 250
2417 484
2418 142
2419 2158
2420 3822
2421 3222
2422 7060
2423 983
2424 1814
2425 2151
2426 2955
2427 3638
2428 4694
2429 885
2430 60
2431 936
2432 2427
2433 21
2434 383
2435 1092
2436 1365
2437 713
2438 4477
2439 472
2440 1641
2441 3608
2442 3614
2443 1527
2444 1773
2445 1876
2446 308
2447 28
2448 21
2449 1582
2450 169
2451 519
2452 272
2453 179
2454 1306
2455 1306
2456 1965
2457 1734
2458 311
2459 1135
2460 259
2461 145
2462 15
2463 182
2464 1097
2465 6985
2466 1026
2467 35
2468 460
2469 519
2470 1106
2471 827
2472 728
2473 194
2474 68
2475 65
2476 0
2477 371
2478 1802
2479 145
2480 607
2481 836
2482 293
2483 811
2484 1229
2485 1722
2486 821
2487 2469
2488 420
2489 657
2490 108
2491 58
2492 14
2493 61
2494 741
2495 1551
2496 527
2497 1005
2498 219
2499 1213
2500 599
2501 495
2502 711
2503 3152
2504 153
2505 29
2506 236
2507 54
2508 84
2509 567
2510 336
2511 558
2512 458
2513 951
2514 5
2515 5
2516 270
2517 22
2518 4
2519 97
2520 459
2521 275
2522 391
2523 1080
2524 59
2525 27
2526 1597
2527 783
2528 23
2529 338
2530 514
2531 243
2532 88
2533 80
2534 2674
2535 3327
2536 454
2537 864
2538 1339
2539 210
2540 36
2541 249
2542 3727
2543 1017
2544 1284
2545 3116
2546 307
2547 124
2548 982
2549 457
2550 262
2551 129
2552 1108
2553 2078
2554 780
2555 33
2556 35
2557 256
2558 629
2559 496
2560 1747
2561 1518
2562 413
2563 1125
2564 332
2565 346
2566 692
2567 336
2568 325
2569 137
2570 359
2571 210
2572 6
2573 570
2574 46
2575 1450
2576 105
2577 100
2578 119
2579 67
2580 10
2581 10
2582 0
2583 0
2584 4
2585 0
2586 0
2587 2
2588 0
2589 0
2590 0
2591 0
2592 5
2593 0
2594 0
2595 0
2596 0
2597 0
2598 13
