0 0
1 0
2 2
3 0
4 5
5 12
6 0
7 0
8 0
9 1
10 4
11 16
12 0
13 10
14 29
15 14
16 20
17 3
18 1
19 48
20 0
21 9
22 3
23 33
24 0
25 13
26 0
27 0
28 0
29 4
30 1
31 2
32 0
33 11
34 0
35 17
36 1
37 4
38 3
39 2
40 8
41 1
42 2
43 0
44 22
45 0
46 1
47 0
48 1
49 23
50 12
51 2
52 21
53 19
54 20
55 2
56 4
57 14
58 16
59 2
60 5
61 25
62 16
63 1
64 2
65 0
66 4
67 17
68 7
69 0
70 2
71 4
72 3
73 1
74 16
75 35
76 2
77 16
78 38
79 35
80 0
81 0
82 12
83 6
84 1
85 0
86 13
87 47
88 42
89 1
90 2
91 2
92 3
93 14
94 3
95 0
96 3
97 22
98 5
99 25
100 0
101 2
102 15
103 16
104 3
105 6
106 22
107 9
108 20
109 26
110 1
111 7
112 0
113 2
114 19
115 7
116 25
117 3
118 3
119 11
120 0
121 15
122 39
123 10
124 3
125 1
126 2
127 4
128 5
129 0
130 4
131 9
132 2
133 0
134 0
135 39
136 19
137 85
138 5
139 5
140 29
141 33
142 3
143 0
144 0
145 3
146 23
147 5
148 29
149 16
150 7
151 0
152 0
153 7
154 6
155 12
156 3
157 7
158 69
159 10
160 5
161 7
162 0
163 16
164 11
165 15
166 24
167 15
168 7
169 4
170 35
171 20
172 5
173 5
174 33
175 59
176 39
177 4
178 11
179 0
180 37
181 2
182 80
183 40
184 20
185 11
186 62
187 64
188 30
189 4
190 5
191 0
192 0
193 2
194 0
195 0
196 30
197 16
198 3
199 26
200 22
201 14
202 6
203 36
204 21
205 41
206 69
207 16
208 11
209 1
210 45
211 0
212 6
213 14
214 0
215 35
216 1
217 9
218 12
219 61
220 13
221 38
222 42
223 39
224 56
225 35
226 29
227 5
228 1
229 6
230 1
231 0
232 0
233 3
234 0
235 3
236 0
237 0
238 22
239 77
240 2
241 78
242 44
243 9
244 50
245 9
246 20
247 1
248 12
249 6
250 6
251 2
252 3
253 0
254 1
255 9
256 118
257 36
258 5
259 0
260 0
261 0
262 2
263 21
264 3
265 6
266 1
267 6
268 2
269 0
270 10
271 31
272 9
273 0
274 4
275 2
276 1
277 2
278 5
279 20
280 2
281 0
282 12
283 0
284 2
285 2
286 7
287 6
288 7
289 4
290 66
291 13
292 84
293 28
294 0
295 13
296 25
297 10
298 9
299 5
300 14
301 11
302 19
303 16
304 72
305 27
306 18
307 39
308 0
309 21
310 16
311 22
312 29
313 4
314 6
315 26
316 0
317 36
318 63
319 0
320 7
321 12
322 3
323 4
324 0
325 0
326 7
327 3
328 0
329 0
330 3
331 17
332 3
333 40
334 45
335 39
336 4
337 16
338 52
339 35
340 0
341 1
342 3
343 0
344 3
345 0
346 10
347 0
348 32
349 9
350 12
351 66
352 12
353 3
354 0
355 0
356 2
357 15
358 0
359 17
360 21
361 43
362 68
363 3
364 0
365 0
366 5
367 10
368 28
369 22
370 10
371 9
372 7
373 11
374 3
375 5
376 15
377 0
378 2
379 21
380 17
381 0
382 0
383 0
384 16
385 21
386 0
387 0
388 23
389 31
390 41
391 24
392 44
393 2
394 24
395 11
396 50
397 0
398 0
399 33
400 0
401 13
402 8
403 10
404 0
405 17
406 43
407 33
408 11
409 0
410 5
411 5
412 13
413 55
414 40
415 2
416 6
417 16
418 0
419 12
420 2
421 3
422 26
423 24
424 33
425 16
426 13
427 4
428 19
429 0
430 0
431 2
432 4
433 0
434 0
435 3
436 37
437 65
438 80
439 31
440 48
441 45
442 20
443 69
444 12
445 10
446 6
447 2
448 31
449 10
450 25
451 14
452 22
453 41
454 44
455 0
456 27
457 55
458 33
459 0
460 2
461 42
462 32
463 20
464 17
465 15
466 0
467 31
468 20
469 42
470 57
471 58
472 32
473 18
474 44
475 12
476 3
477 5
478 1
479 7
480 4
481 11
482 13
483 1
484 36
485 12
486 16
487 23
488 8
489 46
490 9
491 10
492 41
493 89
494 5
495 15
496 10
497 4
498 45
499 12
500 14
501 13
502 11
503 6
504 2
505 15
506 29
507 4
508 3
509 67
510 5
511 7
512 27
513 62
514 22
515 38
516 14
517 14
518 0
519 12
520 55
521 47
522 2
523 8
524 9
525 1
526 2
527 3
528 18
529 5
530 2
531 6
532 41
533 42
534 0
535 35
536 41
537 3
538 6
539 24
540 4
541 7
542 2
543 31
544 33
545 0
546 17
547 0
548 26
549 1
550 14
551 4
552 32
553 35
554 47
555 48
556 10
557 5
558 13
559 25
560 4
561 21
562 6
563 0
564 0
565 1
566 0
567 5
568 2
569 1
570 5
571 28
572 15
573 11
574 5
575 28
576 6
577 11
578 12
579 8
580 3
581 0
582 3
583 14
584 22
585 21
586 16
587 0
588 28
589 66
590 0
591 1
592 12
593 1
594 1
595 5
596 3
597 2
598 51
599 53
600 30
601 72
602 15
603 13
604 8
605 4
606 18
607 15
608 31
609 8
610 24
611 12
612 37
613 22
614 56
615 39
616 40
617 0
618 3
619 0
620 6
621 0
622 0
623 5
624 6
625 37
626 21
627 61
628 36
629 26
630 47
631 8
632 10
633 8
634 18
635 7
636 22
637 1
638 13
639 26
640 3
641 23
642 19
643 54
644 12
645 39
646 23
647 2
648 0
649 0
650 0
651 16
652 19
653 9
654 7
655 14
656 9
657 3
658 38
659 29
660 2
661 17
662 2
663 26
664 5
665 0
666 24
667 17
668 1
669 11
670 17
671 38
672 4
673 4
674 4
675 0
676 26
677 34
678 30
679 0
680 39
681 33
682 1
683 9
684 8
685 15
686 4
687 0
688 0
689 11
690 40
691 27
692 15
693 0
694 5
695 6
696 8
697 5
698 4
699 18
700 8
701 7
702 18
703 1
704 4
705 35
706 47
707 21
708 0
709 20
710 1
711 0
712 4
713 4
714 0
715 2
716 19
717 64
718 31
719 24
720 63
721 15
722 8
723 0
724 13
725 5
726 17
727 11
728 9
729 22
730 14
731 31
732 5
733 14
734 16
735 6
736 0
737 17
738 41
739 48
740 11
741 9
742 0
743 5
744 31
745 2
746 0
747 0
748 27
749 7
750 72
751 1
752 33
753 7
754 22
755 1
756 9
757 5
758 7
759 38
760 20
761 6
762 18
763 7
764 49
765 17
766 16
767 14
768 0
769 8
770 54
771 4
772 3
773 0
774 10
775 20
776 11
777 10
778 11
779 1
780 0
781 0
782 12
783 7
784 16
785 7
786 29
787 20
788 4
789 36
790 4
791 7
792 8
793 26
794 23
795 0
796 25
797 30
798 19
799 6
800 4
801 0
802 7
803 0
804 0
805 1
806 48
807 22
808 13
809 28
810 14
811 3
812 16
813 12
814 3
815 1
816 0
817 0
818 7
819 32
820 36
821 37
822 19
823 24
824 4
825 15
826 7
827 28
828 20
829 7
830 9
831 15
832 14
833 24
834 19
835 8
836 13
837 4
838 6
839 4
840 0
841 3
842 2
843 0
844 9
845 0
846 18
847 25
848 21
849 0
850 25
851 0
852 21
853 4
854 1
855 14
856 7
857 25
858 20
859 3
860 6
861 13
862 26
863 6
864 9
865 0
866 3
867 14
868 5
869 3
870 6
871 3
872 0
873 3
874 0
875 0
876 4
877 43
878 19
879 15
880 60
881 37
882 4
883 5
884 21
885 2
886 4
887 4
888 11
889 70
890 6
891 6
892 13
893 5
894 6
895 12
896 6
897 15
898 6
899 1
900 0
901 0
902 5
903 71
904 36
905 5
906 34
907 38
908 32
909 1
910 4
911 25
912 0
913 2
914 9
915 30
916 1
917 9
918 27
919 8
920 24
921 38
922 11
923 2
924 7
925 2
926 6
927 13
928 0
929 0
930 11
931 0
932 20
933 55
934 26
935 38
936 6
937 3
938 20
939 8
940 32
941 15
942 0
943 2
944 27
945 39
946 14
947 1
948 0
949 25
950 18
951 1
952 14
953 35
954 17
955 55
956 60
957 13
958 10
959 20
960 13
961 1
962 7
963 18
964 20
965 3
966 18
967 15
968 16
969 36
970 16
971 1
972 12
973 30
974 12
975 16
976 3
977 0
978 67
979 12
980 67
981 73
982 11
983 7
984 41
985 32
986 0
987 4
988 0
989 0
990 2
991 4
992 9
993 55
994 24
995 6
996 17
997 4
998 0
999 15
1000 7
1001 19
1002 29
1003 1
1004 0
1005 0
1006 0
1007 27
1008 47
1009 0
1010 9
1011 5
1012 3
1013 0
1014 0
1015 0
1016 10
1017 32
1018 4
1019 30
1020 25
1021 42
1022 25
1023 11
1024 12
1025 3
1026 19
1027 55
1028 10
1029 4
1030 6
1031 30
1032 2
1033 3
1034 7
1035 15
1036 8
1037 5
1038 40
1039 24
1040 40
1041 25
1042 1
1043 13
1044 5
1045 8
1046 18
1047 18
1048 19
1049 3
1050 3
1051 0
1052 1
1053 0
1054 2
1055 5
1056 7
1057 15
1058 26
1059 39
1060 36
1061 7
1062 0
1063 2
1064 0
1065 4
1066 2
1067 9
1068 3
1069 10
1070 8
1071 6
1072 35
1073 18
1074 29
1075 4
1076 3
1077 0
1078 15
1079 2
1080 32
1081 18
1082 7
1083 11
1084 9
1085 4
1086 0
1087 2
1088 0
1089 0
1090 33
1091 45
1092 31
1093 52
1094 27
1095 4
1096 7
1097 2
1098 10
1099 60
1100 1
1101 3
1102 3
1103 9
1104 2
1105 3
1106 58
1107 53
1108 10
1109 0
1110 106
1111 31
1112 6
1113 20
1114 33
1115 0
1116 0
1117 5
1118 4
1119 43
1120 35
1121 28
1122 4
1123 1
1124 8
1125 1
1126 11
1127 0
1128 12
1129 19
1130 1
1131 0
1132 0
1133 15
1134 0
1135 5
1136 0
1137 0
1138 0
1139 23
1140 111
1141 66
1142 22
1143 0
1144 5
1145 0
1146 7
1147 0
1148 1
1149 41
1150 61
1151 5
1152 6
1153 11
1154 17
1155 47
1156 28
1157 28
1158 6
1159 1
1160 6
1161 4
1162 13
1163 0
1164 1
1165 0
1166 13
1167 13
1168 33
1169 5
1170 36
1171 0
1172 0
1173 5
1174 1
1175 1
1176 19
1177 50
1178 8
1179 44
1180 5
1181 28
1182 22
1183 42
1184 16
1185 31
1186 0
1187 14
1188 2
1189 0
1190 0
1191 19
1192 0
1193 0
1194 3
1195 0
1196 0
1197 2
1198 19
1199 18
1200 7
1201 1
1202 0
1203 39
1204 4
1205 1
1206 9
1207 1
1208 10
1209 6
1210 33
1211 25
1212 64
1213 5
1214 19
1215 31
1216 14
1217 61
1218 32
1219 6
1220 18
1221 12
1222 0
1223 0
1224 12
1225 2
1226 10
1227 2
1228 15
1229 28
1230 11
1231 0
1232 9
1233 16
1234 18
1235 56
1236 11
1237 15
1238 22
1239 0
1240 10
1241 0
1242 2
1243 24
1244 0
1245 12
1246 9
1247 24
1248 41
1249 70
1250 4
1251 29
1252 46
1253 63
1254 111
1255 16
1256 11
1257 7
1258 30
1259 3
1260 9
1261 2
1262 8
1263 9
1264 37
1265 25
1266 17
1267 4
1268 0
1269 1
1270 1
1271 9
1272 12
1273 16
1274 83
1275 41
1276 3
1277 7
1278 10
1279 8
1280 0
1281 2
1282 0
1283 0
1284 0
1285 0
1286 0
1287 42
1288 11
1289 38
1290 39
1291 30
1292 15
1293 19
1294 265
1295 89
1296 8
1297 0
1298 13
1299 32
1300 3
1301 0
1302 9
1303 13
1304 48
1305 10
1306 7
1307 33
1308 27
1309 22
1310 5
1311 15
1312 0
1313 0
1314 0
1315 48
1316 40
1317 40
1318 46
1319 49
1320 48
1321 82
1322 50
1323 6
1324 6
1325 10
1326 2
1327 4
1328 0
1329 11
1330 5
1331 15
1332 49
1333 17
1334 6
1335 14
1336 11
1337 26
1338 29
1339 90
1340 130
1341 19
1342 9
1343 32
1344 36
1345 8
1346 5
1347 5
1348 1
1349 9
1350 50
1351 0
1352 2
1353 42
1354 3
1355 23
1356 23
1357 5
1358 7
1359 24
1360 5
1361 0
1362 0
1363 17
1364 60
1365 77
1366 13
1367 25
1368 24
1369 50
1370 40
1371 37
1372 0
1373 7
1374 0
1375 0
1376 2
1377 5
1378 11
1379 53
1380 0
1381 7
1382 8
1383 10
1384 26
1385 12
1386 36
1387 90
1388 30
1389 4
1390 31
1391 24
1392 4
1393 8
1394 0
1395 15
1396 12
1397 11
1398 0
1399 0
1400 37
1401 18
1402 18
1403 24
1404 19
1405 7
1406 8
1407 26
1408 0
1409 31
1410 24
1411 10
1412 8
1413 0
1414 6
1415 3
1416 22
1417 34
1418 20
1419 58
1420 30
1421 66
1422 16
1423 1
1424 0
1425 1
1426 4
1427 26
1428 0
1429 98
1430 61
1431 81
1432 54
1433 24
1434 25
1435 33
1436 26
1437 56
1438 1
1439 0
1440 14
1441 13
1442 89
1443 12
1444 0
1445 36
1446 47
1447 13
1448 13
1449 9
1450 7
1451 57
1452 14
1453 36
1454 20
1455 0
1456 17
1457 59
1458 0
1459 58
1460 19
1461 12
1462 4
1463 13
1464 0
1465 8
1466 19
1467 0
1468 4
1469 4
1470 0
1471 0
1472 2
1473 4
1474 4
1475 20
1476 88
1477 148
1478 63
1479 46
1480 61
1481 54
1482 11
1483 42
1484 28
1485 0
1486 8
1487 3
1488 29
1489 27
1490 107
1491 22
1492 12
1493 27
1494 28
1495 6
1496 50
1497 58
1498 7
1499 21
1500 35
1501 8
1502 18
1503 6
1504 23
1505 48
1506 5
1507 12
1508 41
1509 9
1510 14
1511 2
1512 3
1513 7
1514 59
1515 18
1516 12
1517 1
1518 0
1519 0
1520 0
1521 2
1522 1
1523 2
1524 22
1525 90
1526 67
1527 0
1528 136
1529 96
1530 32
1531 1
1532 16
1533 49
1534 3
1535 28
1536 17
1537 17
1538 33
1539 21
1540 1
1541 28
1542 6
1543 18
1544 101
1545 56
1546 63
1547 27
1548 7
1549 21
1550 41
1551 8
1552 9
1553 17
1554 5
1555 13
1556 53
1557 95
1558 10
1559 9
1560 19
1561 64
1562 43
1563 34
1564 1
1565 4
1566 15
1567 16
1568 42
1569 1
1570 3
1571 10
1572 133
1573 242
1574 85
1575 9
1576 86
1577 37
1578 27
1579 57
1580 70
1581 25
1582 34
1583 33
1584 18
1585 4
1586 1
1587 15
1588 0
1589 3
1590 87
1591 32
1592 23
1593 22
1594 23
1595 72
1596 44
1597 6
1598 0
1599 10
1600 66
1601 18
1602 63
1603 7
1604 7
1605 0
1606 5
1607 10
1608 0
1609 0
1610 2
1611 0
1612 0
1613 26
1614 11
1615 3
1616 30
1617 0
1618 87
1619 157
1620 73
1621 116
1622 89
1623 42
1624 29
1625 3
1626 73
1627 40
1628 16
1629 44
1630 27
1631 22
1632 24
1633 0
1634 35
1635 12
1636 12
1637 17
1638 15
1639 24
1640 40
1641 8
1642 0
1643 1
1644 4
1645 65
1646 126
1647 22
1648 46
1649 14
1650 13
1651 43
1652 122
1653 4
1654 19
1655 51
1656 56
1657 11
1658 20
1659 42
1660 13
1661 27
1662 30
1663 4
1664 17
1665 35
1666 24
1667 53
1668 56
1669 0
1670 13
1671 14
1672 0
1673 3
1674 0
1675 0
1676 3
1677 118
1678 79
1679 64
1680 70
1681 26
1682 39
1683 41
1684 19
1685 53
1686 31
1687 15
1688 15
1689 29
1690 9
1691 32
1692 8
1693 19
1694 24
1695 2
1696 11
1697 3
1698 6
1699 6
1700 0
1701 60
1702 5
1703 19
1704 0
1705 0
1706 4
1707 17
1708 1
1709 23
1710 114
1711 37
1712 18
1713 15
1714 16
1715 47
1716 37
1717 26
1718 8
1719 12
1720 2
1721 17
1722 2
1723 4
1724 9
1725 3
1726 20
1727 11
1728 40
1729 30
1730 0
1731 5
1732 0
1733 17
1734 8
1735 0
1736 11
1737 21
1738 43
1739 45
1740 27
1741 12
1742 38
1743 3
1744 21
1745 31
1746 12
1747 1
1748 3
1749 5
1750 8
1751 27
1752 42
1753 5
1754 0
1755 14
1756 8
1757 9
1758 15
1759 2
1760 0
1761 45
1762 12
1763 18
1764 23
1765 20
1766 12
1767 41
1768 27
1769 0
1770 5
1771 13
1772 18
1773 36
1774 12
1775 14
1776 0
1777 23
1778 35
1779 1
1780 7
1781 0
1782 23
1783 0
1784 8
1785 10
1786 0
1787 30
1788 15
1789 5
1790 18
1791 1
1792 30
1793 13
1794 3
1795 0
1796 5
1797 49
1798 46
1799 93
1800 70
1801 25
1802 29
1803 7
1804 16
1805 65
1806 73
1807 16
1808 0
1809 0
1810 21
1811 11
1812 10
1813 9
1814 7
1815 9
1816 3
1817 1
1818 13
1819 3
1820 22
1821 15
1822 11
1823 14
1824 55
1825 16
1826 5
1827 17
1828 24
1829 40
1830 2
1831 0
1832 0
1833 33
1834 6
1835 36
1836 17
1837 3
1838 16
1839 6
1840 13
1841 12
1842 6
1843 14
1844 54
1845 35
1846 13
1847 12
1848 37
1849 56
1850 6
1851 5
1852 8
1853 22
1854 7
1855 23
1856 16
1857 6
1858 46
1859 51
1860 15
1861 33
1862 35
1863 1
1864 17
1865 6
1866 15
1867 148
1868 34
1869 16
1870 5
1871 15
1872 56
1873 33
1874 9
1875 4
1876 3
1877 17
1878 16
1879 16
1880 2
1881 0
1882 48
1883 55
1884 25
1885 9
1886 5
1887 7
1888 0
1889 25
1890 24
1891 10
1892 16
1893 18
1894 86
1895 91
1896 35
1897 9
1898 9
1899 9
1900 42
1901 20
1902 4
1903 65
1904 20
1905 29
1906 20
1907 25
1908 11
1909 16
1910 19
1911 22
1912 40
1913 21
1914 4
1915 2
1916 1
1917 30
1918 14
1919 28
1920 13
1921 27
1922 6
1923 25
1924 0
1925 21
1926 5
1927 3
1928 5
1929 6
1930 14
1931 23
1932 4
1933 0
1934 10
1935 22
1936 34
1937 3
1938 0
1939 7
1940 30
1941 24
1942 71
1943 60
1944 8
1945 10
1946 12
1947 0
1948 11
1949 10
1950 0
1951 0
1952 19
1953 33
1954 16
1955 55
1956 5
1957 17
1958 30
1959 14
1960 11
1961 4
1962 0
1963 6
1964 58
1965 53
1966 5
1967 35
1968 47
1969 21
1970 15
1971 22
1972 49
1973 7
1974 11
1975 30
1976 11
1977 0
1978 3
1979 2
1980 27
1981 46
1982 21
1983 5
1984 12
1985 52
1986 19
1987 2
1988 3
1989 30
1990 0
1991 25
1992 17
1993 9
1994 22
1995 50
1996 63
1997 24
1998 13
1999 29
2000 31
2001 0
2002 5
2003 16
2004 44
2005 22
2006 11
2007 0
2008 11
2009 20
2010 15
2011 28
2012 6
2013 6
2014 29
2015 27
2016 46
2017 56
2018 3
2019 39
2020 13
2021 13
2022 10
2023 46
2024 70
2025 2
2026 16
2027 13
2028 12
2029 6
2030 26
2031 42
2032 22
2033 11
2034 0
2035 38
2036 48
2037 21
2038 18
2039 15
2040 7
2041 7
2042 9
2043 39
2044 8
2045 16
2046 12
2047 15
2048 50
2049 54
2050 36
2051 34
2052 4
2053 5
2054 25
2055 66
2056 11
2057 13
2058 13
2059 16
2060 14
2061 36
2062 23
2063 20
2064 7
2065 2
2066 35
2067 22
2068 0
2069 42
2070 9
2071 18
2072 47
2073 40
2074 18
2075 28
2076 37
2077 11
2078 0
2079 4
2080 25
2081 49
2082 34
2083 24
2084 16
2085 10
2086 28
2087 20
2088 34
2089 30
2090 20
2091 14
2092 11
2093 13
2094 20
2095 71
2096 19
2097 77
2098 42
2099 22
2100 9
2101 6
2102 0
2103 51
2104 48
2105 22
2106 0
2107 1
2108 8
2109 5
2110 38
2111 29
2112 40
2113 23
2114 14
2115 29
2116 15
2117 16
2118 53
2119 54
2120 10
2121 12
2122 3
2123 2
2124 42
2125 4
2126 25
2127 24
2128 39
2129 13
2130 22
2131 46
2132 55
2133 10
2134 0
2135 4
2136 1
2137 30
2138 60
2139 14
2140 4
2141 0
2142 0
2143 1
2144 31
2145 39
2146 0
2147 5
2148 48
2149 28
2150 60
2151 8
2152 35
2153 45
2154 32
2155 13
2156 2
2157 2
2158 4
2159 17
2160 46
2161 41
2162 0
2163 1
2164 8
2165 37
2166 17
2167 13
2168 8
2169 20
2170 7
2171 3
2172 35
2173 20
2174 1
2175 11
2176 1
2177 23
2178 5
2179 8
2180 4
2181 13
2182 11
2183 16
2184 5
2185 0
2186 0
2187 25
2188 12
2189 12
2190 30
2191 0
2192 11
2193 39
2194 7
2195 1
2196 0
2197 4
2198 3
2199 14
2200 13
2201 20
2202 22
2203 35
2204 6
2205 38
2206 34
2207 10
2208 1
2209 14
2210 14
2211 27
2212 57
2213 44
2214 8
2215 11
2216 4
2217 4
2218 1
2219 5
2220 20
2221 0
2222 0
2223 15
2224 21
2225 6
2226 3
2227 0
2228 34
2229 26
2230 32
2231 4
2232 13
2233 21
2234 0
2235 3
2236 0
2237 10
2238 1
2239 0
2240 0
2241 2
2242 1
2243 39
2244 15
2245 4
2246 9
2247 34
2248 53
2249 8
2250 48
2251 21
2252 7
2253 13
2254 52
2255 25
2256 32
2257 11
2258 1
2259 3
2260 0
2261 6
2262 3
2263 0
2264 1
2265 7
2266 59
2267 52
2268 33
2269 60
2270 49
2271 33
2272 0
2273 6
2274 60
2275 43
2276 22
2277 44
2278 12
2279 3
2280 2
2281 41
2282 52
2283 5
2284 0
2285 4
2286 30
2287 7
2288 10
2289 11
2290 48
2291 65
2292 6
2293 0
2294 49
2295 43
2296 0
2297 20
2298 15
2299 1
2300 20
2301 36
2302 17
2303 0
2304 9
2305 0
2306 7
2307 18
2308 46
2309 15
2310 15
2311 14
2312 10
2313 10
2314 20
2315 11
2316 48
2317 18
2318 0
2319 10
2320 44
2321 21
2322 19
2323 0
2324 0
2325 5
2326 45
2327 82
2328 12
2329 4
2330 5
2331 2
2332 12
2333 10
2334 75
2335 103
2336 12
2337 2
2338 9
2339 22
2340 22
2341 6
2342 0
2343 0
2344 19
2345 34
2346 16
2347 32
2348 5
2349 19
2350 21
2351 37
2352 39
2353 42
2354 28
2355 7
2356 23
2357 4
2358 1
2359 0
2360 1
2361 0
2362 1
2363 49
2364 41
2365 5
2366 33
2367 0
2368 9
2369 17
2370 34
2371 19
2372 16
2373 13
2374 1
2375 22
2376 33
2377 0
2378 1
2379 4
2380 0
2381 2
2382 46
2383 24
2384 21
2385 52
2386 18
2387 46
2388 69
2389 37
2390 32
2391 55
2392 6
2393 6
2394 41
2395 16
2396 7
2397 1
2398 41
2399 0
2400 5
2401 18
2402 103
2403 7
2404 12
2405 38
2406 0
2407 27
2408 18
2409 23
2410 16
2411 35
2412 23
2413 6
2414 0
2415 11
2416 3
2417 4
2418 1
2419 28
2420 50
2421 35
2422 83
2423 12
2424 21
2425 33
2426 35
2427 51
2428 52
2429 9
2430 1
2431 11
2432 33
2433 0
2434 6
2435 12
2436 15
2437 11
2438 55
2439 5
2440 23
2441 50
2442 44
2443 20
2444 19
2445 25
2446 3
2447 0
2448 0
2449 20
2450 3
2451 8
2452 3
2453 2
2454 14
2455 19
2456 23
2457 21
2458 5
2459 16
2460 2
2461 2
2462 0
2463 1
2464 17
2465 82
2466 11
2467 0
2468 5
2469 7
2470 12
2471 12
2472 11
2473 1
2474 0
2475 1
2476 0
2477 5
2478 24
2479 0
2480 9
2481 9
2482 0
2483 10
2484 13
2485 19
2486 9
2487 30
2488 6
2489 6
2490 1
2491 0
2492 0
2493 0
2494 11
2495 19
2496 7
2497 10
2498 2
2499 17
2500 7
2501 7
2502 9
2503 37
2504 1
2505 0
2506 2
2507 0
2508 0
2509 8
2510 6
2511 6
2512 5
2513 12
2514 0
2515 0
2516 3
2517 0
2518 0
2519 0
2520 8
2521 0
2522 3
2523 15
2524 0
2525 0
2526 19
2527 11
2528 0
2529 3
2530 7
2531 4
2532 1
2533 0
2534 28
2535 44
2536 5
2537 10
2538 0
2539 3
2540 0
2541 3
2542 48
2543 10
2544 14
2545 39
2546 3
2547 2
2548 9
2549 4
2550 3
2551 1
2552 13
2553 27
2554 9
2555 0
2556 0
2557 3
2558 7
2559 7
2560 22
2561 19
2562 3
2563 13
2564 4
2565 5
2566 8
2567 4
2568 4
2569 2
2570 4
2571 2
2572 0
2573 9
2574 0
2575 18
2576 1
2577 1
2578 1
2579 0
2580 0
2581 0
2582 0
2583 0
2584 0
2585 0
2586 0
2587 0
2588 0
2589 0
2590 0
2591 0
2592 0
2593 0
2594 0
2595 0
2596 0
2597 0
2598 0
