0 342
1 7
2 25
3 10
4 111
5 196
6 16
7 15
8 11
9 15
10 81
11 320
12 50
13 177
14 501
15 217
16 360
17 69
18 26
19 946
20 6
21 119
22 66
23 597
24 0
25 207
26 15
27 24
28 15
29 62
30 7
31 37
32 7
33 209
34 37
35 341
36 28
37 96
38 60
39 72
40 123
41 32
42 41
43 30
44 482
45 9
46 24
47 9
48 50
49 405
50 239
51 51
52 345
53 327
54 311
55 24
56 82
57 219
58 350
59 44
60 77
61 449
62 365
63 37
64 57
65 873
66 101
67 321
68 140
69 17
70 75
71 78
72 26
73 14
74 341
75 550
76 28
77 265
78 600
79 646
80 52
81 10
82 228
83 114
84 31
85 20
86 226
87 879
88 733
89 32
90 26
91 29
92 42
93 247
94 71
95 2
96 69
97 388
98 121
99 463
100 15
101 47
102 289
103 306
104 74
105 120
106 444
107 141
108 344
109 350
110 36
111 137
112 208
113 71
114 248
115 123
116 425
117 65
118 46
119 218
120 8
121 167
122 755
123 179
124 74
125 15
126 50
127 77
128 100
129 184
130 89
131 187
132 46
133 2
134 28
135 637
136 297
137 1479
138 113
139 100
140 545
141 458
142 78
143 86
144 11
145 19
146 385
147 91
148 493
149 319
150 148
151 0
152 4
153 130
154 117
155 219
156 75
157 127
158 1295
159 203
160 90
161 100
162 12
163 249
164 203
165 289
166 437
167 250
168 132
169 92
170 597
171 350
172 145
173 89
174 522
175 1044
176 661
177 95
178 171
179 9
180 626
181 53
182 1475
183 739
184 309
185 245
186 1116
187 1063
188 544
189 75
190 120
191 5
192 10
193 23
194 15
195 9
196 551
197 333
198 58
199 503
200 378
201 328
202 141
203 535
204 341
205 788
206 1283
207 287
208 179
209 10
210 884
211 34
212 117
213 269
214 2
215 689
216 40
217 181
218 204
219 1005
220 218
221 809
222 708
223 705
224 1163
225 617
226 567
227 89
228 15
229 114
230 27
231 15
232 0
233 67
234 0
235 101
236 0
237 5
238 309
239 1378
240 46
241 1327
242 785
243 129
244 849
245 211
246 362
247 10
248 215
249 163
250 116
251 39
252 67
253 0
254 38
255 131
256 1989
257 712
258 121
259 17
260 2
261 1
262 53
263 346
264 58
265 129
266 41
267 127
268 62
269 9
270 209
271 465
272 139
273 0
274 43
275 50
276 72
277 38
278 102
279 384
280 42
281 14
282 193
283 1341
284 43
285 46
286 139
287 109
288 119
289 68
290 1120
291 270
292 1562
293 558
294 25
295 320
296 422
297 146
298 213
299 101
300 263
301 198
302 314
303 278
304 1370
305 421
306 304
307 708
308 3
309 380
310 239
311 366
312 488
313 73
314 87
315 504
316 435
317 517
318 1126
319 36
320 201
321 238
322 51
323 86
324 5
325 18
326 96
327 40
328 20
329 6
330 53
331 310
332 76
333 599
334 721
335 655
336 70
337 273
338 965
339 587
340 4
341 44
342 42
343 19
344 58
345 18
346 219
347 36
348 525
349 187
350 281
351 1150
352 163
353 39
354 7
355 21
356 31
357 282
358 8
359 299
360 361
361 918
362 1242
363 34
364 0
365 3
366 92
367 181
368 413
369 486
370 172
371 99
372 131
373 167
374 103
375 125
376 270
377 9
378 69
379 333
380 316
381 13
382 294
383 19
384 245
385 416
386 4
387 17
388 360
389 456
390 759
391 528
392 822
393 26
394 470
395 190
396 860
397 286
398 0
399 562
400 38
401 268
402 140
403 187
404 433
405 337
406 800
407 599
408 167
409 15
410 70
411 155
412 259
413 1114
414 703
415 41
416 117
417 264
418 49
419 206
420 77
421 32
422 475
423 411
424 603
425 264
426 211
427 98
428 365
429 25
430 879
431 54
432 60
433 182
434 28
435 58
436 740
437 1095
438 1444
439 524
440 857
441 664
442 337
443 1169
444 209
445 173
446 138
447 38
448 568
449 187
450 438
451 244
452 388
453 779
454 769
455 111
456 503
457 1040
458 666
459 4
460 25
461 727
462 563
463 353
464 355
465 262
466 48
467 584
468 325
469 768
470 977
471 1063
472 651
473 364
474 687
475 267
476 59
477 79
478 32
479 124
480 84
481 154
482 208
483 38
484 585
485 184
486 281
487 419
488 154
489 859
490 203
491 161
492 822
493 1538
494 121
495 346
496 177
497 85
498 876
499 273
500 264
501 272
502 211
503 97
504 34
505 276
506 434
507 61
508 61
509 1306
510 110
511 153
512 580
513 982
514 376
515 617
516 324
517 239
518 13
519 230
520 1011
521 865
522 38
523 180
524 199
525 21
526 17
527 86
528 348
529 99
530 58
531 123
532 749
533 708
534 86
535 590
536 634
537 94
538 86
539 450
540 87
541 156
542 72
543 583
544 610
545 37
546 305
547 0
548 445
549 28
550 221
551 67
552 615
553 684
554 910
555 838
556 160
557 91
558 214
559 443
560 127
561 343
562 126
563 23
564 13
565 13
566 0
567 108
568 55
569 15
570 106
571 430
572 276
573 189
574 57
575 440
576 146
577 221
578 263
579 167
580 74
581 19
582 45
583 211
584 394
585 320
586 284
587 100
588 561
589 1154
590 31
591 27
592 286
593 22
594 45
595 112
596 116
597 57
598 698
599 903
600 644
601 1393
602 279
603 196
604 147
605 81
606 313
607 318
608 609
609 176
610 430
611 227
612 605
613 408
614 1039
615 692
616 586
617 14
618 43
619 27
620 97
621 7
622 228
623 110
624 126
625 797
626 364
627 1024
628 676
629 500
630 853
631 117
632 206
633 132
634 222
635 149
636 338
637 32
638 194
639 435
640 65
641 363
642 322
643 988
644 192
645 704
646 429
647 51
648 48
649 4
650 0
651 273
652 345
653 176
654 182
655 204
656 145
657 59
658 680
659 498
660 51
661 325
662 35
663 477
664 94
665 50
666 417
667 307
668 21
669 174
670 269
671 614
672 72
673 48
674 102
675 30
676 505
677 688
678 480
679 254
680 719
681 655
682 30
683 165
684 95
685 276
686 59
687 7
688 16
689 166
690 791
691 448
692 283
693 9
694 84
695 98
696 110
697 78
698 66
699 269
700 153
701 174
702 371
703 31
704 100
705 657
706 824
707 341
708 30
709 426
710 24
711 4
712 76
713 67
714 0
715 50
716 317
717 1242
718 513
719 436
720 1021
721 249
722 128
723 10
724 187
725 109
726 253
727 183
728 156
729 430
730 262
731 564
732 95
733 237
734 329
735 123
736 420
737 281
738 764
739 718
740 289
741 177
742 24
743 131
744 526
745 23
746 10
747 2
748 467
749 198
750 1257
751 43
752 511
753 145
754 467
755 38
756 205
757 105
758 164
759 712
760 322
761 110
762 341
763 104
764 871
765 248
766 297
767 255
768 6
769 128
770 883
771 117
772 40
773 0
774 212
775 366
776 190
777 198
778 208
779 43
780 5
781 64
782 241
783 113
784 285
785 143
786 504
787 335
788 69
789 719
790 99
791 91
792 188
793 408
794 414
795 0
796 401
797 548
798 237
799 139
800 67
801 3
802 119
803 8
804 24
805 21
806 810
807 329
808 193
809 541
810 319
811 70
812 244
813 251
814 77
815 24
816 0
817 0
818 153
819 576
820 640
821 634
822 283
823 363
824 72
825 288
826 126
827 531
828 338
829 178
830 134
831 256
832 361
833 440
834 451
835 184
836 298
837 128
838 92
839 42
840 10
841 63
842 54
843 0
844 190
845 302
846 292
847 508
848 329
849 95
850 410
851 15
852 362
853 79
854 33
855 286
856 100
857 465
858 457
859 90
860 105
861 201
862 462
863 127
864 178
865 246
866 93
867 238
868 69
869 57
870 123
871 39
872 11
873 48
874 0
875 13
876 61
877 744
878 287
879 252
880 1002
881 653
882 107
883 76
884 354
885 47
886 93
887 65
888 263
889 1211
890 120
891 104
892 267
893 116
894 117
895 224
896 128
897 289
898 85
899 39
900 0
901 10
902 89
903 1309
904 627
905 107
906 552
907 776
908 566
909 20
910 42
911 454
912 17
913 24
914 199
915 484
916 35
917 191
918 497
919 147
920 482
921 630
922 218
923 47
924 114
925 33
926 108
927 248
928 0
929 20
930 282
931 931
932 343
933 968
934 455
935 698
936 121
937 66
938 398
939 150
940 666
941 244
942 3
943 46
944 537
945 699
946 225
947 16
948 8
949 464
950 294
951 29
952 259
953 584
954 244
955 957
956 1065
957 213
958 123
959 401
960 191
961 30
962 128
963 349
964 378
965 87
966 274
967 211
968 294
969 723
970 288
971 13
972 246
973 508
974 193
975 315
976 66
977 29
978 1256
979 184
980 1121
981 1238
982 213
983 97
984 724
985 617
986 192
987 49
988 0
989 12
990 42
991 107
992 148
993 884
994 462
995 119
996 243
997 72
998 136
999 255
1000 113
1001 297
1002 512
1003 11
1004 0
1005 14
1006 10
1007 458
1008 875
1009 8
1010 147
1011 66
1012 49
1013 0
1014 0
1015 14
1016 246
1017 602
1018 63
1019 510
1020 507
1021 791
1022 531
1023 193
1024 277
1025 91
1026 379
1027 967
1028 201
1029 67
1030 73
1031 504
1032 23
1033 45
1034 169
1035 333
1036 141
1037 102
1038 834
1039 455
1040 706
1041 407
1042 23
1043 234
1044 95
1045 174
1046 347
1047 259
1048 341
1049 61
1050 65
1051 4
1052 15
1053 18
1054 37
1055 139
1056 182
1057 304
1058 468
1059 713
1060 685
1061 149
1062 0
1063 39
1064 0
1065 51
1066 34
1067 197
1068 62
1069 183
1070 179
1071 89
1072 696
1073 242
1074 499
1075 49
1076 71
1077 7
1078 261
1079 53
1080 507
1081 319
1082 128
1083 239
1084 220
1085 64
1086 12
1087 56
1088 9
1089 18
1090 501
1091 893
1092 635
1093 922
1094 446
1095 71
1096 144
1097 65
1098 179
1099 968
1100 23
1101 63
1102 77
1103 186
1104 46
1105 76
1106 962
1107 950
1108 179
1109 8
1110 1828
1111 443
1112 43
1113 337
1114 636
1115 69
1116 10
1117 73
1118 89
1119 717
1120 644
1121 594
1122 66
1123 24
1124 171
1125 26
1126 163
1127 10
1128 247
1129 383
1130 15
1131 17
1132 1
1133 268
1134 176
1135 102
1136 0
1137 0
1138 11
1139 478
1140 1900
1141 1164
1142 466
1143 16
1144 66
1145 3
1146 101
1147 0
1148 33
1149 695
1150 1097
1151 102
1152 115
1153 174
1154 292
1155 898
1156 590
1157 457
1158 118
1159 59
1160 120
1161 47
1162 218
1163 2
1164 18
1165 4
1166 206
1167 304
1168 674
1169 94
1170 673
1171 5
1172 4
1173 123
1174 21
1175 46
1176 431
1177 962
1178 135
1179 769
1180 75
1181 501
1182 339
1183 682
1184 244
1185 599
1186 363
1187 227
1188 42
1189 16
1190 13
1191 322
1192 273
1193 24
1194 75
1195 31
1196 72
1197 24
1198 247
1199 242
1200 130
1201 18
1202 5
1203 749
1204 63
1205 23
1206 136
1207 13
1208 220
1209 123
1210 546
1211 461
1212 1096
1213 81
1214 294
1215 572
1216 274
1217 1151
1218 528
1219 118
1220 392
1221 230
1222 89
1223 289
1224 203
1225 76
1226 204
1227 45
1228 259
1229 494
1230 203
1231 20
1232 153
1233 298
1234 369
1235 979
1236 211
1237 248
1238 406
1239 15
1240 150
1241 11
1242 32
1243 410
1244 10
1245 183
1246 121
1247 335
1248 892
1249 1301
1250 72
1251 505
1252 905
1253 1092
1254 1843
1255 287
1256 217
1257 73
1258 518
1259 57
1260 225
1261 80
1262 196
1263 217
1264 608
1265 437
1266 280
1267 89
1268 29
1269 28
1270 50
1271 123
1272 250
1273 246
1274 1464
1275 681
1276 55
1277 114
1278 166
1279 204
1280 27
1281 27
1282 15
1283 10
1284 12
1285 3
1286 436
1287 861
1288 279
1289 659
1290 580
1291 673
1292 284
1293 342
1294 4751
1295 1666
1296 154
1297 35
1298 229
1299 537
1300 100
1301 7
1302 144
1303 296
1304 888
1305 183
1306 102
1307 524
1308 430
1309 348
1310 84
1311 302
1312 7
1313 9
1314 16
1315 780
1316 644
1317 693
1318 874
1319 785
1320 819
1321 1512
1322 835
1323 122
1324 113
1325 241
1326 50
1327 92
1328 6
1329 218
1330 66
1331 235
1332 967
1333 246
1334 84
1335 236
1336 199
1337 644
1338 474
1339 1663
1340 2186
1341 348
1342 165
1343 588
1344 711
1345 152
1346 112
1347 89
1348 67
1349 173
1350 879
1351 75
1352 32
1353 770
1354 97
1355 395
1356 403
1357 102
1358 138
1359 426
1360 68
1361 5
1362 12
1363 305
1364 1137
1365 1352
1366 281
1367 398
1368 393
1369 890
1370 644
1371 673
1372 6
1373 89
1374 15
1375 9
1376 45
1377 76
1378 204
1379 857
1380 946
1381 123
1382 156
1383 180
1384 405
1385 205
1386 573
1387 1693
1388 490
1389 102
1390 541
1391 515
1392 129
1393 110
1394 66
1395 276
1396 275
1397 214
1398 4
1399 96
1400 589
1401 375
1402 315
1403 370
1404 393
1405 153
1406 178
1407 463
1408 440
1409 519
1410 418
1411 173
1412 167
1413 0
1414 86
1415 54
1416 447
1417 563
1418 378
1419 914
1420 402
1421 1103
1422 253
1423 24
1424 110
1425 24
1426 90
1427 426
1428 1324
1429 1644
1430 991
1431 1333
1432 946
1433 386
1434 473
1435 633
1436 418
1437 1069
1438 23
1439 9
1440 282
1441 259
1442 1583
1443 289
1444 297
1445 636
1446 857
1447 179
1448 260
1449 150
1450 98
1451 1037
1452 209
1453 595
1454 396
1455 59
1456 275
1457 1067
1458 34
1459 995
1460 324
1461 191
1462 100
1463 200
1464 10
1465 182
1466 309
1467 251
1468 91
1469 76
1470 26
1471 0
1472 66
1473 60
1474 56
1475 329
1476 1463
1477 2750
1478 1126
1479 858
1480 1140
1481 951
1482 178
1483 747
1484 486
1485 5
1486 140
1487 50
1488 475
1489 399
1490 1778
1491 481
1492 248
1493 468
1494 509
1495 119
1496 832
1497 1024
1498 124
1499 356
1500 596
1501 171
1502 266
1503 103
1504 457
1505 763
1506 130
1507 303
1508 730
1509 164
1510 271
1511 32
1512 63
1513 144
1514 1040
1515 360
1516 191
1517 47
1518 0
1519 0
1520 19
1521 38
1522 69
1523 60
1524 431
1525 1618
1526 1159
1527 3142
1528 2354
1529 1495
1530 573
1531 29
1532 260
1533 888
1534 82
1535 515
1536 293
1537 297
1538 539
1539 347
1540 44
1541 434
1542 88
1543 311
1544 1714
1545 976
1546 1161
1547 549
1548 147
1549 386
1550 782
1551 214
1552 199
1553 310
1554 182
1555 202
1556 965
1557 1778
1558 169
1559 158
1560 335
1561 1137
1562 695
1563 659
1564 17
1565 67
1566 326
1567 301
1568 832
1569 20
1570 52
1571 176
1572 2302
1573 4400
1574 1540
1575 159
1576 1498
1577 690
1578 514
1579 1055
1580 1223
1581 494
1582 568
1583 486
1584 287
1585 76
1586 22
1587 262
1588 788
1589 106
1590 1525
1591 540
1592 398
1593 365
1594 397
1595 1155
1596 832
1597 126
1598 49
1599 136
1600 1125
1601 386
1602 1094
1603 137
1604 107
1605 14
1606 61
1607 171
1608 5
1609 11
1610 17
1611 3
1612 341
1613 442
1614 203
1615 35
1616 564
1617 2040
1618 1532
1619 2759
1620 1246
1621 2039
1622 1738
1623 644
1624 444
1625 71
1626 1275
1627 696
1628 333
1629 777
1630 432
1631 400
1632 364
1633 416
1634 592
1635 214
1636 225
1637 333
1638 341
1639 397
1640 722
1641 170
1642 17
1643 48
1644 52
1645 1287
1646 2248
1647 421
1648 757
1649 372
1650 222
1651 779
1652 1924
1653 61
1654 268
1655 816
1656 979
1657 241
1658 424
1659 581
1660 295
1661 408
1662 359
1663 120
1664 447
1665 649
1666 418
1667 1028
1668 948
1669 33
1670 212
1671 242
1672 10
1673 51
1674 9
1675 34
1676 26
1677 2196
1678 1525
1679 1214
1680 1274
1681 473
1682 716
1683 701
1684 384
1685 874
1686 547
1687 223
1688 322
1689 492
1690 176
1691 475
1692 131
1693 292
1694 488
1695 44
1696 238
1697 45
1698 118
1699 150
1700 65
1701 1110
1702 103
1703 325
1704 3
1705 14
1706 93
1707 275
1708 16
1709 381
1710 2006
1711 648
1712 399
1713 288
1714 299
1715 834
1716 604
1717 455
1718 147
1719 282
1720 41
1721 325
1722 89
1723 65
1724 134
1725 92
1726 294
1727 205
1728 756
1729 621
1730 36
1731 63
1732 32
1733 285
1734 110
1735 27
1736 235
1737 490
1738 831
1739 778
1740 511
1741 167
1742 623
1743 93
1744 294
1745 559
1746 235
1747 17
1748 61
1749 110
1750 169
1751 508
1752 700
1753 80
1754 37
1755 257
1756 147
1757 164
1758 280
1759 15
1760 18
1761 703
1762 222
1763 353
1764 330
1765 323
1766 222
1767 776
1768 412
1769 15
1770 93
1771 216
1772 384
1773 666
1774 339
1775 265
1776 287
1777 358
1778 654
1779 8
1780 116
1781 4
1782 394
1783 30
1784 158
1785 187
1786 30
1787 503
1788 270
1789 105
1790 373
1791 20
1792 506
1793 244
1794 42
1795 1
1796 101
1797 950
1798 783
1799 1619
1800 1319
1801 397
1802 492
1803 137
1804 310
1805 1185
1806 1228
1807 296
1808 359
1809 18
1810 418
1811 181
1812 156
1813 177
1814 121
1815 195
1816 96
1817 25
1818 201
1819 68
1820 380
1821 262
1822 185
1823 230
1824 900
1825 313
1826 99
1827 300
1828 450
1829 688
1830 52
1831 507
1832 141
1833 524
1834 93
1835 723
1836 299
1837 76
1838 268
1839 109
1840 206
1841 188
1842 93
1843 285
1844 886
1845 649
1846 225
1847 261
1848 567
1849 967
1850 103
1851 64
1852 129
1853 440
1854 162
1855 451
1856 304
1857 112
1858 762
1859 929
1860 270
1861 635
1862 633
1863 26
1864 263
1865 101
1866 293
1867 2452
1868 571
1869 293
1870 83
1871 324
1872 1069
1873 546
1874 169
1875 69
1876 86
1877 243
1878 309
1879 182
1880 35
1881 557
1882 902
1883 1089
1884 605
1885 242
1886 100
1887 131
1888 34
1889 494
1890 555
1891 187
1892 342
1893 326
1894 1600
1895 1581
1896 648
1897 171
1898 143
1899 113
1900 650
1901 464
1902 85
1903 1005
1904 341
1905 486
1906 344
1907 478
1908 270
1909 299
1910 308
1911 422
1912 818
1913 417
1914 102
1915 39
1916 63
1917 508
1918 212
1919 550
1920 222
1921 415
1922 91
1923 451
1924 386
1925 486
1926 90
1927 86
1928 109
1929 118
1930 250
1931 402
1932 164
1933 60
1934 199
1935 450
1936 602
1937 79
1938 84
1939 136
1940 549
1941 442
1942 1123
1943 875
1944 153
1945 187
1946 187
1947 47
1948 213
1949 170
1950 184
1951 535
1952 325
1953 583
1954 306
1955 900
1956 139
1957 324
1958 441
1959 272
1960 181
1961 73
1962 18
1963 106
1964 981
1965 1003
1966 104
1967 593
1968 916
1969 395
1970 184
1971 395
1972 846
1973 104
1974 226
1975 520
1976 214
1977 2
1978 44
1979 47
1980 520
1981 878
1982 357
1983 89
1984 173
1985 822
1986 396
1987 31
1988 68
1989 595
1990 309
1991 400
1992 332
1993 130
1994 342
1995 788
1996 1261
1997 444
1998 259
1999 540
2000 557
2001 21
2002 106
2003 289
2004 782
2005 385
2006 200
2007 289
2008 229
2009 309
2010 364
2011 495
2012 98
2013 97
2014 535
2015 467
2016 837
2017 1042
2018 96
2019 714
2020 253
2021 192
2022 159
2023 763
2024 1147
2025 32
2026 257
2027 258
2028 253
2029 149
2030 474
2031 652
2032 429
2033 137
2034 405
2035 658
2036 912
2037 316
2038 270
2039 239
2040 138
2041 100
2042 200
2043 687
2044 148
2045 264
2046 275
2047 267
2048 799
2049 918
2050 596
2051 593
2052 60
2053 83
2054 427
2055 1248
2056 185
2057 221
2058 272
2059 281
2060 281
2061 588
2062 362
2063 318
2064 97
2065 54
2066 617
2067 432
2068 24
2069 634
2070 159
2071 354
2072 819
2073 659
2074 330
2075 452
2076 756
2077 161
2078 11
2079 94
2080 459
2081 856
2082 572
2083 475
2084 281
2085 196
2086 540
2087 377
2088 552
2089 483
2090 372
2091 223
2092 212
2093 227
2094 348
2095 1241
2096 349
2097 1426
2098 707
2099 371
2100 181
2101 103
2102 31
2103 953
2104 881
2105 405
2106 15
2107 20
2108 143
2109 124
2110 673
2111 456
2112 729
2113 430
2114 289
2115 472
2116 282
2117 273
2118 830
2119 881
2120 165
2121 172
2122 49
2123 73
2124 744
2125 105
2126 458
2127 477
2128 713
2129 259
2130 347
2131 842
2132 941
2133 117
2134 5
2135 90
2136 29
2137 540
2138 985
2139 237
2140 86
2141 12
2142 19
2143 22
2144 639
2145 667
2146 267
2147 141
2148 962
2149 436
2150 1053
2151 140
2152 630
2153 858
2154 611
2155 212
2156 48
2157 81
2158 51
2159 302
2160 850
2161 804
2162 5
2163 24
2164 164
2165 669
2166 330
2167 270
2168 176
2169 413
2170 133
2171 60
2172 518
2173 340
2174 31
2175 208
2176 16
2177 419
2178 72
2179 153
2180 92
2181 207
2182 142
2183 285
2184 100
2185 0
2186 11
2187 472
2188 215
2189 166
2190 563
2191 446
2192 192
2193 655
2194 113
2195 25
2196 16
2197 85
2198 49
2199 290
2200 176
2201 350
2202 461
2203 622
2204 144
2205 614
2206 603
2207 155
2208 17
2209 292
2210 257
2211 549
2212 933
2213 845
2214 161
2215 190
2216 35
2217 79
2218 48
2219 82
2220 354
2221 9
2222 23
2223 166
2224 425
2225 69
2226 60
2227 689
2228 601
2229 493
2230 589
2231 59
2232 221
2233 315
2234 25
2235 70
2236 34
2237 236
2238 82
2239 10
2240 1
2241 59
2242 27
2243 751
2244 374
2245 72
2246 132
2247 586
2248 1038
2249 131
2250 749
2251 344
2252 109
2253 273
2254 858
2255 405
2256 591
2257 128
2258 20
2259 77
2260 607
2261 94
2262 60
2263 27
2264 21
2265 209
2266 1014
2267 741
2268 722
2269 962
2270 908
2271 529
2272 20
2273 127
2274 1089
2275 806
2276 371
2277 809
2278 206
2279 62
2280 53
2281 735
2282 895
2283 109
2284 0
2285 83
2286 533
2287 122
2288 190
2289 162
2290 767
2291 1083
2292 94
2293 19
2294 877
2295 676
2296 197
2297 390
2298 237
2299 24
2300 418
2301 605
2302 262
2303 9
2304 161
2305 30
2306 135
2307 311
2308 902
2309 297
2310 292
2311 266
2312 198
2313 168
2314 377
2315 210
2316 991
2317 331
2318 3
2319 124
2320 744
2321 464
2322 371
2323 0
2324 5
2325 100
2326 839
2327 1420
2328 251
2329 62
2330 89
2331 41
2332 180
2333 184
2334 1293
2335 1642
2336 170
2337 43
2338 215
2339 453
2340 391
2341 136
2342 0
2343 0
2344 315
2345 579
2346 326
2347 515
2348 73
2349 276
2350 389
2351 629
2352 560
2353 929
2354 479
2355 128
2356 407
2357 135
2358 55
2359 0
2360 25
2361 11
2362 12
2363 814
2364 707
2365 83
2366 604
2367 459
2368 150
2369 327
2370 612
2371 362
2372 295
2373 197
2374 28
2375 409
2376 626
2377 16
2378 6
2379 90
2380 122
2381 27
2382 779
2383 441
2384 282
2385 1014
2386 295
2387 700
2388 1274
2389 742
2390 508
2391 827
2392 135
2393 133
2394 833
2395 300
2396 94
2397 15
2398 677
2399 22
2400 68
2401 454
2402 1635
2403 140
2404 248
2405 600
2406 784
2407 565
2408 292
2409 407
2410 304
2411 601
2412 414
2413 91
2414 5
2415 182
2416 56
2417 115
2418 32
2419 455
2420 833
2421 725
2422 1581
2423 201
2424 392
2425 500
2426 631
2427 859
2428 1007
2429 198
2430 5
2431 224
2432 515
2433 4
2434 97
2435 284
2436 311
2437 152
2438 979
2439 122
2440 384
2441 815
2442 802
2443 357
2444 367
2445 418
2446 75
2447 8
2448 6
2449 365
2450 35
2451 109
2452 66
2453 34
2454 295
2455 281
2456 390
2457 391
2458 65
2459 259
2460 55
2461 23
2462 3
2463 43
2464 218
2465 1545
2466 232
2467 7
2468 121
2469 112
2470 272
2471 186
2472 155
2473 30
2474 17
2475 15
2476 0
2477 87
2478 380
2479 35
2480 124
2481 177
2482 62
2483 180
2484 266
2485 369
2486 169
2487 557
2488 96
2489 136
2490 27
2491 10
2492 5
2493 25
2494 145
2495 322
2496 119
2497 212
2498 62
2499 242
2500 137
2501 113
2502 138
2503 719
2504 30
2505 5
2506 53
2507 7
2508 14
2509 144
2510 58
2511 105
2512 100
2513 197
2514 0
2515 1
2516 50
2517 3
2518 0
2519 18
2520 97
2521 47
2522 83
2523 252
2524 12
2525 6
2526 371
2527 172
2528 0
2529 79
2530 114
2531 51
2532 18
2533 18
2534 554
2535 741
2536 104
2537 192
2538 314
2539 48
2540 6
2541 45
2542 845
2543 192
2544 279
2545 713
2546 63
2547 41
2548 210
2549 108
2550 69
2551 31
2552 209
2553 439
2554 173
2555 7
2556 0
2557 42
2558 129
2559 120
2560 356
2561 336
2562 88
2563 248
2564 71
2565 68
2566 154
2567 79
2568 64
2569 21
2570 75
2571 66
2572 0
2573 128
2574 8
2575 307
2576 20
2577 15
2578 25
2579 13
2580 0
2581 0
2582 0
2583 0
2584 0
2585 0
2586 0
2587 0
2588 0
2589 0
2590 0
2591 0
2592 0
2593 0
2594 0
2595 0
2596 0
2597 0
2598 6
