0 266
1 6
2 29
3 12
4 81
5 149
6 5
7 12
8 6
9 12
10 61
11 230
12 33
13 152
14 392
15 131
16 279
17 61
18 38
19 659
20 0
21 88
22 61
23 401
24 0
25 148
26 5
27 23
28 11
29 45
30 7
31 18
32 5
33 144
34 23
35 271
36 15
37 56
38 35
39 39
40 88
41 21
42 28
43 22
44 358
45 8
46 28
47 7
48 35
49 279
50 151
51 41
52 248
53 263
54 243
55 20
56 45
57 168
58 287
59 31
60 58
61 314
62 263
63 16
64 51
65 632
66 70
67 266
68 97
69 11
70 65
71 50
72 20
73 8
74 231
75 475
76 16
77 201
78 396
79 394
80 36
81 8
82 196
83 90
84 33
85 11
86 191
87 674
88 529
89 19
90 13
91 22
92 32
93 197
94 46
95 0
96 47
97 301
98 62
99 366
100 7
101 25
102 228
103 237
104 54
105 106
106 326
107 117
108 284
109 232
110 18
111 117
112 137
113 66
114 207
115 92
116 291
117 52
118 31
119 144
120 7
121 124
122 541
123 150
124 68
125 8
126 38
127 61
128 76
129 134
130 54
131 153
132 25
133 0
134 17
135 469
136 229
137 1112
138 83
139 71
140 391
141 366
142 70
143 58
144 10
145 17
146 295
147 66
148 382
149 217
150 80
151 0
152 2
153 99
154 88
155 141
156 49
157 105
158 1002
159 149
160 65
161 85
162 5
163 165
164 160
165 224
166 337
167 197
168 100
169 68
170 446
171 250
172 118
173 58
174 413
175 745
176 469
177 62
178 138
179 10
180 513
181 44
182 1133
183 570
184 218
185 174
186 867
187 767
188 431
189 60
190 81
191 0
192 5
193 19
194 17
195 8
196 446
197 258
198 30
199 339
200 252
201 258
202 83
203 432
204 266
205 618
206 892
207 195
208 137
209 12
210 617
211 22
212 96
213 216
214 0
215 468
216 27
217 116
218 157
219 746
220 186
221 573
222 523
223 501
224 867
225 475
226 417
227 80
228 6
229 83
230 16
231 9
232 0
233 58
234 0
235 67
236 0
237 7
238 242
239 1076
240 47
241 990
242 616
243 82
244 625
245 165
246 252
247 11
248 177
249 127
250 93
251 27
252 57
253 0
254 25
255 103
256 1502
257 507
258 90
259 9
260 0
261 0
262 33
263 263
264 43
265 108
266 31
267 83
268 36
269 0
270 155
271 326
272 102
273 0
274 33
275 34
276 47
277 28
278 89
279 262
280 32
281 6
282 153
283 988
284 30
285 24
286 105
287 86
288 88
289 56
290 875
291 218
292 1121
293 398
294 9
295 251
296 321
297 131
298 166
299 75
300 190
301 158
302 267
303 222
304 991
305 323
306 230
307 515
308 2
309 251
310 228
311 274
312 395
313 60
314 67
315 372
316 312
317 370
318 875
319 34
320 133
321 194
322 42
323 75
324 5
325 14
326 70
327 31
328 15
329 6
330 33
331 214
332 64
333 490
334 596
335 520
336 52
337 214
338 738
339 469
340 7
341 20
342 31
343 14
344 45
345 13
346 160
347 38
348 410
349 135
350 213
351 835
352 140
353 26
354 1
355 14
356 20
357 200
358 3
359 251
360 268
361 609
362 986
363 36
364 0
365 4
366 87
367 118
368 322
369 323
370 132
371 85
372 80
373 147
374 61
375 77
376 183
377 14
378 52
379 210
380 233
381 7
382 199
383 9
384 193
385 313
386 5
387 9
388 273
389 347
390 561
391 371
392 597
393 20
394 324
395 180
396 663
397 199
398 0
399 422
400 16
401 223
402 99
403 127
404 346
405 291
406 557
407 453
408 139
409 8
410 47
411 112
412 203
413 804
414 520
415 34
416 96
417 182
418 31
419 148
420 75
421 40
422 383
423 374
424 490
425 208
426 158
427 76
428 282
429 27
430 690
431 55
432 58
433 137
434 12
435 46
436 560
437 830
438 1113
439 372
440 579
441 506
442 225
443 903
444 151
445 129
446 82
447 30
448 437
449 152
450 293
451 182
452 330
453 541
454 566
455 90
456 378
457 700
458 476
459 5
460 19
461 526
462 427
463 278
464 267
465 220
466 42
467 448
468 267
469 583
470 709
471 793
472 481
473 282
474 551
475 159
476 45
477 69
478 30
479 106
480 62
481 107
482 156
483 25
484 429
485 130
486 233
487 300
488 129
489 609
490 167
491 121
492 564
493 1153
494 108
495 280
496 125
497 77
498 628
499 213
500 206
501 211
502 162
503 67
504 23
505 213
506 335
507 55
508 43
509 899
510 95
511 127
512 421
513 770
514 278
515 451
516 266
517 165
518 14
519 172
520 762
521 610
522 19
523 122
524 145
525 17
526 17
527 76
528 248
529 75
530 44
531 82
532 593
533 512
534 72
535 414
536 457
537 88
538 65
539 354
540 50
541 99
542 58
543 386
544 466
545 25
546 241
547 1
548 336
549 18
550 164
551 38
552 456
553 469
554 723
555 610
556 119
557 71
558 193
559 320
560 92
561 265
562 104
563 16
564 16
565 7
566 0
567 81
568 43
569 15
570 60
571 338
572 189
573 131
574 51
575 337
576 115
577 146
578 201
579 107
580 45
581 14
582 21
583 160
584 297
585 238
586 212
587 82
588 429
589 844
590 27
591 17
592 187
593 24
594 30
595 78
596 71
597 51
598 483
599 712
600 460
601 987
602 190
603 153
604 130
605 85
606 196
607 244
608 386
609 134
610 286
611 179
612 466
613 331
614 725
615 537
616 441
617 9
618 46
619 22
620 82
621 20
622 156
623 82
624 104
625 620
626 293
627 723
628 473
629 394
630 634
631 72
632 149
633 111
634 187
635 126
636 296
637 16
638 143
639 297
640 36
641 274
642 251
643 705
644 135
645 534
646 280
647 27
648 40
649 2
650 0
651 201
652 285
653 140
654 129
655 192
656 103
657 59
658 513
659 388
660 39
661 221
662 40
663 340
664 76
665 40
666 283
667 204
668 15
669 143
670 220
671 471
672 54
673 39
674 76
675 22
676 369
677 476
678 323
679 209
680 562
681 479
682 20
683 109
684 66
685 222
686 58
687 12
688 9
689 112
690 587
691 331
692 208
693 6
694 68
695 93
696 96
697 59
698 52
699 232
700 112
701 143
702 237
703 30
704 73
705 416
706 667
707 291
708 18
709 291
710 22
711 0
712 58
713 32
714 0
715 46
716 222
717 901
718 383
719 341
720 813
721 182
722 111
723 12
724 131
725 105
726 204
727 126
728 130
729 306
730 215
731 434
732 78
733 171
734 234
735 84
736 330
737 243
738 517
739 607
740 203
741 149
742 9
743 108
744 442
745 14
746 10
747 0
748 364
749 161
750 967
751 33
752 385
753 129
754 352
755 22
756 169
757 72
758 122
759 529
760 263
761 75
762 214
763 89
764 651
765 198
766 205
767 168
768 7
769 114
770 666
771 82
772 44
773 0
774 153
775 265
776 189
777 148
778 146
779 20
780 5
781 54
782 134
783 93
784 229
785 118
786 386
787 272
788 45
789 552
790 59
791 89
792 138
793 355
794 303
795 0
796 276
797 400
798 191
799 126
800 43
801 0
802 113
803 5
804 15
805 17
806 625
807 250
808 151
809 446
810 209
811 53
812 190
813 197
814 56
815 23
816 0
817 0
818 102
819 479
820 507
821 508
822 212
823 305
824 62
825 193
826 84
827 383
828 249
829 137
830 103
831 191
832 255
833 306
834 313
835 145
836 209
837 67
838 97
839 28
840 8
841 50
842 27
843 0
844 116
845 230
846 244
847 396
848 252
849 68
850 299
851 15
852 293
853 63
854 25
855 210
856 67
857 353
858 318
859 62
860 65
861 174
862 330
863 86
864 139
865 196
866 56
867 185
868 47
869 45
870 88
871 28
872 9
873 43
874 0
875 1
876 44
877 576
878 219
879 164
880 768
881 489
882 87
883 55
884 264
885 23
886 57
887 46
888 194
889 945
890 88
891 71
892 190
893 82
894 72
895 177
896 94
897 200
898 73
899 40
900 0
901 11
902 77
903 948
904 428
905 114
906 430
907 561
908 457
909 19
910 60
911 280
912 9
913 29
914 126
915 359
916 25
917 131
918 356
919 101
920 321
921 473
922 142
923 37
924 82
925 25
926 69
927 177
928 0
929 17
930 241
931 717
932 238
933 749
934 334
935 524
936 77
937 69
938 343
939 142
940 453
941 189
942 0
943 38
944 383
945 501
946 158
947 10
948 4
949 335
950 225
951 25
952 173
953 418
954 176
955 718
956 811
957 188
958 106
959 270
960 169
961 15
962 98
963 238
964 297
965 69
966 263
967 183
968 240
969 538
970 218
971 14
972 187
973 427
974 131
975 237
976 35
977 38
978 937
979 123
980 814
981 875
982 175
983 82
984 528
985 442
986 131
987 40
988 0
989 7
990 32
991 71
992 105
993 638
994 334
995 95
996 198
997 65
998 97
999 201
1000 80
1001 231
1002 406
1003 8
1004 0
1005 4
1006 10
1007 350
1008 615
1009 0
1010 82
1011 46
1012 25
1013 0
1014 2
1015 9
1016 185
1017 480
1018 43
1019 444
1020 346
1021 637
1022 404
1023 162
1024 212
1025 86
1026 296
1027 757
1028 149
1029 57
1030 52
1031 363
1032 16
1033 26
1034 146
1035 216
1036 123
1037 38
1038 585
1039 368
1040 553
1041 304
1042 25
1043 195
1044 68
1045 131
1046 258
1047 195
1048 262
1049 43
1050 44
1051 4
1052 4
1053 15
1054 26
1055 110
1056 135
1057 181
1058 310
1059 520
1060 486
1061 109
1062 0
1063 24
1064 0
1065 40
1066 29
1067 132
1068 54
1069 132
1070 125
1071 64
1072 469
1073 183
1074 333
1075 37
1076 63
1077 3
1078 200
1079 33
1080 402
1081 243
1082 77
1083 161
1084 129
1085 67
1086 11
1087 33
1088 6
1089 16
1090 386
1091 623
1092 486
1093 667
1094 335
1095 48
1096 111
1097 41
1098 112
1099 686
1100 26
1101 51
1102 46
1103 110
1104 34
1105 81
1106 697
1107 706
1108 128
1109 14
1110 1426
1111 342
1112 45
1113 248
1114 442
1115 35
1116 10
1117 65
1118 65
1119 515
1120 434
1121 392
1122 61
1123 21
1124 115
1125 23
1126 165
1127 6
1128 174
1129 237
1130 12
1131 7
1132 3
1133 224
1134 130
1135 65
1136 0
1137 0
1138 12
1139 315
1140 1466
1141 763
1142 336
1143 13
1144 50
1145 4
1146 83
1147 0
1148 32
1149 532
1150 888
1151 67
1152 83
1153 116
1154 209
1155 673
1156 437
1157 311
1158 96
1159 38
1160 85
1161 33
1162 186
1163 1
1164 15
1165 4
1166 137
1167 197
1168 487
1169 72
1170 480
1171 13
1172 5
1173 84
1174 14
1175 38
1176 305
1177 736
1178 116
1179 579
1180 36
1181 374
1182 299
1183 543
1184 207
1185 440
1186 238
1187 170
1188 23
1189 13
1190 13
1191 215
1192 215
1193 16
1194 57
1195 22
1196 55
1197 17
1198 185
1199 198
1200 109
1201 18
1202 8
1203 548
1204 54
1205 26
1206 98
1207 18
1208 141
1209 93
1210 462
1211 380
1212 885
1213 77
1214 247
1215 479
1216 215
1217 880
1218 413
1219 76
1220 294
1221 177
1222 54
1223 221
1224 155
1225 58
1226 121
1227 41
1228 200
1229 362
1230 134
1231 20
1232 123
1233 229
1234 273
1235 727
1236 148
1237 198
1238 229
1239 10
1240 95
1241 0
1242 16
1243 298
1244 14
1245 147
1246 89
1247 257
1248 573
1249 979
1250 57
1251 391
1252 627
1253 824
1254 1400
1255 203
1256 167
1257 51
1258 406
1259 46
1260 143
1261 55
1262 162
1263 175
1264 488
1265 379
1266 216
1267 59
1268 12
1269 16
1270 38
1271 92
1272 207
1273 177
1274 1207
1275 541
1276 55
1277 112
1278 112
1279 145
1280 13
1281 26
1282 12
1283 12
1284 4
1285 3
1286 347
1287 633
1288 184
1289 521
1290 458
1291 448
1292 216
1293 271
1294 3621
1295 1239
1296 151
1297 35
1298 144
1299 406
1300 82
1301 5
1302 119
1303 213
1304 691
1305 146
1306 82
1307 404
1308 297
1309 263
1310 56
1311 206
1312 4
1313 3
1314 13
1315 587
1316 535
1317 533
1318 678
1319 587
1320 650
1321 1176
1322 607
1323 96
1324 76
1325 160
1326 41
1327 79
1328 0
1329 124
1330 78
1331 186
1332 718
1333 188
1334 72
1335 153
1336 145
1337 516
1338 372
1339 1252
1340 1619
1341 253
1342 104
1343 420
1344 527
1345 125
1346 74
1347 63
1348 47
1349 147
1350 658
1351 56
1352 23
1353 606
1354 82
1355 309
1356 289
1357 80
1358 97
1359 356
1360 53
1361 8
1362 5
1363 238
1364 816
1365 1015
1366 199
1367 310
1368 268
1369 634
1370 550
1371 454
1372 8
1373 76
1374 11
1375 14
1376 34
1377 55
1378 173
1379 675
1380 775
1381 90
1382 103
1383 147
1384 316
1385 150
1386 499
1387 1303
1388 369
1389 66
1390 436
1391 402
1392 86
1393 110
1394 56
1395 199
1396 224
1397 186
1398 0
1399 65
1400 450
1401 277
1402 240
1403 298
1404 243
1405 108
1406 104
1407 358
1408 336
1409 384
1410 327
1411 119
1412 136
1413 0
1414 76
1415 34
1416 293
1417 423
1418 263
1419 702
1420 315
1421 811
1422 213
1423 20
1424 86
1425 24
1426 80
1427 339
1428 912
1429 1287
1430 714
1431 1068
1432 751
1433 318
1434 383
1435 470
1436 340
1437 744
1438 20
1439 6
1440 213
1441 188
1442 1188
1443 233
1444 231
1445 477
1446 662
1447 141
1448 204
1449 121
1450 87
1451 765
1452 150
1453 457
1454 257
1455 44
1456 227
1457 804
1458 25
1459 820
1460 247
1461 126
1462 69
1463 142
1464 10
1465 137
1466 234
1467 203
1468 59
1469 45
1470 27
1471 2
1472 33
1473 55
1474 51
1475 263
1476 1097
1477 2084
1478 822
1479 700
1480 893
1481 673
1482 130
1483 541
1484 366
1485 8
1486 111
1487 51
1488 344
1489 261
1490 1279
1491 338
1492 186
1493 343
1494 404
1495 91
1496 586
1497 705
1498 86
1499 291
1500 510
1501 138
1502 187
1503 80
1504 361
1505 601
1506 107
1507 206
1508 512
1509 101
1510 214
1511 30
1512 50
1513 122
1514 806
1515 286
1516 159
1517 29
1518 1
1519 0
1520 11
1521 37
1522 33
1523 32
1524 365
1525 1205
1526 825
1527 2360
1528 1728
1529 1214
1530 402
1531 22
1532 184
1533 655
1534 48
1535 392
1536 237
1537 227
1538 423
1539 275
1540 28
1541 330
1542 86
1543 225
1544 1302
1545 736
1546 849
1547 410
1548 127
1549 322
1550 570
1551 159
1552 121
1553 236
1554 127
1555 162
1556 712
1557 1285
1558 147
1559 139
1560 272
1561 859
1562 531
1563 512
1564 18
1565 29
1566 223
1567 222
1568 612
1569 18
1570 33
1571 127
1572 1725
1573 3367
1574 1131
1575 129
1576 1140
1577 548
1578 341
1579 763
1580 948
1581 363
1582 440
1583 362
1584 203
1585 59
1586 12
1587 164
1588 528
1589 69
1590 1077
1591 418
1592 312
1593 259
1594 259
1595 914
1596 615
1597 86
1598 31
1599 112
1600 835
1601 293
1602 809
1603 120
1604 67
1605 11
1606 47
1607 128
1608 6
1609 10
1610 21
1611 5
1612 233
1613 290
1614 176
1615 28
1616 388
1617 1471
1618 1249
1619 2098
1620 953
1621 1477
1622 1264
1623 475
1624 352
1625 58
1626 928
1627 540
1628 258
1629 568
1630 321
1631 265
1632 333
1633 268
1634 426
1635 167
1636 160
1637 269
1638 260
1639 277
1640 550
1641 126
1642 13
1643 26
1644 50
1645 904
1646 1691
1647 308
1648 569
1649 270
1650 194
1651 548
1652 1402
1653 61
1654 197
1655 645
1656 692
1657 180
1658 291
1659 429
1660 253
1661 290
1662 287
1663 69
1664 333
1665 443
1666 309
1667 785
1668 725
1669 12
1670 152
1671 175
1672 9
1673 43
1674 14
1675 22
1676 19
1677 1689
1678 1108
1679 905
1680 934
1681 347
1682 524
1683 568
1684 317
1685 689
1686 423
1687 147
1688 253
1689 391
1690 140
1691 353
1692 112
1693 235
1694 370
1695 39
1696 185
1697 53
1698 98
1699 104
1700 50
1701 787
1702 91
1703 256
1704 0
1705 16
1706 74
1707 212
1708 14
1709 283
1710 1492
1711 502
1712 279
1713 249
1714 220
1715 709
1716 436
1717 344
1718 101
1719 225
1720 41
1721 253
1722 74
1723 63
1724 102
1725 68
1726 224
1727 147
1728 582
1729 479
1730 35
1731 65
1732 26
1733 201
1734 86
1735 22
1736 166
1737 353
1738 579
1739 581
1740 318
1741 121
1742 461
1743 56
1744 233
1745 372
1746 189
1747 14
1748 42
1749 73
1750 140
1751 349
1752 538
1753 55
1754 28
1755 193
1756 102
1757 161
1758 200
1759 17
1760 8
1761 557
1762 169
1763 279
1764 282
1765 289
1766 173
1767 583
1768 335
1769 7
1770 55
1771 132
1772 312
1773 505
1774 228
1775 211
1776 194
1777 308
1778 522
1779 12
1780 79
1781 6
1782 302
1783 41
1784 94
1785 133
1786 27
1787 372
1788 223
1789 87
1790 272
1791 13
1792 404
1793 164
1794 26
1795 0
1796 78
1797 664
1798 637
1799 1172
1800 1046
1801 299
1802 354
1803 95
1804 198
1805 969
1806 962
1807 192
1808 248
1809 9
1810 306
1811 162
1812 113
1813 137
1814 101
1815 115
1816 73
1817 26
1818 130
1819 46
1820 283
1821 184
1822 143
1823 190
1824 665
1825 254
1826 67
1827 188
1828 305
1829 536
1830 45
1831 421
1832 116
1833 409
1834 85
1835 565
1836 222
1837 54
1838 213
1839 109
1840 163
1841 146
1842 63
1843 241
1844 729
1845 472
1846 141
1847 203
1848 435
1849 767
1850 103
1851 52
1852 96
1853 312
1854 142
1855 354
1856 207
1857 91
1858 554
1859 735
1860 194
1861 458
1862 454
1863 30
1864 210
1865 66
1866 234
1867 1821
1868 397
1869 248
1870 60
1871 231
1872 850
1873 428
1874 156
1875 61
1876 62
1877 181
1878 221
1879 172
1880 9
1881 443
1882 656
1883 817
1884 431
1885 186
1886 80
1887 78
1888 14
1889 400
1890 421
1891 137
1892 237
1893 318
1894 1120
1895 1216
1896 476
1897 129
1898 125
1899 105
1900 535
1901 333
1902 66
1903 715
1904 225
1905 375
1906 243
1907 346
1908 216
1909 218
1910 222
1911 335
1912 621
1913 297
1914 69
1915 27
1916 40
1917 368
1918 176
1919 425
1920 143
1921 323
1922 63
1923 311
1924 337
1925 379
1926 67
1927 78
1928 76
1929 96
1930 170
1931 334
1932 117
1933 45
1934 156
1935 365
1936 421
1937 57
1938 47
1939 112
1940 398
1941 330
1942 874
1943 702
1944 91
1945 139
1946 169
1947 34
1948 160
1949 120
1950 126
1951 394
1952 274
1953 454
1954 225
1955 589
1956 109
1957 223
1958 339
1959 159
1960 141
1961 34
1962 10
1963 68
1964 758
1965 768
1966 83
1967 363
1968 755
1969 323
1970 177
1971 303
1972 682
1973 87
1974 182
1975 394
1976 156
1977 0
1978 44
1979 29
1980 334
1981 668
1982 291
1983 63
1984 120
1985 600
1986 306
1987 29
1988 46
1989 413
1990 202
1991 305
1992 239
1993 122
1994 254
1995 638
1996 972
1997 339
1998 156
1999 384
2000 367
2001 14
2002 60
2003 211
2004 615
2005 324
2006 166
2007 220
2008 170
2009 242
2010 313
2011 371
2012 65
2013 49
2014 396
2015 329
2016 583
2017 779
2018 60
2019 530
2020 197
2021 140
2022 126
2023 590
2024 829
2025 26
2026 219
2027 207
2028 179
2029 120
2030 363
2031 504
2032 315
2033 121
2034 364
2035 453
2036 708
2037 248
2038 207
2039 153
2040 113
2041 108
2042 150
2043 496
2044 103
2045 209
2046 195
2047 197
2048 566
2049 715
2050 435
2051 440
2052 40
2053 46
2054 270
2055 1005
2056 145
2057 192
2058 213
2059 189
2060 190
2061 424
2062 283
2063 277
2064 61
2065 52
2066 454
2067 319
2068 18
2069 470
2070 111
2071 261
2072 600
2073 503
2074 255
2075 379
2076 543
2077 141
2078 14
2079 61
2080 345
2081 661
2082 441
2083 299
2084 214
2085 139
2086 401
2087 313
2088 469
2089 347
2090 253
2091 161
2092 127
2093 164
2094 265
2095 906
2096 275
2097 1049
2098 510
2099 308
2100 122
2101 75
2102 15
2103 765
2104 689
2105 308
2106 5
2107 10
2108 114
2109 84
2110 522
2111 339
2112 506
2113 298
2114 196
2115 383
2116 255
2117 206
2118 606
2119 667
2120 130
2121 123
2122 50
2123 52
2124 585
2125 66
2126 350
2127 358
2128 557
2129 183
2130 238
2131 624
2132 762
2133 69
2134 3
2135 68
2136 20
2137 383
2138 733
2139 196
2140 57
2141 9
2142 7
2143 10
2144 487
2145 491
2146 208
2147 105
2148 708
2149 311
2150 847
2151 106
2152 514
2153 599
2154 464
2155 153
2156 23
2157 55
2158 38
2159 221
2160 611
2161 637
2162 3
2163 24
2164 115
2165 467
2166 237
2167 218
2168 140
2169 317
2170 101
2171 58
2172 390
2173 277
2174 18
2175 169
2176 20
2177 315
2178 45
2179 124
2180 63
2181 164
2182 107
2183 223
2184 74
2185 0
2186 11
2187 363
2188 146
2189 136
2190 412
2191 342
2192 127
2193 467
2194 75
2195 26
2196 9
2197 70
2198 39
2199 260
2200 120
2201 240
2202 298
2203 512
2204 72
2205 502
2206 454
2207 120
2208 24
2209 217
2210 167
2211 374
2212 790
2213 574
2214 107
2215 150
2216 27
2217 54
2218 28
2219 58
2220 256
2221 10
2222 14
2223 139
2224 314
2225 74
2226 40
2227 489
2228 374
2229 369
2230 426
2231 58
2232 158
2233 249
2234 16
2235 58
2236 20
2237 168
2238 70
2239 10
2240 0
2241 48
2242 29
2243 583
2244 273
2245 39
2246 101
2247 413
2248 762
2249 121
2250 610
2251 294
2252 69
2253 209
2254 618
2255 270
2256 448
2257 91
2258 18
2259 73
2260 441
2261 74
2262 31
2263 11
2264 16
2265 147
2266 758
2267 573
2268 488
2269 703
2270 701
2271 388
2272 15
2273 79
2274 850
2275 583
2276 281
2277 616
2278 178
2279 44
2280 34
2281 509
2282 708
2283 67
2284 0
2285 51
2286 396
2287 92
2288 119
2289 153
2290 550
2291 867
2292 66
2293 14
2294 708
2295 558
2296 130
2297 287
2298 149
2299 25
2300 257
2301 400
2302 245
2303 9
2304 134
2305 32
2306 72
2307 224
2308 670
2309 205
2310 201
2311 209
2312 135
2313 142
2314 310
2315 150
2316 712
2317 258
2318 5
2319 98
2320 572
2321 329
2322 276
2323 0
2324 4
2325 70
2326 608
2327 1047
2328 215
2329 39
2330 71
2331 32
2332 129
2333 133
2334 966
2335 1209
2336 149
2337 23
2338 141
2339 361
2340 302
2341 79
2342 4
2343 0
2344 226
2345 445
2346 255
2347 358
2348 53
2349 182
2350 300
2351 485
2352 408
2353 678
2354 389
2355 95
2356 288
2357 102
2358 43
2359 0
2360 9
2361 7
2362 7
2363 629
2364 533
2365 66
2366 467
2367 352
2368 92
2369 230
2370 437
2371 250
2372 240
2373 152
2374 21
2375 331
2376 432
2377 11
2378 7
2379 49
2380 91
2381 21
2382 593
2383 303
2384 193
2385 780
2386 208
2387 561
2388 935
2389 545
2390 363
2391 678
2392 67
2393 94
2394 587
2395 212
2396 77
2397 18
2398 487
2399 21
2400 59
2401 335
2402 1271
2403 86
2404 171
2405 406
2406 589
2407 419
2408 235
2409 319
2410 222
2411 492
2412 320
2413 66
2414 0
2415 151
2416 34
2417 91
2418 23
2419 359
2420 668
2421 501
2422 1201
2423 168
2424 278
2425 314
2426 480
2427 571
2428 736
2429 148
2430 13
2431 175
2432 420
2433 0
2434 67
2435 204
2436 227
2437 114
2438 755
2439 72
2440 269
2441 577
2442 552
2443 255
2444 294
2445 300
2446 50
2447 4
2448 10
2449 289
2450 29
2451 81
2452 43
2453 20
2454 233
2455 202
2456 382
2457 295
2458 49
2459 194
2460 44
2461 22
2462 2
2463 28
2464 161
2465 1119
2466 198
2467 8
2468 76
2469 95
2470 212
2471 144
2472 135
2473 25
2474 12
2475 13
2476 0
2477 63
2478 268
2479 19
2480 99
2481 138
2482 33
2483 119
2484 186
2485 315
2486 126
2487 395
2488 61
2489 116
2490 19
2491 9
2492 0
2493 3
2494 122
2495 270
2496 98
2497 160
2498 37
2499 217
2500 94
2501 90
2502 127
2503 497
2504 23
2505 4
2506 33
2507 18
2508 13
2509 114
2510 51
2511 80
2512 78
2513 138
2514 0
2515 0
2516 54
2517 0
2518 0
2519 19
2520 70
2521 40
2522 72
2523 189
2524 10
2525 8
2526 269
2527 127
2528 2
2529 44
2530 83
2531 44
2532 24
2533 13
2534 449
2535 543
2536 96
2537 143
2538 218
2539 39
2540 5
2541 38
2542 632
2543 160
2544 186
2545 556
2546 39
2547 20
2548 158
2549 80
2550 47
2551 24
2552 196
2553 319
2554 113
2555 5
2556 0
2557 38
2558 101
2559 92
2560 276
2561 235
2562 63
2563 184
2564 55
2565 56
2566 91
2567 53
2568 62
2569 17
2570 53
2571 28
2572 0
2573 97
2574 5
2575 220
2576 12
2577 23
2578 17
2579 13
2580 0
2581 0
2582 0
2583 0
2584 0
2585 0
2586 0
2587 0
2588 0
2589 0
2590 0
2591 0
2592 0
2593 0
2594 0
2595 0
2596 0
2597 0
2598 1
