0 3504
1 48
2 331
3 145
4 1114
5 2154
6 71
7 89
8 58
9 149
10 816
11 2283
12 256
13 1670
14 2742
15 1160
16 1955
17 358
18 187
19 4547
20 31
21 632
22 323
23 3130
24 19
25 1240
26 106
27 198
28 81
29 583
30 75
31 306
32 60
33 1169
34 159
35 1731
36 250
37 833
38 452
39 542
40 735
41 152
42 346
43 311
44 2405
45 32
46 268
47 155
48 333
49 3296
50 1777
51 495
52 3051
53 3032
54 2725
55 308
56 646
57 2034
58 2549
59 305
60 656
61 4244
62 3082
63 266
64 397
65 7866
66 849
67 2681
68 1350
69 131
70 671
71 684
72 199
73 94
74 2513
75 6037
76 272
77 2362
78 5816
79 5683
80 607
81 124
82 2255
83 1145
84 436
85 156
86 2479
87 8472
88 7347
89 262
90 208
91 201
92 407
93 2494
94 722
95 28
96 577
97 4090
98 977
99 4364
100 75
101 336
102 1665
103 3226
104 636
105 727
106 4132
107 847
108 4076
109 3539
110 270
111 1557
112 1778
113 680
114 2374
115 1243
116 4248
117 730
118 504
119 2091
120 88
121 1736
122 6755
123 1952
124 650
125 154
126 415
127 654
128 669
129 1717
130 724
131 1952
132 487
133 11
134 298
135 5374
136 2662
137 10052
138 695
139 670
140 5118
141 4874
142 867
143 872
144 97
145 299
146 3574
147 855
148 4169
149 2284
150 1020
151 3
152 32
153 1542
154 1146
155 1874
156 690
157 1236
158 11265
159 1764
160 687
161 792
162 59
163 1167
164 2155
165 3038
166 4071
167 2197
168 1213
169 853
170 4965
171 3979
172 1236
173 853
174 4779
175 9055
176 5864
177 710
178 908
179 45
180 4342
181 487
182 14997
183 6962
184 2662
185 2238
186 10848
187 9659
188 4806
189 554
190 854
191 29
192 39
193 128
194 102
195 35
196 4904
197 2674
198 190
199 4725
200 3397
201 3137
202 1208
203 4938
204 3189
205 7292
206 12339
207 2865
208 1686
209 93
210 6740
211 201
212 903
213 2580
214 5
215 3084
216 196
217 729
218 2263
219 10797
220 1895
221 6606
222 6701
223 6671
224 11151
225 5571
226 4259
227 728
228 49
229 636
230 133
231 84
232 5
233 578
234 3
235 627
236 6
237 43
238 1530
239 6222
240 236
241 6015
242 7886
243 1219
244 7859
245 1764
246 2794
247 101
248 1597
249 1165
250 848
251 176
252 677
253 10
254 375
255 1652
256 18443
257 6300
258 1164
259 161
260 9
261 8
262 344
263 2425
264 332
265 605
266 165
267 492
268 576
269 65
270 1922
271 4329
272 1405
273 7
274 585
275 474
276 434
277 193
278 449
279 1594
280 177
281 110
282 1707
283 11601
284 312
285 440
286 1253
287 897
288 931
289 564
290 11316
291 2612
292 13232
293 4114
294 149
295 2636
296 2973
297 1187
298 1635
299 617
300 2584
301 2091
302 3045
303 2692
304 12583
305 3927
306 3014
307 5499
308 45
309 2911
310 1704
311 2572
312 3158
313 655
314 712
315 4104
316 3864
317 4966
318 10706
319 432
320 1678
321 2161
322 605
323 953
324 51
325 200
326 909
327 382
328 118
329 35
330 448
331 2415
332 644
333 5359
334 7582
335 6450
336 703
337 2782
338 9421
339 4966
340 68
341 268
342 308
343 104
344 399
345 125
346 1414
347 145
348 2443
349 804
350 1187
351 9822
352 1899
353 336
354 30
355 120
356 122
357 2003
358 45
359 2558
360 2057
361 4050
362 5469
363 150
364 7
365 61
366 872
367 1682
368 3701
369 3505
370 839
371 733
372 1157
373 1841
374 822
375 1010
376 2262
377 147
378 614
379 2499
380 2393
381 118
382 2568
383 179
384 2341
385 3658
386 19
387 92
388 2002
389 3847
390 6636
391 4808
392 8770
393 270
394 5007
395 2025
396 6834
397 1556
398 11
399 3374
400 161
401 1232
402 792
403 1058
404 2303
405 1504
406 7834
407 6511
408 2109
409 210
410 718
411 1287
412 1543
413 5882
414 3694
415 252
416 1069
417 1260
418 194
419 883
420 399
421 182
422 2165
423 2015
424 2786
425 1185
426 914
427 975
428 4313
429 217
430 10000
431 553
432 971
433 1003
434 112
435 299
436 4605
437 6584
438 11824
439 2611
440 4011
441 3249
442 1509
443 5370
444 861
445 776
446 581
447 127
448 2450
449 889
450 1888
451 1088
452 1836
453 3958
454 7781
455 1354
456 4749
457 10152
458 6523
459 43
460 301
461 7400
462 4288
463 2287
464 2411
465 2480
466 489
467 3453
468 1726
469 3664
470 4359
471 4725
472 2881
473 1695
474 3125
475 1105
476 220
477 384
478 140
479 595
480 397
481 664
482 914
483 227
484 2956
485 992
486 3037
487 4328
488 1778
489 7220
490 2325
491 1778
492 8558
493 15384
494 1278
495 2398
496 1448
497 869
498 7189
499 1713
500 1302
501 1152
502 902
503 399
504 149
505 1262
506 1995
507 292
508 237
509 5515
510 454
511 777
512 4898
513 5841
514 2040
515 5762
516 2857
517 2654
518 134
519 1695
520 7067
521 6501
522 264
523 1007
524 944
525 88
526 132
527 413
528 1571
529 382
530 255
531 452
532 3080
533 3002
534 658
535 2492
536 5584
537 959
538 926
539 4854
540 807
541 1549
542 637
543 4725
544 4431
545 318
546 1908
547 14
548 1960
549 86
550 917
551 603
552 5633
553 5744
554 8514
555 7793
556 1645
557 992
558 2357
559 4279
560 1251
561 3474
562 1131
563 141
564 120
565 41
566 0
567 465
568 179
569 68
570 443
571 2479
572 1696
573 1196
574 268
575 5254
576 1481
577 2426
578 2718
579 1704
580 664
581 204
582 429
583 2159
584 3770
585 3498
586 2243
587 774
588 4718
589 9650
590 286
591 221
592 2075
593 146
594 381
595 785
596 424
597 271
598 2915
599 4036
600 4466
601 9361
602 1236
603 961
604 1618
605 1033
606 3263
607 3197
608 6052
609 1635
610 4098
611 2105
612 5703
613 3532
614 8632
615 5883
616 5096
617 59
618 337
619 298
620 1017
621 133
622 1132
623 475
624 534
625 3441
626 2744
627 9111
628 5827
629 4972
630 8424
631 1185
632 2268
633 1602
634 2343
635 1400
636 3457
637 206
638 1810
639 3749
640 475
641 3142
642 2917
643 7847
644 1565
645 5888
646 3219
647 413
648 308
649 24
650 11
651 2206
652 2586
653 839
654 672
655 932
656 869
657 379
658 3008
659 2152
660 181
661 1445
662 234
663 4512
664 991
665 518
666 4136
667 3158
668 282
669 1826
670 2724
671 6288
672 723
673 424
674 870
675 240
676 4247
677 5481
678 4046
679 2580
680 6546
681 5347
682 284
683 1062
684 798
685 2499
686 615
687 69
688 64
689 762
690 3936
691 2536
692 1172
693 48
694 474
695 935
696 1268
697 828
698 665
699 2590
700 1500
701 2023
702 3111
703 275
704 904
705 4978
706 7949
707 3309
708 293
709 3677
710 253
711 23
712 566
713 482
714 5
715 380
716 1518
717 5275
718 2420
719 2144
720 4783
721 988
722 544
723 97
724 1171
725 523
726 1065
727 755
728 733
729 3103
730 2360
731 4860
732 858
733 2377
734 3452
735 1413
736 4537
737 3253
738 7244
739 8328
740 2795
741 1809
742 171
743 1170
744 5599
745 171
746 71
747 35
748 4025
749 1655
750 10528
751 326
752 3036
753 691
754 1983
755 149
756 1452
757 524
758 739
759 2980
760 1471
761 532
762 2245
763 947
764 7948
765 2780
766 2688
767 2528
768 132
769 1564
770 9110
771 1369
772 633
773 0
774 2109
775 3358
776 1915
777 2188
778 1764
779 234
780 54
781 567
782 1854
783 506
784 1315
785 562
786 2145
787 1435
788 463
789 7316
790 873
791 921
792 1836
793 3745
794 3341
795 1
796 3807
797 5714
798 2773
799 1543
800 819
801 11
802 1247
803 90
804 281
805 84
806 3292
807 1388
808 788
809 2340
810 3067
811 677
812 2046
813 2351
814 582
815 198
816 3
817 2
818 1585
819 6765
820 5615
821 5856
822 2576
823 3280
824 685
825 1080
826 494
827 2083
828 1308
829 720
830 587
831 971
832 1426
833 1682
834 3448
835 1147
836 1839
837 940
838 799
839 403
840 64
841 597
842 428
843 2
844 1432
845 2864
846 2617
847 4279
848 2756
849 729
850 1838
851 63
852 1600
853 354
854 138
855 1087
856 374
857 2131
858 1928
859 334
860 379
861 1864
862 3313
863 769
864 1363
865 2035
866 612
867 1924
868 637
869 579
870 1032
871 408
872 112
873 401
874 9
875 73
876 608
877 6995
878 2587
879 2094
880 9276
881 2833
882 424
883 350
884 1495
885 155
886 322
887 240
888 942
889 4801
890 424
891 466
892 1241
893 1118
894 758
895 1441
896 1043
897 1688
898 755
899 447
900 3
901 80
902 841
903 11668
904 5166
905 1051
906 4943
907 6580
908 5227
909 208
910 494
911 3912
912 56
913 101
914 699
915 2036
916 128
917 819
918 3028
919 1031
920 1966
921 2469
922 785
923 171
924 981
925 224
926 612
927 2010
928 4
929 204
930 2894
931 9304
932 3178
933 9794
934 4097
935 6409
936 995
937 674
938 3605
939 652
940 2564
941 1010
942 8
943 158
944 2264
945 3181
946 1534
947 130
948 24
949 1818
950 2883
951 285
952 1451
953 4648
954 2202
955 8942
956 9690
957 2120
958 1400
959 3048
960 1853
961 287
962 946
963 1368
964 1615
965 361
966 1159
967 983
968 1195
969 4506
970 1592
971 67
972 2326
973 5473
974 1795
975 2966
976 563
977 177
978 7252
979 1274
980 9140
981 10652
982 2087
983 1073
984 6989
985 6040
986 1463
987 430
988 7
989 46
990 134
991 380
992 559
993 3448
994 1868
995 535
996 1018
997 250
998 481
999 2388
1000 1032
1001 2904
1002 4397
1003 51
1004 17
1005 71
1006 23
1007 3996
1008 7974
1009 28
1010 1471
1011 787
1012 382
1013 5
1014 30
1015 104
1016 1996
1017 2704
1018 261
1019 2214
1020 1900
1021 3152
1022 1966
1023 762
1024 1149
1025 959
1026 3450
1027 9013
1028 1822
1029 671
1030 721
1031 2513
1032 73
1033 248
1034 1253
1035 2685
1036 1527
1037 669
1038 6750
1039 3902
1040 5692
1041 3706
1042 114
1043 970
1044 398
1045 667
1046 1341
1047 1047
1048 3354
1049 442
1050 602
1051 24
1052 82
1053 152
1054 381
1055 1169
1056 1727
1057 2529
1058 3840
1059 6299
1060 5946
1061 1530
1062 12
1063 150
1064 1
1065 212
1066 152
1067 728
1068 237
1069 679
1070 662
1071 358
1072 2483
1073 955
1074 4383
1075 546
1076 676
1077 65
1078 2779
1079 406
1080 4999
1081 2795
1082 1300
1083 2518
1084 2227
1085 666
1086 67
1087 405
1088 102
1089 115
1090 2304
1091 3279
1092 2463
1093 3481
1094 1707
1095 259
1096 1388
1097 533
1098 1761
1099 9180
1100 267
1101 632
1102 556
1103 1123
1104 467
1105 845
1106 10099
1107 9788
1108 1649
1109 127
1110 17810
1111 4399
1112 465
1113 2922
1114 4594
1115 314
1116 52
1117 348
1118 312
1119 2648
1120 2471
1121 2148
1122 691
1123 287
1124 1341
1125 241
1126 1782
1127 56
1128 2364
1129 3474
1130 182
1131 117
1132 14
1133 2152
1134 1432
1135 982
1136 5
1137 7
1138 54
1139 3280
1140 13956
1141 10457
1142 3810
1143 130
1144 504
1145 15
1146 830
1147 13
1148 111
1149 2935
1150 4429
1151 392
1152 419
1153 635
1154 1153
1155 3626
1156 2328
1157 4152
1158 1193
1159 458
1160 1187
1161 442
1162 2240
1163 9
1164 242
1165 49
1166 1828
1167 2398
1168 3790
1169 642
1170 6358
1171 104
1172 77
1173 961
1174 235
1175 405
1176 3640
1177 3866
1178 500
1179 2958
1180 294
1181 2031
1182 1485
1183 2839
1184 2729
1185 5748
1186 3151
1187 2285
1188 375
1189 121
1190 119
1191 2412
1192 2423
1193 182
1194 732
1195 246
1196 712
1197 206
1198 1628
1199 2261
1200 1417
1201 225
1202 100
1203 7399
1204 581
1205 278
1206 1059
1207 99
1208 833
1209 472
1210 2135
1211 1884
1212 4475
1213 346
1214 1209
1215 2459
1216 2366
1217 8541
1218 5611
1219 1084
1220 3292
1221 1828
1222 778
1223 2322
1224 2102
1225 615
1226 1464
1227 489
1228 2314
1229 3693
1230 1190
1231 186
1232 1362
1233 2816
1234 3212
1235 9097
1236 1420
1237 1827
1238 2727
1239 103
1240 1065
1241 16
1242 292
1243 2709
1244 67
1245 782
1246 465
1247 1531
1248 3355
1249 5102
1250 281
1251 2051
1252 7715
1253 9967
1254 12063
1255 2717
1256 2112
1257 815
1258 4581
1259 478
1260 1660
1261 618
1262 1840
1263 2078
1264 5165
1265 3926
1266 2422
1267 728
1268 159
1269 173
1270 374
1271 1147
1272 2228
1273 2048
1274 12252
1275 5396
1276 476
1277 1019
1278 1241
1279 1574
1280 137
1281 211
1282 179
1283 111
1284 41
1285 22
1286 1607
1287 3252
1288 970
1289 2714
1290 2497
1291 2684
1292 1141
1293 1400
1294 18503
1295 13907
1296 1117
1297 325
1298 1544
1299 5021
1300 966
1301 35
1302 1242
1303 2569
1304 7912
1305 1537
1306 996
1307 4230
1308 3146
1309 3093
1310 566
1311 2112
1312 65
1313 65
1314 126
1315 7180
1316 5579
1317 6337
1318 7004
1319 6824
1320 7313
1321 12325
1322 6813
1323 980
1324 782
1325 1301
1326 432
1327 668
1328 33
1329 1458
1330 525
1331 987
1332 3986
1333 1055
1334 313
1335 845
1336 736
1337 2492
1338 2390
1339 7492
1340 8686
1341 1361
1342 1338
1343 3920
1344 3562
1345 1240
1346 962
1347 695
1348 508
1349 1479
1350 7398
1351 616
1352 279
1353 6015
1354 750
1355 3569
1356 3195
1357 843
1358 1184
1359 4242
1360 568
1361 72
1362 95
1363 2619
1364 8947
1365 11350
1366 2146
1367 3169
1368 3186
1369 6820
1370 4555
1371 4246
1372 23
1373 407
1374 83
1375 84
1376 380
1377 475
1378 1082
1379 3772
1380 4456
1381 580
1382 626
1383 711
1384 1629
1385 805
1386 2363
1387 6387
1388 2010
1389 845
1390 4729
1391 2448
1392 950
1393 1025
1394 624
1395 2341
1396 2382
1397 1837
1398 41
1399 716
1400 4846
1401 3114
1402 2567
1403 3428
1404 3043
1405 1230
1406 1479
1407 4266
1408 3836
1409 3989
1410 3294
1411 1357
1412 1406
1413 6
1414 806
1415 408
1416 3213
1417 4555
1418 3080
1419 6611
1420 3137
1421 8768
1422 2348
1423 164
1424 776
1425 161
1426 670
1427 2524
1428 5596
1429 7076
1430 4172
1431 6169
1432 3905
1433 1618
1434 1869
1435 2361
1436 1706
1437 3901
1438 221
1439 32
1440 2415
1441 2336
1442 13050
1443 2232
1444 2449
1445 5007
1446 6943
1447 1589
1448 2235
1449 1180
1450 1074
1451 8345
1452 1562
1453 4988
1454 3111
1455 497
1456 2283
1457 8512
1458 269
1459 7912
1460 2492
1461 1388
1462 820
1463 1625
1464 99
1465 1692
1466 2619
1467 2221
1468 571
1469 571
1470 201
1471 16
1472 425
1473 462
1474 393
1475 2314
1476 9980
1477 16325
1478 4553
1479 3511
1480 4607
1481 4248
1482 947
1483 2807
1484 1905
1485 41
1486 1291
1487 338
1488 3896
1489 3340
1490 14323
1491 3754
1492 2023
1493 3817
1494 4309
1495 1121
1496 7163
1497 8853
1498 1123
1499 2857
1500 5080
1501 1455
1502 2109
1503 903
1504 3552
1505 6567
1506 1026
1507 2372
1508 6519
1509 1387
1510 2426
1511 368
1512 558
1513 1291
1514 8778
1515 3095
1516 1780
1517 237
1518 11
1519 7
1520 102
1521 241
1522 377
1523 296
1524 2547
1525 6781
1526 4682
1527 13210
1528 10418
1529 6861
1530 2695
1531 156
1532 954
1533 5000
1534 532
1535 4644
1536 2554
1537 2629
1538 4505
1539 2906
1540 259
1541 3584
1542 938
1543 2519
1544 14419
1545 8486
1546 9533
1547 4471
1548 1427
1549 3031
1550 5965
1551 1499
1552 1358
1553 2478
1554 1399
1555 1721
1556 7026
1557 13615
1558 1661
1559 1660
1560 2980
1561 8867
1562 6227
1563 5097
1564 135
1565 423
1566 2226
1567 2409
1568 6617
1569 119
1570 228
1571 1100
1572 15423
1573 29625
1574 11458
1575 1104
1576 10143
1577 4152
1578 2175
1579 4321
1580 5878
1581 2544
1582 2866
1583 1915
1584 2034
1585 693
1586 114
1587 1970
1588 5873
1589 614
1590 11283
1591 3909
1592 2980
1593 3145
1594 3180
1595 9126
1596 6371
1597 952
1598 354
1599 947
1600 8861
1601 2924
1602 8128
1603 1081
1604 784
1605 98
1606 491
1607 1439
1608 23
1609 85
1610 154
1611 31
1612 2416
1613 3070
1614 1868
1615 252
1616 3509
1617 14337
1618 11501
1619 16549
1620 6987
1621 10380
1622 7024
1623 2938
1624 2980
1625 636
1626 10154
1627 4890
1628 1954
1629 5210
1630 3645
1631 2947
1632 3745
1633 3218
1634 5231
1635 1576
1636 1572
1637 2655
1638 2749
1639 3226
1640 5440
1641 1257
1642 133
1643 338
1644 528
1645 10570
1646 17800
1647 3399
1648 6032
1649 2762
1650 1933
1651 6015
1652 10734
1653 359
1654 1766
1655 6388
1656 6872
1657 1569
1658 3181
1659 5376
1660 2608
1661 3435
1662 3423
1663 893
1664 3486
1665 5204
1666 3587
1667 7979
1668 7058
1669 157
1670 1582
1671 1778
1672 35
1673 487
1674 120
1675 227
1676 221
1677 17706
1678 10444
1679 8574
1680 9263
1681 2366
1682 4954
1683 5581
1684 2952
1685 3698
1686 2249
1687 865
1688 1356
1689 3658
1690 1725
1691 4509
1692 1448
1693 3058
1694 4337
1695 383
1696 1904
1697 566
1698 1089
1699 1320
1700 542
1701 8671
1702 927
1703 2826
1704 19
1705 106
1706 654
1707 2290
1708 157
1709 3127
1710 16199
1711 4895
1712 3026
1713 2283
1714 2301
1715 5338
1716 4121
1717 2088
1718 536
1719 1089
1720 372
1721 3249
1722 914
1723 578
1724 1051
1725 870
1726 2399
1727 1768
1728 6111
1729 4853
1730 339
1731 694
1732 249
1733 2081
1734 1051
1735 179
1736 1514
1737 2339
1738 6112
1739 6385
1740 4225
1741 1404
1742 4070
1743 697
1744 2768
1745 4475
1746 2017
1747 140
1748 470
1749 749
1750 1540
1751 4035
1752 5887
1753 591
1754 333
1755 1721
1756 1005
1757 1498
1758 1932
1759 139
1760 83
1761 4614
1762 1170
1763 1606
1764 2923
1765 3055
1766 1881
1767 3539
1768 1688
1769 108
1770 670
1771 1658
1772 2933
1773 5375
1774 2371
1775 2238
1776 2378
1777 3074
1778 5471
1779 139
1780 873
1781 21
1782 3053
1783 245
1784 1026
1785 1426
1786 172
1787 2410
1788 1524
1789 1002
1790 1848
1791 147
1792 4123
1793 917
1794 171
1795 8
1796 409
1797 3558
1798 6392
1799 12055
1800 9836
1801 3506
1802 4343
1803 1147
1804 2282
1805 9570
1806 9478
1807 2144
1808 2569
1809 154
1810 3355
1811 1535
1812 1102
1813 1090
1814 856
1815 1288
1816 913
1817 225
1818 1890
1819 416
1820 2100
1821 1529
1822 927
1823 1005
1824 3630
1825 1189
1826 377
1827 1144
1828 1654
1829 2740
1830 186
1831 4141
1832 1148
1833 4848
1834 1015
1835 6351
1836 2527
1837 596
1838 2091
1839 945
1840 1664
1841 1627
1842 724
1843 2343
1844 6419
1845 5304
1846 1910
1847 2416
1848 5092
1849 6197
1850 533
1851 302
1852 448
1853 1588
1854 1380
1855 4180
1856 2361
1857 881
1858 6528
1859 7826
1860 2135
1861 4724
1862 4667
1863 234
1864 1934
1865 686
1866 2100
1867 20694
1868 4502
1869 2533
1870 744
1871 2548
1872 5461
1873 2395
1874 706
1875 245
1876 317
1877 1015
1878 2589
1879 1905
1880 199
1881 4775
1882 7294
1883 8697
1884 4692
1885 2046
1886 754
1887 800
1888 158
1889 3672
1890 4098
1891 1451
1892 2802
1893 3429
1894 14013
1895 9032
1896 2782
1897 706
1898 627
1899 526
1900 2768
1901 1729
1902 364
1903 8350
1904 2795
1905 3840
1906 2704
1907 3788
1908 1976
1909 2341
1910 2211
1911 3246
1912 6699
1913 3410
1914 663
1915 284
1916 433
1917 3764
1918 1771
1919 4071
1920 1595
1921 3205
1922 870
1923 3052
1924 1825
1925 1886
1926 324
1927 325
1928 371
1929 452
1930 911
1931 3218
1932 1175
1933 520
1934 1602
1935 3632
1936 4456
1937 584
1938 563
1939 1087
1940 4139
1941 3306
1942 8930
1943 7286
1944 1033
1945 1311
1946 1589
1947 323
1948 1676
1949 1439
1950 1285
1951 4202
1952 2482
1953 4004
1954 1280
1955 3497
1956 518
1957 1300
1958 1826
1959 979
1960 713
1961 229
1962 81
1963 696
1964 8297
1965 8627
1966 817
1967 4230
1968 7854
1969 3374
1970 1699
1971 3070
1972 6585
1973 873
1974 1693
1975 3857
1976 1540
1977 9
1978 343
1979 317
1980 3741
1981 6454
1982 2027
1983 393
1984 677
1985 3246
1986 1506
1987 143
1988 227
1989 2325
1990 1232
1991 1561
1992 2526
1993 1224
1994 2842
1995 6270
1996 9889
1997 3712
1998 1785
1999 4059
2000 3975
2001 154
2002 734
2003 2101
2004 6198
2005 3022
2006 1206
2007 1298
2008 880
2009 1349
2010 1486
2011 1847
2012 388
2013 308
2014 2082
2015 1681
2016 6002
2017 8604
2018 601
2019 5112
2020 2058
2021 1518
2022 1151
2023 5644
2024 8342
2025 206
2026 2012
2027 1228
2028 1114
2029 596
2030 1858
2031 2661
2032 1766
2033 584
2034 1738
2035 2582
2036 3657
2037 1345
2038 1121
2039 907
2040 1163
2041 913
2042 1450
2043 5203
2044 1166
2045 2067
2046 1750
2047 2017
2048 6253
2049 7104
2050 4335
2051 4380
2052 402
2053 538
2054 1649
2055 5191
2056 805
2057 1006
2058 958
2059 1132
2060 1033
2061 2288
2062 1522
2063 1387
2064 332
2065 234
2066 2434
2067 3272
2068 169
2069 4860
2070 1273
2071 2682
2072 6157
2073 5381
2074 2573
2075 3820
2076 5666
2077 1484
2078 82
2079 649
2080 3323
2081 4847
2082 2339
2083 1734
2084 1138
2085 791
2086 1993
2087 1415
2088 2262
2089 1782
2090 1291
2091 868
2092 1490
2093 1572
2094 2827
2095 10114
2096 2778
2097 11675
2098 5815
2099 3171
2100 1378
2101 672
2102 171
2103 7318
2104 6863
2105 2959
2106 135
2107 69
2108 534
2109 461
2110 2659
2111 1819
2112 2714
2113 1518
2114 1052
2115 1790
2116 1118
2117 2146
2118 6735
2119 7214
2120 1391
2121 1496
2122 460
2123 504
2124 5887
2125 692
2126 3474
2127 3663
2128 2746
2129 846
2130 1201
2131 3073
2132 3685
2133 481
2134 20
2135 344
2136 85
2137 3908
2138 8095
2139 2137
2140 688
2141 75
2142 118
2143 145
2144 5036
2145 5224
2146 2032
2147 1006
2148 3767
2149 1628
2150 4085
2151 552
2152 2480
2153 3139
2154 2386
2155 729
2156 170
2157 559
2158 364
2159 2379
2160 6645
2161 7098
2162 16
2163 233
2164 1159
2165 5042
2166 2639
2167 2047
2168 1145
2169 3154
2170 1071
2171 228
2172 2117
2173 1372
2174 93
2175 841
2176 76
2177 3376
2178 626
2179 1321
2180 701
2181 1840
2182 1225
2183 2177
2184 698
2185 8
2186 41
2187 1820
2188 1971
2189 1505
2190 4423
2191 3589
2192 1356
2193 4949
2194 772
2195 228
2196 72
2197 726
2198 460
2199 1132
2200 695
2201 1963
2202 3445
2203 5208
2204 921
2205 4972
2206 4936
2207 1326
2208 105
2209 1058
2210 976
2211 2742
2212 6988
2213 4415
2214 592
2215 1207
2216 272
2217 586
2218 304
2219 696
2220 2684
2221 78
2222 66
2223 775
2224 3343
2225 694
2226 526
2227 5150
2228 4135
2229 3825
2230 4323
2231 470
2232 1498
2233 1222
2234 71
2235 315
2236 275
2237 1715
2238 587
2239 82
2240 14
2241 395
2242 189
2243 5841
2244 2983
2245 494
2246 796
2247 2351
2248 4028
2249 548
2250 3042
2251 1410
2252 388
2253 1036
2254 3081
2255 3053
2256 4079
2257 1102
2258 169
2259 669
2260 4558
2261 762
2262 358
2263 131
2264 141
2265 1599
2266 8036
2267 5384
2268 3404
2269 3849
2270 3834
2271 2040
2272 80
2273 400
2274 4471
2275 3326
2276 1508
2277 3335
2278 1799
2279 533
2280 371
2281 5068
2282 7020
2283 804
2284 2
2285 630
2286 4044
2287 895
2288 824
2289 780
2290 3176
2291 4441
2292 391
2293 80
2294 3436
2295 2849
2296 742
2297 1426
2298 1803
2299 196
2300 3084
2301 5263
2302 2257
2303 82
2304 1308
2305 332
2306 848
2307 2332
2308 5940
2309 1194
2310 1085
2311 1064
2312 784
2313 736
2314 1473
2315 749
2316 3852
2317 1241
2318 58
2319 963
2320 5572
2321 3352
2322 2851
2323 0
2324 22
2325 737
2326 6438
2327 10977
2328 2162
2329 307
2330 347
2331 148
2332 649
2333 671
2334 5162
2335 6346
2336 793
2337 152
2338 1512
2339 3546
2340 2907
2341 878
2342 18
2343 5
2344 2336
2345 4543
2346 2569
2347 2238
2348 273
2349 1129
2350 1539
2351 2563
2352 2194
2353 3592
2354 1983
2355 437
2356 1486
2357 483
2358 374
2359 12
2360 136
2361 70
2362 110
2363 5516
2364 3060
2365 363
2366 2373
2367 1882
2368 513
2369 1307
2370 2204
2371 1494
2372 1278
2373 757
2374 160
2375 3330
2376 4517
2377 117
2378 68
2379 661
2380 1038
2381 189
2382 3104
2383 1680
2384 1092
2385 4088
2386 1092
2387 2827
2388 4908
2389 2884
2390 1879
2391 3402
2392 852
2393 860
2394 5798
2395 2125
2396 733
2397 141
2398 5367
2399 113
2400 319
2401 1722
2402 6524
2403 483
2404 918
2405 2267
2406 2953
2407 2088
2408 1122
2409 1604
2410 1057
2411 4995
2412 3325
2413 728
2414 23
2415 1508
2416 254
2417 430
2418 97
2419 1843
2420 3319
2421 2781
2422 5978
2423 772
2424 1506
2425 1832
2426 2503
2427 3129
2428 8289
2429 1667
2430 73
2431 1938
2432 3888
2433 15
2434 400
2435 992
2436 1191
2437 620
2438 3902
2439 412
2440 1421
2441 3019
2442 3036
2443 1343
2444 1504
2445 3775
2446 618
2447 26
2448 21
2449 1422
2450 145
2451 373
2452 219
2453 129
2454 1171
2455 1099
2456 1644
2457 1493
2458 239
2459 965
2460 203
2461 273
2462 10
2463 404
2464 2177
2465 12665
2466 916
2467 23
2468 385
2469 420
2470 935
2471 690
2472 624
2473 155
2474 47
2475 53
2476 5
2477 732
2478 3684
2479 271
2480 1040
2481 754
2482 225
2483 661
2484 1026
2485 1471
2486 660
2487 2248
2488 359
2489 1186
2490 167
2491 82
2492 16
2493 80
2494 653
2495 1321
2496 471
2497 850
2498 170
2499 949
2500 502
2501 392
2502 535
2503 2605
2504 119
2505 69
2506 309
2507 50
2508 60
2509 481
2510 266
2511 403
2512 361
2513 743
2514 1
2515 11
2516 210
2517 14
2518 6
2519 64
2520 334
2521 483
2522 311
2523 937
2524 46
2525 31
2526 1433
2527 635
2528 16
2529 267
2530 1075
2531 290
2532 86
2533 61
2534 2194
2535 7293
2536 886
2537 1150
2538 1155
2539 193
2540 20
2541 197
2542 3128
2543 1130
2544 1077
2545 2593
2546 236
2547 110
2548 771
2549 698
2550 429
2551 121
2552 946
2553 1718
2554 624
2555 24
2556 15
2557 424
2558 492
2559 425
2560 1442
2561 1255
2562 305
2563 1895
2564 256
2565 284
2566 503
2567 576
2568 512
2569 103
2570 281
2571 180
2572 4
2573 499
2574 41
2575 1227
2576 64
2577 74
2578 91
2579 42
2580 7
2581 9
2582 1
2583 1
2584 3
2585 2
2586 0
2587 3
2588 3
2589 4
2590 0
2591 2
2592 2
2593 0
2594 1
2595 2
2596 0
2597 2
2598 16
