0 62
1 0
2 7
3 0
4 19
5 37
6 0
7 0
8 0
9 1
10 14
11 42
12 4
13 31
14 87
15 36
16 61
17 14
18 7
19 150
20 0
21 15
22 7
23 100
24 0
25 39
26 2
27 2
28 0
29 6
30 0
31 5
32 0
33 24
34 5
35 62
36 3
37 15
38 6
39 9
40 16
41 4
42 5
43 4
44 75
45 0
46 3
47 2
48 4
49 70
50 38
51 7
52 64
53 49
54 54
55 3
56 11
57 23
58 59
59 4
60 15
61 55
62 50
63 5
64 10
65 155
66 18
67 42
68 24
69 0
70 11
71 8
72 1
73 1
74 57
75 90
76 6
77 35
78 96
79 113
80 6
81 0
82 43
83 19
84 4
85 3
86 43
87 126
88 135
89 1
90 1
91 2
92 7
93 45
94 13
95 0
96 13
97 50
98 16
99 62
100 0
101 4
102 52
103 53
104 10
105 23
106 76
107 18
108 70
109 42
110 3
111 25
112 33
113 15
114 47
115 23
116 78
117 8
118 8
119 34
120 0
121 28
122 136
123 34
124 12
125 1
126 6
127 10
128 16
129 30
130 16
131 30
132 8
133 0
134 7
135 118
136 49
137 260
138 18
139 11
140 100
141 80
142 14
143 8
144 0
145 2
146 73
147 19
148 86
149 59
150 27
151 0
152 0
153 24
154 20
155 33
156 9
157 25
158 222
159 38
160 8
161 6
162 0
163 39
164 37
165 59
166 81
167 46
168 27
169 17
170 89
171 59
172 13
173 17
174 90
175 180
176 118
177 14
178 30
179 0
180 111
181 10
182 196
183 120
184 51
185 41
186 210
187 179
188 104
189 12
190 16
191 0
192 0
193 3
194 0
195 0
196 93
197 60
198 6
199 75
200 63
201 59
202 20
203 100
204 62
205 111
206 204
207 46
208 27
209 0
210 159
211 4
212 19
213 35
214 0
215 92
216 2
217 27
218 31
219 187
220 38
221 138
222 105
223 114
224 199
225 101
226 75
227 16
228 0
229 19
230 3
231 0
232 0
233 14
234 0
235 15
236 0
237 0
238 58
239 189
240 5
241 243
242 128
243 16
244 147
245 29
246 63
247 0
248 40
249 19
250 14
251 0
252 10
253 0
254 1
255 17
256 351
257 118
258 22
259 1
260 0
261 0
262 3
263 49
264 9
265 21
266 7
267 17
268 9
269 0
270 32
271 87
272 23
273 0
274 11
275 10
276 11
277 4
278 16
279 58
280 8
281 0
282 33
283 238
284 4
285 8
286 25
287 14
288 16
289 12
290 203
291 45
292 267
293 90
294 2
295 37
296 75
297 27
298 36
299 19
300 37
301 39
302 52
303 38
304 218
305 66
306 60
307 114
308 0
309 66
310 45
311 57
312 89
313 11
314 10
315 85
316 80
317 95
318 203
319 5
320 27
321 44
322 12
323 19
324 0
325 1
326 14
327 5
328 2
329 0
330 9
331 52
332 11
333 86
334 128
335 129
336 10
337 48
338 168
339 102
340 0
341 4
342 3
343 1
344 8
345 5
346 31
347 2
348 98
349 28
350 45
351 202
352 35
353 4
354 0
355 1
356 0
357 56
358 0
359 56
360 60
361 160
362 215
363 6
364 0
365 0
366 22
367 26
368 72
369 83
370 28
371 23
372 20
373 30
374 14
375 21
376 36
377 3
378 7
379 47
380 50
381 0
382 51
383 2
384 40
385 69
386 0
387 1
388 64
389 87
390 124
391 80
392 143
393 2
394 67
395 36
396 123
397 46
398 0
399 109
400 3
401 45
402 23
403 24
404 74
405 60
406 139
407 106
408 30
409 0
410 9
411 26
412 40
413 203
414 113
415 7
416 26
417 42
418 3
419 26
420 15
421 10
422 74
423 76
424 114
425 45
426 34
427 11
428 64
429 2
430 158
431 9
432 13
433 24
434 1
435 10
436 130
437 194
438 252
439 98
440 108
441 130
442 60
443 199
444 36
445 29
446 22
447 5
448 100
449 41
450 79
451 38
452 78
453 127
454 139
455 18
456 89
457 168
458 108
459 0
460 4
461 135
462 76
463 62
464 60
465 47
466 6
467 92
468 60
469 144
470 169
471 179
472 118
473 68
474 94
475 33
476 6
477 13
478 3
479 22
480 16
481 22
482 36
483 5
484 90
485 30
486 50
487 82
488 32
489 141
490 24
491 29
492 131
493 266
494 22
495 57
496 30
497 18
498 152
499 47
500 50
501 42
502 37
503 17
504 4
505 48
506 79
507 14
508 7
509 221
510 19
511 30
512 97
513 138
514 63
515 106
516 51
517 42
518 0
519 31
520 180
521 143
522 6
523 31
524 31
525 1
526 2
527 16
528 57
529 14
530 9
531 18
532 97
533 119
534 14
535 102
536 106
537 16
538 10
539 75
540 13
541 28
542 9
543 98
544 104
545 4
546 60
547 0
548 79
549 1
550 41
551 8
552 84
553 73
554 158
555 141
556 19
557 12
558 38
559 76
560 17
561 63
562 28
563 3
564 1
565 1
566 0
567 18
568 8
569 0
570 17
571 79
572 48
573 32
574 12
575 76
576 25
577 40
578 44
579 15
580 10
581 2
582 2
583 45
584 67
585 45
586 37
587 16
588 111
589 202
590 3
591 3
592 46
593 3
594 4
595 17
596 17
597 12
598 117
599 162
600 106
601 239
602 49
603 43
604 24
605 15
606 45
607 53
608 95
609 28
610 73
611 38
612 120
613 76
614 182
615 114
616 81
617 1
618 10
619 4
620 18
621 0
622 37
623 15
624 22
625 137
626 67
627 181
628 105
629 94
630 153
631 14
632 32
633 26
634 41
635 27
636 70
637 3
638 31
639 74
640 8
641 66
642 61
643 160
644 35
645 124
646 68
647 4
648 9
649 0
650 0
651 34
652 61
653 32
654 27
655 37
656 24
657 11
658 122
659 84
660 6
661 63
662 6
663 87
664 18
665 11
666 56
667 54
668 0
669 22
670 49
671 115
672 12
673 6
674 20
675 1
676 83
677 111
678 86
679 54
680 133
681 107
682 2
683 29
684 15
685 47
686 14
687 0
688 0
689 29
690 124
691 85
692 54
693 1
694 15
695 17
696 21
697 16
698 5
699 48
700 30
701 33
702 45
703 4
704 13
705 95
706 150
707 59
708 4
709 70
710 2
711 0
712 10
713 7
714 0
715 5
716 50
717 209
718 91
719 75
720 186
721 38
722 12
723 0
724 28
725 19
726 45
727 25
728 23
729 77
730 39
731 76
732 18
733 41
734 57
735 16
736 67
737 52
738 122
739 130
740 49
741 24
742 0
743 25
744 96
745 2
746 0
747 0
748 66
749 34
750 204
751 7
752 93
753 30
754 74
755 6
756 38
757 17
758 29
759 122
760 58
761 18
762 51
763 21
764 119
765 38
766 46
767 42
768 0
769 20
770 154
771 15
772 6
773 0
774 28
775 56
776 28
777 28
778 37
779 2
780 0
781 9
782 37
783 19
784 51
785 25
786 87
787 47
788 12
789 130
790 17
791 17
792 32
793 72
794 75
795 0
796 55
797 99
798 41
799 20
800 12
801 0
802 22
803 1
804 4
805 4
806 130
807 67
808 33
809 96
810 46
811 12
812 25
813 45
814 12
815 3
816 0
817 0
818 22
819 103
820 109
821 123
822 37
823 66
824 12
825 45
826 15
827 88
828 57
829 24
830 24
831 39
832 44
833 77
834 65
835 33
836 47
837 19
838 18
839 3
840 0
841 10
842 6
843 0
844 30
845 49
846 50
847 92
848 58
849 12
850 58
851 2
852 63
853 11
854 4
855 48
856 13
857 83
858 83
859 15
860 15
861 40
862 79
863 19
864 30
865 49
866 11
867 27
868 10
869 12
870 22
871 5
872 0
873 5
874 0
875 0
876 13
877 132
878 48
879 37
880 104
881 120
882 16
883 12
884 62
885 7
886 12
887 7
888 33
889 212
890 15
891 16
892 48
893 19
894 15
895 31
896 25
897 47
898 16
899 8
900 0
901 0
902 20
903 217
904 101
905 14
906 96
907 130
908 102
909 2
910 8
911 75
912 0
913 4
914 24
915 85
916 4
917 35
918 91
919 22
920 85
921 108
922 29
923 5
924 20
925 2
926 17
927 39
928 0
929 1
930 40
931 173
932 60
933 181
934 87
935 118
936 20
937 12
938 82
939 26
940 100
941 35
942 0
943 5
944 87
945 116
946 38
947 2
948 0
949 65
950 56
951 2
952 42
953 100
954 45
955 175
956 181
957 36
958 19
959 60
960 34
961 3
962 20
963 58
964 68
965 10
966 40
967 42
968 40
969 109
970 53
971 0
972 43
973 77
974 34
975 37
976 10
977 7
978 222
979 32
980 195
981 201
982 39
983 21
984 116
985 105
986 32
987 7
988 0
989 0
990 4
991 15
992 24
993 149
994 76
995 19
996 35
997 9
998 26
999 43
1000 18
1001 53
1002 89
1003 0
1004 0
1005 0
1006 0
1007 80
1008 156
1009 0
1010 24
1011 13
1012 5
1013 0
1014 0
1015 0
1016 30
1017 124
1018 10
1019 96
1020 76
1021 141
1022 91
1023 36
1024 51
1025 15
1026 69
1027 136
1028 32
1029 12
1030 13
1031 75
1032 1
1033 5
1034 31
1035 47
1036 23
1037 12
1038 138
1039 88
1040 124
1041 70
1042 1
1043 36
1044 19
1045 27
1046 62
1047 39
1048 61
1049 7
1050 12
1051 0
1052 1
1053 1
1054 4
1055 20
1056 26
1057 57
1058 68
1059 107
1060 118
1061 28
1062 0
1063 4
1064 0
1065 8
1066 5
1067 31
1068 9
1069 30
1070 27
1071 19
1072 108
1073 28
1074 81
1075 7
1076 11
1077 0
1078 50
1079 5
1080 97
1081 60
1082 23
1083 31
1084 33
1085 14
1086 0
1087 5
1088 0
1089 2
1090 91
1091 132
1092 107
1093 159
1094 78
1095 9
1096 27
1097 10
1098 28
1099 174
1100 4
1101 8
1102 10
1103 21
1104 9
1105 18
1106 137
1107 175
1108 24
1109 1
1110 256
1111 84
1112 8
1113 55
1114 81
1115 9
1116 0
1117 18
1118 12
1119 120
1120 115
1121 100
1122 12
1123 2
1124 26
1125 3
1126 29
1127 0
1128 44
1129 61
1130 2
1131 0
1132 0
1133 47
1134 26
1135 19
1136 0
1137 0
1138 0
1139 75
1140 314
1141 192
1142 79
1143 1
1144 6
1145 0
1146 20
1147 0
1148 3
1149 129
1150 195
1151 8
1152 21
1153 27
1154 50
1155 156
1156 110
1157 83
1158 20
1159 11
1160 20
1161 9
1162 39
1163 0
1164 2
1165 0
1166 31
1167 48
1168 101
1169 11
1170 110
1171 0
1172 0
1173 19
1174 0
1175 6
1176 74
1177 153
1178 18
1179 134
1180 11
1181 95
1182 57
1183 112
1184 49
1185 101
1186 55
1187 46
1188 4
1189 0
1190 0
1191 49
1192 53
1193 1
1194 14
1195 1
1196 10
1197 0
1198 47
1199 38
1200 23
1201 0
1202 0
1203 134
1204 10
1205 2
1206 20
1207 2
1208 41
1209 20
1210 97
1211 83
1212 201
1213 12
1214 52
1215 114
1216 37
1217 200
1218 87
1219 18
1220 61
1221 36
1222 12
1223 42
1224 41
1225 10
1226 22
1227 7
1228 49
1229 89
1230 34
1231 4
1232 25
1233 48
1234 58
1235 175
1236 35
1237 41
1238 61
1239 3
1240 24
1241 0
1242 3
1243 68
1244 0
1245 34
1246 14
1247 63
1248 147
1249 219
1250 13
1251 89
1252 146
1253 200
1254 329
1255 35
1256 37
1257 10
1258 90
1259 8
1260 39
1261 11
1262 39
1263 41
1264 114
1265 81
1266 54
1267 12
1268 3
1269 2
1270 5
1271 17
1272 38
1273 44
1274 274
1275 126
1276 12
1277 24
1278 27
1279 33
1280 1
1281 2
1282 3
1283 1
1284 0
1285 0
1286 57
1287 132
1288 45
1289 116
1290 108
1291 99
1292 51
1293 66
1294 846
1295 283
1296 29
1297 8
1298 41
1299 98
1300 17
1301 0
1302 27
1303 48
1304 123
1305 29
1306 19
1307 99
1308 72
1309 64
1310 17
1311 49
1312 0
1313 0
1314 0
1315 137
1316 120
1317 131
1318 161
1319 115
1320 148
1321 221
1322 162
1323 15
1324 20
1325 41
1326 8
1327 12
1328 0
1329 24
1330 13
1331 36
1332 173
1333 52
1334 10
1335 34
1336 30
1337 103
1338 62
1339 177
1340 363
1341 32
1342 25
1343 97
1344 132
1345 23
1346 17
1347 11
1348 11
1349 31
1350 155
1351 10
1352 3
1353 141
1354 15
1355 77
1356 61
1357 18
1358 23
1359 78
1360 11
1361 0
1362 0
1363 60
1364 195
1365 240
1366 41
1367 71
1368 67
1369 148
1370 90
1371 112
1372 0
1373 16
1374 0
1375 0
1376 2
1377 9
1378 38
1379 149
1380 173
1381 24
1382 27
1383 25
1384 64
1385 32
1386 104
1387 267
1388 94
1389 15
1390 98
1391 88
1392 19
1393 25
1394 8
1395 35
1396 58
1397 35
1398 0
1399 11
1400 111
1401 66
1402 60
1403 68
1404 63
1405 24
1406 20
1407 92
1408 82
1409 88
1410 75
1411 34
1412 33
1413 0
1414 10
1415 8
1416 72
1417 96
1418 66
1419 143
1420 80
1421 154
1422 17
1423 3
1424 18
1425 3
1426 20
1427 80
1428 227
1429 306
1430 180
1431 236
1432 177
1433 71
1434 81
1435 109
1436 71
1437 171
1438 3
1439 0
1440 56
1441 48
1442 281
1443 43
1444 42
1445 106
1446 150
1447 28
1448 44
1449 24
1450 21
1451 179
1452 33
1453 73
1454 66
1455 10
1456 40
1457 181
1458 6
1459 178
1460 56
1461 25
1462 16
1463 27
1464 0
1465 31
1466 50
1467 46
1468 14
1469 11
1470 6
1471 0
1472 10
1473 11
1474 7
1475 44
1476 198
1477 477
1478 187
1479 147
1480 201
1481 166
1482 30
1483 134
1484 81
1485 0
1486 19
1487 6
1488 80
1489 70
1490 316
1491 65
1492 38
1493 77
1494 93
1495 24
1496 143
1497 168
1498 19
1499 48
1500 119
1501 30
1502 36
1503 21
1504 71
1505 137
1506 22
1507 48
1508 128
1509 32
1510 53
1511 6
1512 6
1513 24
1514 180
1515 63
1516 27
1517 4
1518 0
1519 0
1520 1
1521 8
1522 7
1523 6
1524 79
1525 275
1526 172
1527 547
1528 395
1529 282
1530 94
1531 2
1532 47
1533 154
1534 11
1535 84
1536 52
1537 54
1538 106
1539 69
1540 3
1541 76
1542 19
1543 57
1544 289
1545 176
1546 188
1547 93
1548 30
1549 70
1550 140
1551 35
1552 24
1553 57
1554 21
1555 39
1556 127
1557 287
1558 30
1559 34
1560 63
1561 196
1562 131
1563 112
1564 1
1565 6
1566 58
1567 59
1568 138
1569 0
1570 4
1571 28
1572 406
1573 780
1574 285
1575 21
1576 257
1577 121
1578 86
1579 187
1580 185
1581 85
1582 84
1583 76
1584 54
1585 15
1586 0
1587 42
1588 134
1589 13
1590 266
1591 86
1592 49
1593 67
1594 68
1595 211
1596 145
1597 20
1598 9
1599 21
1600 183
1601 70
1602 187
1603 28
1604 17
1605 0
1606 10
1607 30
1608 0
1609 0
1610 0
1611 0
1612 56
1613 74
1614 38
1615 7
1616 96
1617 312
1618 229
1619 477
1620 223
1621 274
1622 302
1623 110
1624 85
1625 15
1626 182
1627 126
1628 56
1629 102
1630 72
1631 64
1632 78
1633 66
1634 108
1635 35
1636 38
1637 53
1638 64
1639 75
1640 124
1641 34
1642 0
1643 5
1644 8
1645 227
1646 389
1647 84
1648 143
1649 64
1650 40
1651 132
1652 324
1653 7
1654 50
1655 151
1656 159
1657 44
1658 70
1659 92
1660 62
1661 67
1662 63
1663 19
1664 61
1665 116
1666 77
1667 184
1668 160
1669 0
1670 35
1671 31
1672 0
1673 7
1674 0
1675 3
1676 3
1677 386
1678 252
1679 210
1680 214
1681 81
1682 122
1683 121
1684 65
1685 129
1686 93
1687 43
1688 60
1689 89
1690 34
1691 70
1692 17
1693 44
1694 68
1695 6
1696 29
1697 7
1698 21
1699 26
1700 10
1701 194
1702 20
1703 62
1704 0
1705 0
1706 15
1707 50
1708 1
1709 64
1710 355
1711 111
1712 68
1713 57
1714 56
1715 157
1716 106
1717 80
1718 19
1719 46
1720 7
1721 40
1722 14
1723 12
1724 25
1725 17
1726 58
1727 36
1728 129
1729 86
1730 8
1731 11
1732 4
1733 49
1734 15
1735 3
1736 37
1737 80
1738 135
1739 126
1740 82
1741 31
1742 116
1743 17
1744 39
1745 87
1746 46
1747 1
1748 8
1749 15
1750 32
1751 91
1752 120
1753 13
1754 7
1755 39
1756 21
1757 34
1758 44
1759 4
1760 0
1761 123
1762 48
1763 51
1764 57
1765 69
1766 36
1767 114
1768 79
1769 0
1770 15
1771 32
1772 50
1773 121
1774 54
1775 47
1776 46
1777 66
1778 126
1779 1
1780 21
1781 0
1782 66
1783 3
1784 15
1785 40
1786 4
1787 91
1788 52
1789 17
1790 62
1791 1
1792 88
1793 35
1794 4
1795 0
1796 20
1797 154
1798 147
1799 285
1800 226
1801 51
1802 83
1803 22
1804 26
1805 239
1806 214
1807 43
1808 41
1809 1
1810 58
1811 34
1812 30
1813 25
1814 24
1815 23
1816 17
1817 0
1818 33
1819 12
1820 58
1821 41
1822 19
1823 48
1824 164
1825 56
1826 19
1827 51
1828 66
1829 135
1830 8
1831 75
1832 29
1833 78
1834 17
1835 100
1836 50
1837 12
1838 51
1839 23
1840 35
1841 34
1842 14
1843 55
1844 155
1845 115
1846 35
1847 46
1848 107
1849 181
1850 22
1851 6
1852 20
1853 65
1854 32
1855 80
1856 50
1857 17
1858 142
1859 166
1860 45
1861 99
1862 104
1863 2
1864 41
1865 13
1866 44
1867 428
1868 101
1869 53
1870 5
1871 58
1872 195
1873 95
1874 33
1875 10
1876 11
1877 33
1878 49
1879 30
1880 4
1881 97
1882 128
1883 161
1884 99
1885 46
1886 15
1887 17
1888 0
1889 82
1890 90
1891 33
1892 59
1893 63
1894 274
1895 255
1896 86
1897 27
1898 29
1899 19
1900 120
1901 77
1902 15
1903 181
1904 63
1905 90
1906 61
1907 81
1908 48
1909 52
1910 41
1911 70
1912 109
1913 73
1914 14
1915 5
1916 10
1917 83
1918 38
1919 92
1920 33
1921 74
1922 11
1923 79
1924 71
1925 85
1926 12
1927 17
1928 13
1929 21
1930 38
1931 71
1932 30
1933 12
1934 31
1935 78
1936 94
1937 12
1938 9
1939 24
1940 90
1941 80
1942 201
1943 166
1944 23
1945 28
1946 35
1947 6
1948 30
1949 31
1950 25
1951 82
1952 61
1953 94
1954 52
1955 151
1956 19
1957 59
1958 71
1959 48
1960 27
1961 9
1962 1
1963 10
1964 176
1965 173
1966 19
1967 96
1968 156
1969 67
1970 47
1971 58
1972 148
1973 15
1974 36
1975 66
1976 36
1977 0
1978 7
1979 4
1980 88
1981 155
1982 63
1983 17
1984 14
1985 129
1986 66
1987 4
1988 12
1989 98
1990 53
1991 73
1992 49
1993 33
1994 77
1995 143
1996 211
1997 60
1998 41
1999 85
2000 94
2001 2
2002 10
2003 43
2004 150
2005 57
2006 30
2007 50
2008 37
2009 60
2010 66
2011 68
2012 11
2013 15
2014 91
2015 71
2016 142
2017 173
2018 16
2019 132
2020 45
2021 38
2022 26
2023 113
2024 119
2025 2
2026 53
2027 39
2028 49
2029 21
2030 80
2031 118
2032 77
2033 21
2034 80
2035 124
2036 159
2037 57
2038 47
2039 38
2040 23
2041 20
2042 31
2043 108
2044 19
2045 49
2046 40
2047 39
2048 133
2049 168
2050 113
2051 87
2052 9
2053 10
2054 76
2055 235
2056 37
2057 36
2058 41
2059 55
2060 41
2061 97
2062 83
2063 54
2064 17
2065 5
2066 100
2067 58
2068 2
2069 121
2070 28
2071 56
2072 133
2073 118
2074 62
2075 83
2076 127
2077 28
2078 1
2079 14
2080 78
2081 148
2082 105
2083 74
2084 54
2085 37
2086 98
2087 67
2088 85
2089 81
2090 63
2091 40
2092 29
2093 39
2094 66
2095 221
2096 65
2097 203
2098 127
2099 73
2100 34
2101 18
2102 1
2103 157
2104 166
2105 66
2106 0
2107 2
2108 29
2109 20
2110 124
2111 83
2112 124
2113 67
2114 35
2115 83
2116 54
2117 43
2118 149
2119 158
2120 29
2121 32
2122 7
2123 6
2124 128
2125 10
2126 63
2127 86
2128 121
2129 44
2130 64
2131 145
2132 183
2133 24
2134 0
2135 14
2136 3
2137 88
2138 177
2139 40
2140 8
2141 1
2142 0
2143 1
2144 84
2145 115
2146 44
2147 24
2148 129
2149 66
2150 187
2151 16
2152 114
2153 142
2154 90
2155 33
2156 6
2157 12
2158 6
2159 37
2160 146
2161 145
2162 0
2163 5
2164 29
2165 90
2166 46
2167 44
2168 27
2169 69
2170 21
2171 11
2172 80
2173 49
2174 2
2175 37
2176 1
2177 56
2178 12
2179 27
2180 17
2181 42
2182 22
2183 56
2184 17
2185 0
2186 1
2187 81
2188 31
2189 34
2190 98
2191 74
2192 37
2193 92
2194 14
2195 4
2196 0
2197 17
2198 8
2199 55
2200 33
2201 43
2202 74
2203 87
2204 24
2205 113
2206 112
2207 28
2208 3
2209 56
2210 38
2211 92
2212 174
2213 135
2214 26
2215 35
2216 4
2217 9
2218 4
2219 15
2220 64
2221 0
2222 0
2223 31
2224 76
2225 8
2226 10
2227 104
2228 97
2229 80
2230 92
2231 7
2232 42
2233 54
2234 1
2235 16
2236 1
2237 36
2238 6
2239 0
2240 0
2241 7
2242 3
2243 108
2244 64
2245 12
2246 23
2247 108
2248 168
2249 23
2250 106
2251 65
2252 14
2253 42
2254 146
2255 76
2256 98
2257 20
2258 8
2259 21
2260 92
2261 17
2262 1
2263 0
2264 1
2265 28
2266 173
2267 82
2268 120
2269 161
2270 158
2271 83
2272 2
2273 17
2274 194
2275 141
2276 63
2277 121
2278 34
2279 11
2280 4
2281 97
2282 178
2283 16
2284 0
2285 10
2286 100
2287 22
2288 26
2289 30
2290 139
2291 195
2292 21
2293 0
2294 162
2295 128
2296 33
2297 68
2298 32
2299 3
2300 52
2301 99
2302 59
2303 1
2304 28
2305 4
2306 23
2307 41
2308 158
2309 43
2310 37
2311 50
2312 31
2313 33
2314 66
2315 35
2316 145
2317 55
2318 0
2319 24
2320 127
2321 73
2322 67
2323 0
2324 0
2325 19
2326 123
2327 201
2328 36
2329 7
2330 18
2331 5
2332 32
2333 31
2334 221
2335 286
2336 31
2337 5
2338 27
2339 89
2340 62
2341 19
2342 0
2343 0
2344 50
2345 110
2346 54
2347 86
2348 13
2349 35
2350 69
2351 115
2352 92
2353 170
2354 93
2355 22
2356 65
2357 26
2358 6
2359 0
2360 0
2361 0
2362 0
2363 159
2364 113
2365 17
2366 113
2367 82
2368 26
2369 47
2370 96
2371 70
2372 53
2373 39
2374 1
2375 78
2376 115
2377 0
2378 0
2379 14
2380 21
2381 5
2382 134
2383 73
2384 42
2385 189
2386 49
2387 123
2388 164
2389 128
2390 78
2391 166
2392 17
2393 18
2394 146
2395 50
2396 13
2397 3
2398 119
2399 1
2400 8
2401 82
2402 293
2403 23
2404 41
2405 83
2406 135
2407 90
2408 36
2409 69
2410 49
2411 103
2412 77
2413 14
2414 0
2415 35
2416 9
2417 19
2418 5
2419 56
2420 121
2421 121
2422 257
2423 36
2424 66
2425 86
2426 110
2427 138
2428 173
2429 32
2430 0
2431 39
2432 101
2433 0
2434 18
2435 39
2436 44
2437 31
2438 173
2439 17
2440 66
2441 139
2442 134
2443 61
2444 56
2445 72
2446 14
2447 0
2448 0
2449 61
2450 1
2451 16
2452 8
2453 4
2454 29
2455 53
2456 81
2457 66
2458 13
2459 53
2460 8
2461 4
2462 0
2463 5
2464 40
2465 208
2466 37
2467 0
2468 18
2469 16
2470 35
2471 29
2472 27
2473 4
2474 0
2475 0
2476 0
2477 8
2478 68
2479 2
2480 20
2481 32
2482 12
2483 32
2484 51
2485 70
2486 27
2487 95
2488 17
2489 19
2490 0
2491 0
2492 0
2493 0
2494 28
2495 45
2496 19
2497 44
2498 5
2499 34
2500 24
2501 24
2502 22
2503 122
2504 6
2505 0
2506 8
2507 0
2508 0
2509 24
2510 6
2511 23
2512 17
2513 40
2514 0
2515 0
2516 12
2517 0
2518 0
2519 0
2520 14
2521 11
2522 13
2523 34
2524 0
2525 0
2526 66
2527 35
2528 0
2529 9
2530 16
2531 9
2532 1
2533 1
2534 110
2535 123
2536 16
2537 28
2538 51
2539 8
2540 0
2541 9
2542 148
2543 39
2544 45
2545 112
2546 9
2547 3
2548 37
2549 14
2550 8
2551 1
2552 48
2553 67
2554 28
2555 0
2556 0
2557 10
2558 23
2559 15
2560 72
2561 62
2562 10
2563 31
2564 12
2565 9
2566 25
2567 10
2568 11
2569 4
2570 14
2571 6
2572 0
2573 26
2574 0
2575 57
2576 0
2577 3
2578 2
2579 1
2580 0
2581 0
2582 0
2583 0
2584 0
2585 0
2586 0
2587 0
2588 0
2589 0
2590 0
2591 0
2592 0
2593 0
2594 0
2595 0
2596 0
2597 0
2598 0
