0 165
1 503
2 188
3 332
4 373
5 297
6 223
7 173
8 579
9 441
10 190
11 168
12 193
13 173
14 173
15 295
16 167
17 353
18 175
19 174
20 0
21 166
22 349
23 164
24 0
25 372
26 157
27 164
28 421
29 219
30 175
31 161
32 557
33 183
34 568
35 177
36 360
37 298
38 165
39 166
40 171
41 166
42 172
43 176
44 188
45 382
46 171
47 372
48 315
49 170
50 165
51 310
52 169
53 166
54 169
55 171
56 167
57 172
58 178
59 169
60 309
61 168
62 169
63 399
64 162
65 172
66 346
67 172
68 175
69 427
70 175
71 168
72 484
73 516
74 168
75 179
76 176
77 174
78 350
79 177
80 172
81 418
82 292
83 169
84 355
85 304
86 174
87 171
88 163
89 221
90 165
91 304
92 165
93 295
94 159
95 0
96 164
97 171
98 565
99 170
100 171
101 507
102 209
103 165
104 174
105 385
106 420
107 207
108 243
109 168
110 165
111 385
112 171
113 160
114 181
115 170
116 299
117 166
118 345
119 201
120 162
121 402
122 175
123 163
124 175
125 176
126 202
127 196
128 162
129 157
130 165
131 168
132 222
133 0
134 475
135 355
136 167
137 176
138 174
139 301
140 204
141 168
142 226
143 159
144 168
145 388
146 169
147 200
148 289
149 166
150 309
151 0
152 369
153 167
154 168
155 161
156 173
157 200
158 169
159 176
160 227
161 203
162 355
163 333
164 299
165 165
166 174
167 174
168 319
169 307
170 381
171 173
172 169
173 163
174 180
175 174
176 166
177 157
178 532
179 220
180 177
181 390
182 173
183 358
184 168
185 168
186 311
187 302
188 299
189 172
190 305
191 0
192 301
193 172
194 474
195 303
196 427
197 170
198 331
199 164
200 161
201 484
202 172
203 173
204 177
205 313
206 366
207 296
208 288
209 173
210 297
211 384
212 401
213 357
214 0
215 171
216 167
217 335
218 173
219 311
220 201
221 307
222 200
223 174
224 203
225 173
226 291
227 197
228 160
229 166
230 303
231 379
232 0
233 157
234 0
235 297
236 0
237 223
238 392
239 173
240 364
241 190
242 154
243 173
244 314
245 164
246 171
247 355
248 470
249 566
250 289
251 306
252 295
253 0
254 165
255 168
256 176
257 192
258 397
259 335
260 0
261 0
262 288
263 302
264 421
265 371
266 385
267 328
268 167
269 0
270 301
271 224
272 157
273 0
274 295
275 212
276 169
277 333
278 177
279 225
280 333
281 171
282 164
283 166
284 170
285 173
286 340
287 349
288 300
289 242
290 173
291 161
292 166
293 164
294 190
295 170
296 344
297 168
298 302
299 388
300 282
301 171
302 220
303 354
304 537
305 169
306 175
307 169
308 351
309 170
310 336
311 316
312 229
313 422
314 167
315 168
316 187
317 171
318 432
319 232
320 173
321 154
322 370
323 222
324 337
325 413
326 218
327 412
328 404
329 419
330 416
331 162
332 345
333 165
334 441
335 178
336 172
337 367
338 172
339 165
340 299
341 174
342 371
343 296
344 172
345 304
346 167
347 308
348 307
349 332
350 208
351 168
352 300
353 172
354 173
355 219
356 227
357 339
358 355
359 396
360 415
361 360
362 203
363 166
364 0
365 171
366 331
367 168
368 174
369 342
370 506
371 189
372 321
373 202
374 173
375 170
376 308
377 392
378 221
379 169
380 294
381 225
382 172
383 336
384 309
385 200
386 295
387 315
388 394
389 310
390 408
391 293
392 164
393 295
394 306
395 180
396 224
397 160
398 0
399 175
400 397
401 303
402 294
403 297
404 171
405 371
406 339
407 404
408 358
409 332
410 173
411 171
412 168
413 206
414 202
415 340
416 455
417 378
418 203
419 339
420 303
421 170
422 341
423 386
424 175
425 306
426 273
427 159
428 341
429 166
430 171
431 165
432 171
433 400
434 363
435 221
436 397
437 175
438 171
439 420
440 334
441 397
442 170
443 175
444 165
445 173
446 358
447 170
448 177
449 306
450 170
451 166
452 167
453 171
454 304
455 173
456 169
457 172
458 171
459 166
460 176
461 172
462 165
463 160
464 172
465 161
466 343
467 426
468 165
469 171
470 172
471 363
472 301
473 300
474 169
475 221
476 348
477 175
478 176
479 170
480 164
481 355
482 171
483 315
484 304
485 357
486 351
487 311
488 172
489 356
490 388
491 202
492 172
493 172
494 168
495 201
496 169
497 170
498 176
499 311
500 164
501 164
502 175
503 166
504 174
505 174
506 171
507 310
508 171
509 174
510 314
511 174
512 172
513 172
514 369
515 348
516 178
517 227
518 167
519 180
520 170
521 165
522 164
523 198
524 168
525 322
526 173
527 166
528 169
529 168
530 222
531 175
532 297
533 159
534 172
535 295
536 418
537 247
538 160
539 171
540 169
541 355
542 172
543 169
544 219
545 190
546 171
547 759
548 295
549 172
550 176
551 169
552 247
553 168
554 371
555 205
556 204
557 165
558 224
559 171
560 169
561 168
562 183
563 219
564 174
565 171
566 0
567 172
568 170
569 170
570 263
571 353
572 393
573 413
574 308
575 188
576 199
577 171
578 288
579 168
580 169
581 291
582 172
583 198
584 204
585 200
586 233
587 173
588 224
589 188
590 344
591 170
592 172
593 171
594 308
595 161
596 167
597 300
598 386
599 176
600 170
601 316
602 172
603 352
604 313
605 178
606 174
607 181
608 176
609 166
610 243
611 161
612 198
613 174
614 168
615 178
616 164
617 172
618 170
619 171
620 171
621 173
622 165
623 179
624 171
625 172
626 165
627 335
628 159
629 161
630 221
631 176
632 167
633 171
634 169
635 174
636 171
637 167
638 348
639 204
640 207
641 205
642 171
643 178
644 168
645 174
646 165
647 405
648 175
649 170
650 0
651 170
652 171
653 174
654 430
655 430
656 371
657 375
658 171
659 173
660 566
661 304
662 177
663 195
664 338
665 216
666 200
667 347
668 291
669 179
670 169
671 490
672 209
673 171
674 203
675 186
676 173
677 203
678 203
679 226
680 220
681 179
682 167
683 178
684 168
685 175
686 185
687 168
688 164
689 458
690 396
691 165
692 361
693 157
694 354
695 172
696 294
697 313
698 203
699 168
700 227
701 372
702 229
703 184
704 535
705 311
706 308
707 184
708 169
709 217
710 168
711 0
712 353
713 170
714 0
715 564
716 409
717 165
718 355
719 160
720 165
721 169
722 171
723 194
724 186
725 159
726 224
727 170
728 296
729 367
730 353
731 244
732 170
733 170
734 160
735 168
736 176
737 176
738 183
739 171
740 223
741 172
742 361
743 170
744 181
745 169
746 169
747 67
748 204
749 224
750 269
751 350
752 170
753 230
754 393
755 403
756 325
757 364
758 168
759 229
760 170
761 165
762 173
763 212
764 205
765 160
766 166
767 179
768 176
769 167
770 172
771 171
772 171
773 0
774 165
775 310
776 347
777 363
778 168
779 165
780 177
781 295
782 317
783 348
784 223
785 329
786 166
787 161
788 329
789 215
790 355
791 224
792 166
793 171
794 362
795 0
796 166
797 174
798 202
799 173
800 163
801 0
802 190
803 189
804 222
805 369
806 350
807 294
808 175
809 176
810 362
811 398
812 570
813 162
814 413
815 170
816 0
817 0
818 198
819 231
820 174
821 183
822 165
823 344
824 465
825 426
826 404
827 354
828 168
829 169
830 169
831 172
832 175
833 164
834 349
835 204
836 171
837 173
838 168
839 176
840 216
841 225
842 165
843 0
844 737
845 161
846 365
847 174
848 230
849 550
850 173
851 345
852 340
853 172
854 157
855 342
856 171
857 359
858 361
859 170
860 198
861 173
862 165
863 478
864 169
865 229
866 174
867 171
868 335
869 219
870 165
871 207
872 223
873 194
874 0
875 339
876 351
877 172
878 230
879 382
880 201
881 557
882 352
883 175
884 341
885 538
886 349
887 167
888 353
889 354
890 174
891 221
892 332
893 158
894 173
895 335
896 220
897 165
898 169
899 174
900 0
901 426
902 314
903 386
904 313
905 167
906 354
907 172
908 174
909 951
910 157
911 417
912 337
913 366
914 347
915 367
916 172
917 342
918 174
919 330
920 175
921 169
922 194
923 184
924 170
925 173
926 193
927 283
928 0
929 300
930 179
931 204
932 221
933 337
934 312
935 342
936 309
937 170
938 423
939 361
940 261
941 165
942 0
943 164
944 337
945 351
946 159
947 179
948 351
949 224
950 169
951 164
952 581
953 451
954 346
955 165
956 231
957 475
958 385
959 301
960 172
961 337
962 334
963 369
964 167
965 346
966 349
967 172
968 350
969 209
970 160
971 162
972 333
973 160
974 171
975 177
976 231
977 162
978 336
979 329
980 177
981 167
982 433
983 512
984 177
985 369
986 227
987 314
988 0
989 202
990 173
991 224
992 352
993 312
994 347
995 176
996 157
997 172
998 160
999 405
1000 528
1001 166
1002 223
1003 226
1004 0
1005 164
1006 170
1007 363
1008 185
1009 0
1010 163
1011 465
1012 174
1013 0
1014 467
1015 537
1016 435
1017 334
1018 168
1019 158
1020 307
1021 379
1022 359
1023 224
1024 334
1025 478
1026 402
1027 395
1028 163
1029 166
1030 223
1031 166
1032 170
1033 164
1034 349
1035 510
1036 178
1037 503
1038 170
1039 174
1040 175
1041 220
1042 162
1043 231
1044 563
1045 165
1046 171
1047 171
1048 372
1049 373
1050 170
1051 175
1052 173
1053 203
1054 404
1055 168
1056 333
1057 221
1058 167
1059 358
1060 169
1061 347
1062 0
1063 365
1064 0
1065 295
1066 170
1067 288
1068 567
1069 168
1070 175
1071 165
1072 172
1073 173
1074 173
1075 216
1076 462
1077 353
1078 167
1079 358
1080 405
1081 224
1082 465
1083 202
1084 163
1085 163
1086 173
1087 226
1088 505
1089 421
1090 167
1091 493
1092 171
1093 159
1094 160
1095 160
1096 155
1097 156
1098 493
1099 298
1100 357
1101 305
1102 164
1103 170
1104 165
1105 163
1106 230
1107 170
1108 165
1109 280
1110 168
1111 206
1112 509
1113 491
1114 430
1115 162
1116 188
1117 471
1118 163
1119 167
1120 376
1121 200
1122 169
1123 158
1124 433
1125 199
1126 158
1127 163
1128 172
1129 373
1130 181
1131 202
1132 169
1133 202
1134 177
1135 336
1136 0
1137 0
1138 162
1139 175
1140 298
1141 167
1142 380
1143 409
1144 405
1145 346
1146 165
1147 0
1148 327
1149 406
1150 339
1151 233
1152 170
1153 179
1154 171
1155 484
1156 315
1157 306
1158 160
1159 498
1160 180
1161 172
1162 170
1163 207
1164 343
1165 447
1166 424
1167 171
1168 175
1169 365
1170 225
1171 558
1172 338
1173 160
1174 161
1175 406
1176 374
1177 550
1178 307
1179 394
1180 369
1181 353
1182 157
1183 381
1184 164
1185 228
1186 310
1187 178
1188 165
1189 174
1190 159
1191 210
1192 200
1193 222
1194 167
1195 173
1196 169
1197 160
1198 159
1199 172
1200 165
1201 413
1202 304
1203 178
1204 305
1205 357
1206 359
1207 540
1208 391
1209 341
1210 203
1211 351
1212 356
1213 400
1214 449
1215 169
1216 302
1217 193
1218 167
1219 386
1220 331
1221 348
1222 380
1223 161
1224 194
1225 302
1226 193
1227 158
1228 207
1229 178
1230 174
1231 176
1232 164
1233 226
1234 169
1235 395
1236 214
1237 211
1238 352
1239 227
1240 176
1241 0
1242 171
1243 313
1244 301
1245 167
1246 349
1247 163
1248 175
1249 389
1250 548
1251 171
1252 319
1253 783
1254 325
1255 398
1256 173
1257 390
1258 162
1259 459
1260 170
1261 167
1262 167
1263 165
1264 174
1265 178
1266 168
1267 170
1268 168
1269 164
1270 188
1271 166
1272 221
1273 164
1274 343
1275 172
1276 163
1277 159
1278 219
1279 222
1280 223
1281 449
1282 436
1283 444
1284 425
1285 198
1286 230
1287 295
1288 170
1289 345
1290 567
1291 171
1292 330
1293 334
1294 477
1295 312
1296 206
1297 168
1298 505
1299 162
1300 164
1301 165
1302 170
1303 172
1304 181
1305 178
1306 156
1307 178
1308 175
1309 167
1310 169
1311 357
1312 177
1313 227
1314 163
1315 439
1316 166
1317 224
1318 169
1319 228
1320 161
1321 199
1322 199
1323 352
1324 161
1325 353
1326 358
1327 428
1328 0
1329 343
1330 350
1331 163
1332 357
1333 176
1334 363
1335 178
1336 356
1337 306
1338 359
1339 169
1340 166
1341 169
1342 388
1343 201
1344 307
1345 167
1346 168
1347 174
1348 196
1349 167
1350 193
1351 773
1352 154
1353 174
1354 173
1355 209
1356 176
1357 179
1358 169
1359 348
1360 167
1361 308
1362 175
1363 355
1364 173
1365 171
1366 415
1367 346
1368 417
1369 351
1370 202
1371 215
1372 427
1373 352
1374 364
1375 519
1376 310
1377 343
1378 168
1379 166
1380 352
1381 223
1382 204
1383 360
1384 312
1385 167
1386 315
1387 318
1388 504
1389 321
1390 163
1391 812
1392 298
1393 168
1394 168
1395 347
1396 170
1397 167
1398 0
1399 350
1400 225
1401 175
1402 153
1403 350
1404 169
1405 298
1406 311
1407 225
1408 334
1409 163
1410 166
1411 165
1412 213
1413 0
1414 168
1415 204
1416 350
1417 170
1418 162
1419 315
1420 349
1421 319
1422 352
1423 350
1424 348
1425 463
1426 161
1427 176
1428 314
1429 445
1430 175
1431 170
1432 371
1433 169
1434 175
1435 210
1436 402
1437 308
1438 170
1439 181
1440 292
1441 163
1442 179
1443 168
1444 170
1445 170
1446 168
1447 168
1448 157
1449 219
1450 166
1451 169
1452 383
1453 307
1454 168
1455 529
1456 168
1457 165
1458 159
1459 172
1460 205
1461 231
1462 158
1463 227
1464 198
1465 171
1466 307
1467 159
1468 161
1469 350
1470 355
1471 345
1472 378
1473 169
1474 178
1475 350
1476 332
1477 170
1478 481
1479 358
1480 200
1481 362
1482 465
1483 205
1484 308
1485 392
1486 313
1487 361
1488 338
1489 164
1490 183
1491 168
1492 167
1493 167
1494 168
1495 174
1496 171
1497 174
1498 170
1499 345
1500 176
1501 202
1502 223
1503 158
1504 173
1505 174
1506 164
1507 378
1508 197
1509 167
1510 171
1511 170
1512 159
1513 159
1514 165
1515 296
1516 344
1517 155
1518 157
1519 0
1520 352
1521 348
1522 221
1523 166
1524 170
1525 363
1526 361
1527 521
1528 357
1529 350
1530 310
1531 348
1532 393
1533 389
1534 471
1535 440
1536 159
1537 160
1538 165
1539 168
1540 172
1541 176
1542 172
1543 165
1544 172
1545 192
1546 223
1547 180
1548 167
1549 164
1550 227
1551 170
1552 222
1553 295
1554 222
1555 154
1556 405
1557 229
1558 171
1559 171
1560 168
1561 225
1562 165
1563 208
1564 217
1565 203
1566 325
1567 201
1568 442
1569 358
1570 167
1571 164
1572 352
1573 187
1574 173
1575 168
1576 170
1577 173
1578 189
1579 352
1580 215
1581 204
1582 178
1583 375
1584 292
1585 165
1586 170
1587 172
1588 169
1589 166
1590 177
1591 175
1592 169
1593 175
1594 164
1595 164
1596 166
1597 224
1598 355
1599 167
1600 443
1601 362
1602 216
1603 195
1604 167
1605 157
1606 211
1607 169
1608 161
1609 161
1610 223
1611 229
1612 344
1613 314
1614 161
1615 358
1616 166
1617 363
1618 351
1619 181
1620 343
1621 352
1622 473
1623 174
1624 181
1625 321
1626 298
1627 210
1628 161
1629 397
1630 176
1631 171
1632 177
1633 174
1634 175
1635 207
1636 176
1637 293
1638 170
1639 392
1640 167
1641 174
1642 167
1643 342
1644 358
1645 159
1646 168
1647 160
1648 160
1649 159
1650 351
1651 362
1652 157
1653 351
1654 347
1655 357
1656 314
1657 181
1658 165
1659 174
1660 170
1661 164
1662 172
1663 168
1664 208
1665 222
1666 170
1667 200
1668 353
1669 155
1670 207
1671 223
1672 160
1673 172
1674 349
1675 157
1676 202
1677 475
1678 171
1679 174
1680 208
1681 350
1682 346
1683 421
1684 165
1685 166
1686 234
1687 206
1688 259
1689 323
1690 525
1691 171
1692 168
1693 177
1694 166
1695 177
1696 172
1697 164
1698 178
1699 152
1700 159
1701 167
1702 178
1703 228
1704 0
1705 299
1706 394
1707 206
1708 172
1709 360
1710 355
1711 174
1712 357
1713 519
1714 498
1715 180
1716 160
1717 357
1718 578
1719 163
1720 159
1721 298
1722 407
1723 178
1724 169
1725 171
1726 170
1727 171
1728 162
1729 200
1730 167
1731 221
1732 163
1733 175
1734 356
1735 161
1736 221
1737 533
1738 355
1739 167
1740 165
1741 311
1742 347
1743 165
1744 222
1745 165
1746 204
1747 167
1748 200
1749 333
1750 169
1751 219
1752 175
1753 164
1754 308
1755 357
1756 159
1757 334
1758 304
1759 163
1760 304
1761 548
1762 175
1763 215
1764 341
1765 167
1766 172
1767 360
1768 401
1769 296
1770 165
1771 318
1772 160
1773 311
1774 336
1775 165
1776 354
1777 160
1778 358
1779 180
1780 160
1781 218
1782 163
1783 394
1784 353
1785 516
1786 307
1787 175
1788 312
1789 356
1790 157
1791 164
1792 170
1793 343
1794 309
1795 0
1796 319
1797 352
1798 172
1799 163
1800 178
1801 163
1802 163
1803 354
1804 163
1805 232
1806 172
1807 160
1808 205
1809 292
1810 306
1811 164
1812 161
1813 172
1814 199
1815 318
1816 193
1817 320
1818 356
1819 159
1820 171
1821 168
1822 161
1823 360
1824 352
1825 348
1826 171
1827 349
1828 353
1829 157
1830 307
1831 396
1832 159
1833 314
1834 158
1835 377
1836 163
1837 174
1838 164
1839 170
1840 465
1841 352
1842 166
1843 167
1844 379
1845 307
1846 356
1847 302
1848 340
1849 162
1850 163
1851 366
1852 156
1853 298
1854 167
1855 165
1856 169
1857 344
1858 163
1859 173
1860 170
1861 179
1862 183
1863 158
1864 217
1865 207
1866 304
1867 183
1868 159
1869 206
1870 167
1871 312
1872 353
1873 171
1874 168
1875 171
1876 171
1877 223
1878 159
1879 350
1880 168
1881 172
1882 161
1883 159
1884 174
1885 164
1886 170
1887 156
1888 160
1889 309
1890 160
1891 157
1892 176
1893 320
1894 321
1895 178
1896 164
1897 208
1898 162
1899 304
1900 380
1901 306
1902 295
1903 158
1904 165
1905 199
1906 208
1907 162
1908 169
1909 156
1910 166
1911 206
1912 169
1913 165
1914 164
1915 166
1916 304
1917 172
1918 172
1919 172
1920 163
1921 167
1922 309
1923 170
1924 163
1925 342
1926 160
1927 157
1928 205
1929 344
1930 331
1931 164
1932 212
1933 157
1934 163
1935 158
1936 474
1937 205
1938 161
1939 170
1940 176
1941 212
1942 170
1943 350
1944 172
1945 172
1946 161
1947 160
1948 160
1949 152
1950 162
1951 353
1952 181
1953 298
1954 160
1955 303
1956 309
1957 155
1958 312
1959 313
1960 168
1961 339
1962 170
1963 174
1964 161
1965 173
1966 355
1967 207
1968 167
1969 166
1970 159
1971 160
1972 161
1973 167
1974 162
1975 159
1976 336
1977 0
1978 161
1979 163
1980 333
1981 176
1982 159
1983 159
1984 159
1985 162
1986 164
1987 363
1988 307
1989 166
1990 334
1991 409
1992 344
1993 161
1994 158
1995 159
1996 170
1997 161
1998 167
1999 172
2000 173
2001 177
2002 164
2003 170
2004 174
2005 158
2006 308
2007 295
2008 164
2009 168
2010 162
2011 351
2012 304
2013 344
2014 298
2015 351
2016 172
2017 204
2018 168
2019 168
2020 161
2021 180
2022 166
2023 166
2024 167
2025 175
2026 170
2027 155
2028 159
2029 168
2030 166
2031 159
2032 340
2033 353
2034 313
2035 337
2036 181
2037 174
2038 160
2039 333
2040 198
2041 204
2042 225
2043 348
2044 162
2045 176
2046 170
2047 158
2048 179
2049 175
2050 174
2051 163
2052 163
2053 162
2054 179
2055 181
2056 197
2057 347
2058 306
2059 348
2060 303
2061 308
2062 392
2063 162
2064 202
2065 347
2066 306
2067 162
2068 151
2069 161
2070 175
2071 161
2072 164
2073 163
2074 160
2075 160
2076 174
2077 157
2078 156
2079 158
2080 172
2081 179
2082 211
2083 168
2084 207
2085 214
2086 165
2087 347
2088 320
2089 168
2090 161
2091 158
2092 352
2093 309
2094 172
2095 160
2096 163
2097 167
2098 226
2099 153
2100 157
2101 162
2102 157
2103 164
2104 165
2105 161
2106 169
2107 170
2108 177
2109 162
2110 363
2111 163
2112 309
2113 170
2114 321
2115 211
2116 379
2117 172
2118 164
2119 166
2120 394
2121 185
2122 417
2123 302
2124 171
2125 167
2126 164
2127 171
2128 308
2129 177
2130 175
2131 224
2132 161
2133 302
2134 299
2135 156
2136 307
2137 354
2138 167
2139 305
2140 161
2141 164
2142 165
2143 164
2144 163
2145 176
2146 172
2147 156
2148 206
2149 181
2150 174
2151 200
2152 162
2153 206
2154 311
2155 175
2156 170
2157 304
2158 158
2159 165
2160 226
2161 199
2162 566
2163 162
2164 168
2165 160
2166 171
2167 167
2168 166
2169 173
2170 163
2171 371
2172 171
2173 341
2174 349
2175 177
2176 190
2177 309
2178 166
2179 161
2180 161
2181 160
2182 154
2183 162
2184 173
2185 0
2186 171
2187 205
2188 168
2189 161
2190 168
2191 197
2192 372
2193 170
2194 166
2195 163
2196 162
2197 160
2198 152
2199 333
2200 180
2201 166
2202 157
2203 163
2204 173
2205 163
2206 168
2207 167
2208 346
2209 356
2210 176
2211 375
2212 328
2213 167
2214 156
2215 329
2216 164
2217 166
2218 393
2219 161
2220 167
2221 166
2222 426
2223 177
2224 357
2225 163
2226 164
2227 160
2228 381
2229 164
2230 379
2231 157
2232 392
2233 188
2234 160
2235 407
2236 441
2237 400
2238 185
2239 357
2240 79
2241 170
2242 162
2243 162
2244 163
2245 303
2246 208
2247 374
2248 308
2249 351
2250 308
2251 372
2252 226
2253 176
2254 408
2255 387
2256 385
2257 369
2258 162
2259 178
2260 167
2261 159
2262 169
2263 395
2264 165
2265 225
2266 169
2267 170
2268 165
2269 218
2270 364
2271 313
2272 337
2273 176
2274 169
2275 350
2276 412
2277 357
2278 318
2279 367
2280 160
2281 163
2282 166
2283 156
2284 0
2285 181
2286 171
2287 155
2288 169
2289 166
2290 335
2291 340
2292 216
2293 356
2294 166
2295 170
2296 160
2297 392
2298 325
2299 467
2300 302
2301 169
2302 393
2303 466
2304 175
2305 164
2306 325
2307 375
2308 166
2309 162
2310 202
2311 340
2312 333
2313 325
2314 170
2315 340
2316 161
2317 324
2318 313
2319 333
2320 372
2321 159
2322 161
2323 0
2324 155
2325 164
2326 166
2327 165
2328 164
2329 334
2330 202
2331 163
2332 169
2333 373
2334 374
2335 343
2336 161
2337 162
2338 329
2339 320
2340 162
2341 167
2342 156
2343 0
2344 161
2345 163
2346 167
2347 161
2348 166
2349 177
2350 167
2351 435
2352 401
2353 171
2354 342
2355 161
2356 163
2357 176
2358 216
2359 0
2360 160
2361 160
2362 174
2363 178
2364 170
2365 159
2366 164
2367 353
2368 168
2369 176
2370 335
2371 332
2372 336
2373 372
2374 408
2375 386
2376 380
2377 201
2378 169
2379 340
2380 170
2381 171
2382 414
2383 165
2384 161
2385 164
2386 395
2387 340
2388 564
2389 167
2390 163
2391 397
2392 401
2393 228
2394 373
2395 202
2396 171
2397 156
2398 161
2399 155
2400 322
2401 166
2402 166
2403 354
2404 161
2405 171
2406 562
2407 164
2408 207
2409 168
2410 164
2411 350
2412 170
2413 387
2414 0
2415 176
2416 156
2417 304
2418 208
2419 163
2420 163
2421 164
2422 509
2423 325
2424 157
2425 355
2426 171
2427 177
2428 334
2429 164
2430 382
2431 166
2432 334
2433 0
2434 161
2435 162
2436 159
2437 163
2438 162
2439 166
2440 202
2441 160
2442 166
2443 177
2444 377
2445 176
2446 160
2447 396
2448 164
2449 220
2450 169
2451 361
2452 168
2453 397
2454 405
2455 402
2456 164
2457 339
2458 410
2459 170
2460 398
2461 297
2462 536
2463 166
2464 162
2465 340
2466 154
2467 304
2468 175
2469 309
2470 366
2471 156
2472 305
2473 160
2474 154
2475 407
2476 0
2477 164
2478 164
2479 171
2480 168
2481 385
2482 152
2483 166
2484 161
2485 156
2486 160
2487 339
2488 324
2489 337
2490 565
2491 169
2492 0
2493 182
2494 164
2495 161
2496 165
2497 161
2498 157
2499 160
2500 162
2501 165
2502 161
2503 368
2504 159
2505 226
2506 478
2507 206
2508 164
2509 155
2510 165
2511 169
2512 211
2513 165
2514 0
2515 0
2516 169
2517 0
2518 0
2519 442
2520 166
2521 197
2522 395
2523 190
2524 421
2525 302
2526 308
2527 169
2528 330
2529 436
2530 159
2531 252
2532 316
2533 513
2534 345
2535 536
2536 397
2537 213
2538 163
2539 168
2540 154
2541 202
2542 339
2543 168
2544 173
2545 220
2546 348
2547 163
2548 305
2549 368
2550 359
2551 164
2552 298
2553 165
2554 171
2555 168
2556 0
2557 374
2558 315
2559 171
2560 159
2561 169
2562 175
2563 163
2564 333
2565 160
2566 304
2567 373
2568 160
2569 163
2570 164
2571 173
2572 0
2573 441
2574 173
2575 299
2576 159
2577 162
2578 162
2579 158
2580 0
