0 1527
1 32
2 153
3 74
4 485
5 920
6 40
7 62
8 28
9 58
10 378
11 1326
12 197
13 809
14 2245
15 907
16 1556
17 300
18 168
19 3720
20 33
21 515
22 273
23 2433
24 19
25 866
26 65
27 102
28 80
29 283
30 50
31 134
32 38
33 832
34 147
35 1426
36 121
37 362
38 228
39 260
40 484
41 136
42 182
43 148
44 1787
45 36
46 150
47 77
48 145
49 1641
50 907
51 220
52 1455
53 1432
54 1367
55 135
56 276
57 1015
58 1546
59 139
60 338
61 1849
62 1454
63 179
64 240
65 3656
66 409
67 1322
68 636
69 42
70 323
71 317
72 75
73 72
74 1409
75 2486
76 128
77 1080
78 2513
79 2395
80 241
81 71
82 980
83 498
84 178
85 85
86 1055
87 3666
88 3026
89 110
90 88
91 109
92 192
93 1078
94 315
95 26
96 263
97 1719
98 415
99 1991
100 43
101 163
102 1192
103 1367
104 295
105 561
106 1938
107 547
108 1682
109 1532
110 109
111 630
112 762
113 331
114 1099
115 555
116 1743
117 253
118 187
119 896
120 49
121 763
122 3088
123 914
124 317
125 103
126 269
127 339
128 430
129 762
130 357
131 779
132 218
133 21
134 140
135 2702
136 1434
137 6223
138 422
139 410
140 2353
141 2030
142 349
143 378
144 52
145 144
146 1712
147 405
148 2188
149 1420
150 543
151 0
152 39
153 646
154 476
155 821
156 315
157 613
158 5711
159 817
160 341
161 437
162 35
163 965
164 1018
165 1277
166 1951
167 1052
168 590
169 443
170 2514
171 1470
172 583
173 405
174 2244
175 4328
176 2883
177 400
178 751
179 40
180 2696
181 230
182 6257
183 3120
184 1264
185 1042
186 4954
187 4617
188 2362
189 356
190 485
191 35
192 51
193 135
194 61
195 32
196 2279
197 1376
198 214
199 1997
200 1579
201 1309
202 500
203 2458
204 1568
205 3397
206 5417
207 1319
208 742
209 42
210 3811
211 129
212 490
213 1153
214 12
215 2851
216 174
217 699
218 902
219 4273
220 972
221 3306
222 3201
223 2896
224 4903
225 2761
226 2430
227 434
228 39
229 527
230 125
231 51
232 1
233 253
234 1
235 390
236 8
237 55
238 1449
239 5782
240 213
241 5709
242 3298
243 506
244 3617
245 832
246 1455
247 66
248 980
249 640
250 519
251 137
252 347
253 6
254 123
255 605
256 8645
257 2864
258 514
259 83
260 9
261 10
262 201
263 1433
264 257
265 609
266 176
267 541
268 201
269 36
270 914
271 2011
272 598
273 3
274 269
275 220
276 232
277 138
278 474
279 1536
280 187
281 55
282 738
283 5469
284 155
285 164
286 555
287 494
288 556
289 310
290 4666
291 1072
292 6613
293 2248
294 96
295 1275
296 1775
297 781
298 888
299 424
300 1201
301 927
302 1377
303 1120
304 5634
305 1766
306 1241
307 3011
308 24
309 1535
310 1126
311 1601
312 2214
313 326
314 366
315 2063
316 1788
317 2234
318 4808
319 185
320 731
321 1030
322 263
323 444
324 35
325 118
326 466
327 213
328 84
329 42
330 224
331 1243
332 381
333 2591
334 3208
335 2979
336 317
337 1226
338 4157
339 2383
340 38
341 142
342 226
343 56
344 223
345 135
346 762
347 160
348 2357
349 769
350 1108
351 4758
352 806
353 162
354 31
355 88
356 87
357 1292
358 38
359 1420
360 1476
361 3858
362 5268
363 150
364 6
365 31
366 346
367 769
368 1675
369 1966
370 742
371 458
372 498
373 800
374 390
375 496
376 1060
377 65
378 247
379 1198
380 1293
381 40
382 1147
383 69
384 1004
385 1724
386 20
387 42
388 1516
389 2074
390 3203
391 2048
392 3479
393 109
394 1977
395 855
396 3731
397 1168
398 13
399 2440
400 164
401 1084
402 589
403 643
404 1775
405 1424
406 3284
407 2498
408 754
409 78
410 322
411 636
412 1095
413 4813
414 2970
415 189
416 595
417 1065
418 201
419 760
420 372
421 189
422 1963
423 1861
424 2606
425 1187
426 915
427 341
428 1645
429 94
430 3791
431 227
432 363
433 679
434 90
435 234
436 3226
437 4795
438 6157
439 2338
440 3578
441 3025
442 1348
443 5097
444 831
445 749
446 584
447 146
448 2451
449 821
450 1823
451 1001
452 1700
453 2972
454 3419
455 520
456 2045
457 4426
458 2734
459 13
460 145
461 3121
462 2406
463 1457
464 1647
465 1199
466 248
467 2487
468 1553
469 3298
470 3982
471 4330
472 2833
473 1572
474 3030
475 1061
476 228
477 368
478 148
479 586
480 379
481 629
482 887
483 173
484 2350
485 771
486 1373
487 1929
488 763
489 3458
490 973
491 684
492 3619
493 6273
494 557
495 1366
496 747
497 337
498 3623
499 1140
500 1150
501 1084
502 883
503 369
504 156
505 1194
506 1818
507 268
508 204
509 5333
510 448
511 702
512 2565
513 4036
514 1631
515 2597
516 1331
517 912
518 83
519 961
520 4413
521 3645
522 152
523 739
524 820
525 92
526 73
527 372
528 1441
529 381
530 274
531 478
532 3094
533 2810
534 324
535 2493
536 2565
537 435
538 387
539 1925
540 315
541 651
542 337
543 2385
544 2514
545 139
546 1399
547 17
548 1839
549 114
550 922
551 258
552 2555
553 2690
554 3891
555 3472
556 675
557 393
558 941
559 1850
560 555
561 1426
562 603
563 77
564 69
565 48
566 7
567 477
568 203
569 79
570 421
571 1864
572 1090
573 752
574 270
575 1957
576 571
577 934
578 1069
579 638
580 261
581 82
582 199
583 892
584 1612
585 1401
586 1108
587 390
588 2456
589 5087
590 146
591 125
592 1049
593 125
594 180
595 450
596 421
597 274
598 2851
599 3912
600 2625
601 5772
602 1225
603 895
604 642
605 414
606 1279
607 1258
608 2436
609 703
610 1852
611 928
612 2669
613 1755
614 4270
615 2932
616 2707
617 71
618 264
619 122
620 461
621 77
622 867
623 433
624 591
625 3473
626 1677
627 4282
628 2750
629 2210
630 3715
631 489
632 840
633 669
634 1003
635 636
636 1691
637 113
638 762
639 1809
640 262
641 1648
642 1432
643 3985
644 785
645 2962
646 1627
647 214
648 245
649 22
650 13
651 1120
652 1525
653 773
654 762
655 900
656 580
657 262
658 2961
659 2199
660 183
661 1402
662 189
663 2063
664 413
665 210
666 1668
667 1316
668 103
669 689
670 1244
671 2876
672 314
673 200
674 456
675 104
676 2074
677 2749
678 2034
679 1176
680 3268
681 2638
682 166
683 637
684 404
685 1305
686 306
687 52
688 75
689 700
690 3193
691 1983
692 1236
693 40
694 370
695 448
696 507
697 329
698 283
699 1155
700 674
701 871
702 1306
703 140
704 377
705 2444
706 3615
707 1534
708 160
709 1688
710 128
711 16
712 264
713 243
714 0
715 244
716 1308
717 4932
718 2247
719 1898
720 4847
721 1046
722 557
723 58
724 778
725 460
726 1038
727 754
728 708
729 1727
730 1084
731 2454
732 421
733 1035
734 1355
735 590
736 1669
737 1260
738 3016
739 3239
740 1220
741 805
742 73
743 570
744 2366
745 95
746 38
747 22
748 1998
749 765
750 5459
751 238
752 2309
753 673
754 1796
755 146
756 892
757 427
758 781
759 3067
760 1544
761 503
762 1299
763 497
764 3832
765 1084
766 1204
767 1050
768 59
769 626
770 3717
771 514
772 249
773 0
774 856
775 1499
776 851
777 825
778 862
779 113
780 43
781 294
782 933
783 474
784 1224
785 613
786 2279
787 1442
788 325
789 3057
790 346
791 396
792 780
793 1786
794 1738
795 0
796 1780
797 2182
798 1066
799 613
800 333
801 14
802 578
803 53
804 146
805 98
806 3401
807 1452
808 905
809 2448
810 1424
811 348
812 1070
813 1109
814 324
815 132
816 2
817 6
818 608
819 2606
820 2858
821 2888
822 1223
823 1595
824 371
825 1106
826 447
827 2210
828 1385
829 757
830 641
831 954
832 1356
833 1755
834 1766
835 836
836 1189
837 530
838 481
839 216
840 31
841 247
842 191
843 0
844 719
845 1274
846 1312
847 2159
848 1391
849 388
850 1974
851 67
852 1710
853 357
854 173
855 1124
856 431
857 2261
858 2000
859 379
860 370
861 887
862 1843
863 512
864 753
865 1143
866 302
867 984
868 290
869 242
870 496
871 185
872 68
873 180
874 11
875 24
876 275
877 3335
878 1274
879 1083
880 4503
881 2788
882 464
883 356
884 1562
885 162
886 328
887 287
888 931
889 5003
890 460
891 423
892 1124
893 526
894 422
895 907
896 572
897 1126
898 310
899 227
900 1
901 42
902 415
903 5579
904 2480
905 511
906 2361
907 3362
908 2496
909 106
910 269
911 1728
912 87
913 121
914 717
915 2138
916 134
917 788
918 2030
919 580
920 2011
921 2652
922 850
923 186
924 476
925 131
926 383
927 1001
928 7
929 98
930 1308
931 4034
932 1410
933 4122
934 1938
935 3154
936 492
937 345
938 1740
939 708
940 2685
941 1054
942 8
943 188
944 2335
945 2966
946 969
947 66
948 23
949 1982
950 1336
951 142
952 1092
953 2440
954 1026
955 4178
956 4492
957 929
958 583
959 1609
960 825
961 135
962 527
963 1428
964 1672
965 419
966 1164
967 966
968 1264
969 2988
970 1172
971 56
972 1066
973 2380
974 874
975 1334
976 267
977 187
978 5390
979 828
980 4624
981 4989
982 977
983 477
984 2979
985 2527
986 792
987 243
988 12
989 52
990 150
991 459
992 592
993 3652
994 1958
995 547
996 1075
997 310
998 570
999 1042
1000 477
1001 1276
1002 2327
1003 56
1004 21
1005 65
1006 32
1007 2067
1008 3677
1009 11
1010 595
1011 323
1012 172
1013 5
1014 29
1015 66
1016 965
1017 2775
1018 279
1019 2362
1020 1884
1021 3384
1022 2173
1023 792
1024 1201
1025 408
1026 1608
1027 4242
1028 848
1029 296
1030 301
1031 2221
1032 88
1033 186
1034 686
1035 1246
1036 637
1037 301
1038 3312
1039 2029
1040 2887
1041 1570
1042 117
1043 1041
1044 430
1045 719
1046 1471
1047 1063
1048 1440
1049 232
1050 277
1051 35
1052 61
1053 75
1054 152
1055 548
1056 749
1057 1181
1058 1807
1059 2921
1060 2931
1061 650
1062 8
1063 169
1064 0
1065 243
1066 162
1067 825
1068 255
1069 736
1070 746
1071 406
1072 2708
1073 1068
1074 2065
1075 235
1076 320
1077 22
1078 1151
1079 222
1080 2377
1081 1374
1082 511
1083 1017
1084 876
1085 367
1086 49
1087 194
1088 48
1089 92
1090 2228
1091 3525
1092 2694
1093 3813
1094 1833
1095 290
1096 662
1097 263
1098 718
1099 4076
1100 152
1101 282
1102 303
1103 691
1104 196
1105 364
1106 3900
1107 4019
1108 698
1109 79
1110 7886
1111 2027
1112 239
1113 1465
1114 2664
1115 265
1116 55
1117 386
1118 387
1119 2844
1120 2605
1121 2435
1122 301
1123 142
1124 682
1125 130
1126 765
1127 43
1128 975
1129 1489
1130 104
1131 52
1132 18
1133 1150
1134 732
1135 430
1136 6
1137 8
1138 47
1139 1905
1140 8160
1141 4809
1142 1915
1143 73
1144 259
1145 24
1146 514
1147 20
1148 146
1149 3021
1150 4862
1151 429
1152 514
1153 650
1154 1155
1155 3909
1156 2550
1157 1947
1158 509
1159 258
1160 524
1161 178
1162 977
1163 10
1164 93
1165 21
1166 824
1167 1142
1168 2698
1169 445
1170 2721
1171 46
1172 41
1173 461
1174 111
1175 180
1176 1866
1177 4064
1178 557
1179 3298
1180 300
1181 2119
1182 1581
1183 3011
1184 1176
1185 2433
1186 1404
1187 1023
1188 172
1189 58
1190 69
1191 1278
1192 1349
1193 80
1194 345
1195 133
1196 364
1197 85
1198 1038
1199 1042
1200 610
1201 96
1202 53
1203 3151
1204 278
1205 150
1206 553
1207 99
1208 849
1209 522
1210 2320
1211 2044
1212 4857
1213 382
1214 1296
1215 2702
1216 1219
1217 4816
1218 2413
1219 489
1220 1580
1221 939
1222 392
1223 1141
1224 978
1225 301
1226 804
1227 233
1228 1129
1229 2211
1230 755
1231 119
1232 633
1233 1239
1234 1528
1235 4209
1236 869
1237 1001
1238 1552
1239 77
1240 566
1241 20
1242 165
1243 1684
1244 56
1245 839
1246 496
1247 1614
1248 3586
1249 5534
1250 356
1251 2208
1252 3757
1253 4951
1254 7912
1255 1177
1256 897
1257 364
1258 2329
1259 274
1260 818
1261 321
1262 930
1263 967
1264 2659
1265 2024
1266 1238
1267 358
1268 94
1269 131
1270 184
1271 534
1272 981
1273 1068
1274 6602
1275 3004
1276 274
1277 585
1278 609
1279 797
1280 73
1281 143
1282 91
1283 73
1284 54
1285 32
1286 1715
1287 3564
1288 1018
1289 2939
1290 2532
1291 2665
1292 1299
1293 1512
1294 20111
1295 7050
1296 764
1297 202
1298 956
1299 2402
1300 418
1301 21
1302 627
1303 1210
1304 3778
1305 754
1306 475
1307 2223
1308 1696
1309 1559
1310 357
1311 1255
1312 34
1313 41
1314 83
1315 3247
1316 2914
1317 3058
1318 3846
1319 3615
1320 3480
1321 6505
1322 3659
1323 522
1324 418
1325 982
1326 230
1327 397
1328 17
1329 814
1330 384
1331 999
1332 4205
1333 1091
1334 335
1335 942
1336 847
1337 2696
1338 2008
1339 6848
1340 9284
1341 1441
1342 607
1343 2291
1344 2926
1345 580
1346 447
1347 414
1348 271
1349 753
1350 3603
1351 327
1352 147
1353 3412
1354 379
1355 1767
1356 1619
1357 448
1358 626
1359 1905
1360 287
1361 41
1362 44
1363 1379
1364 4904
1365 5811
1366 1139
1367 1692
1368 1634
1369 3773
1370 2726
1371 2788
1372 26
1373 409
1374 51
1375 54
1376 189
1377 325
1378 950
1379 3727
1380 4212
1381 532
1382 617
1383 805
1384 1797
1385 838
1386 2590
1387 7004
1388 2202
1389 359
1390 2406
1391 2028
1392 479
1393 544
1394 304
1395 1197
1396 1145
1397 927
1398 34
1399 359
1400 2552
1401 1614
1402 1357
1403 1751
1404 1464
1405 642
1406 743
1407 2035
1408 2013
1409 2208
1410 1930
1411 787
1412 677
1413 3
1414 435
1415 223
1416 1684
1417 2449
1418 1695
1419 3973
1420 1914
1421 4864
1422 1272
1423 101
1424 471
1425 96
1426 383
1427 1819
1428 5374
1429 7129
1430 4359
1431 5779
1432 4124
1433 1789
1434 2106
1435 2628
1436 1899
1437 4172
1438 92
1439 29
1440 1195
1441 1121
1442 6763
1443 1188
1444 1203
1445 2652
1446 3690
1447 830
1448 1135
1449 610
1450 529
1451 4263
1452 893
1453 2580
1454 1529
1455 249
1456 1157
1457 4585
1458 167
1459 4594
1460 1232
1461 743
1462 423
1463 830
1464 50
1465 768
1466 1241
1467 1170
1468 342
1469 328
1470 126
1471 23
1472 264
1473 261
1474 250
1475 1496
1476 6486
1477 11740
1478 4774
1479 3650
1480 4839
1481 4068
1482 874
1483 2923
1484 2156
1485 36
1486 599
1487 256
1488 2095
1489 1775
1490 7571
1491 1933
1492 987
1493 1967
1494 2150
1495 549
1496 3503
1497 4369
1498 576
1499 1579
1500 2769
1501 776
1502 1097
1503 479
1504 1955
1505 3481
1506 533
1507 1234
1508 3086
1509 639
1510 1147
1511 177
1512 276
1513 689
1514 4591
1515 1579
1516 863
1517 163
1518 13
1519 0
1520 62
1521 151
1522 229
1523 192
1524 1963
1525 6633
1526 4740
1527 13572
1528 10000
1529 6690
1530 2416
1531 131
1532 1060
1533 3793
1534 331
1535 2038
1536 1278
1537 1293
1538 2368
1539 1548
1540 161
1541 1897
1542 440
1543 1334
1544 7034
1545 4077
1546 4809
1547 2272
1548 668
1549 1652
1550 3334
1551 864
1552 763
1553 1348
1554 695
1555 879
1556 3962
1557 7370
1558 803
1559 845
1560 1561
1561 4794
1562 3018
1563 2745
1564 68
1565 206
1566 1292
1567 1271
1568 3483
1569 86
1570 167
1571 662
1572 9789
1573 19089
1574 6486
1575 666
1576 6394
1577 2888
1578 1956
1579 4445
1580 5379
1581 1968
1582 2512
1583 2017
1584 1366
1585 367
1586 61
1587 1070
1588 3307
1589 382
1590 6447
1591 2215
1592 1547
1593 1506
1594 1665
1595 5146
1596 3443
1597 452
1598 180
1599 567
1600 4682
1601 1568
1602 4616
1603 626
1604 386
1605 53
1606 236
1607 721
1608 26
1609 44
1610 99
1611 24
1612 1418
1613 1743
1614 919
1615 187
1616 2284
1617 8398
1618 6399
1619 11882
1620 5344
1621 8502
1622 7138
1623 2770
1624 1876
1625 323
1626 5550
1627 3000
1628 1340
1629 3164
1630 1901
1631 1569
1632 1898
1633 1531
1634 2576
1635 890
1636 809
1637 1327
1638 1457
1639 1718
1640 2968
1641 727
1642 67
1643 173
1644 310
1645 5402
1646 9561
1647 1892
1648 3225
1649 1521
1650 987
1651 3279
1652 8156
1653 327
1654 1196
1655 3641
1656 3933
1657 1062
1658 1711
1659 2430
1660 1262
1661 1694
1662 1596
1663 483
1664 1743
1665 2789
1666 1879
1667 4431
1668 3756
1669 96
1670 841
1671 965
1672 31
1673 240
1674 77
1675 141
1676 104
1677 9546
1678 6371
1679 5033
1680 5522
1681 1921
1682 3071
1683 3011
1684 1658
1685 3782
1686 2242
1687 959
1688 1354
1689 2068
1690 846
1691 2219
1692 555
1693 1363
1694 2241
1695 207
1696 979
1697 299
1698 504
1699 666
1700 301
1701 4637
1702 513
1703 1431
1704 24
1705 65
1706 344
1707 1150
1708 81
1709 1712
1710 8522
1711 2586
1712 1565
1713 1246
1714 1360
1715 3748
1716 2613
1717 1910
1718 646
1719 1125
1720 195
1721 1362
1722 330
1723 295
1724 563
1725 416
1726 1281
1727 863
1728 3207
1729 2646
1730 202
1731 390
1732 156
1733 1088
1734 546
1735 118
1736 860
1737 1850
1738 3446
1739 3105
1740 2116
1741 689
1742 2690
1743 302
1744 1338
1745 2219
1746 1029
1747 82
1748 244
1749 423
1750 819
1751 2019
1752 2953
1753 332
1754 180
1755 987
1756 606
1757 805
1758 1145
1759 91
1760 79
1761 3146
1762 899
1763 1399
1764 1525
1765 1602
1766 946
1767 3220
1768 1818
1769 61
1770 354
1771 895
1772 1617
1773 3006
1774 1393
1775 1125
1776 1171
1777 1514
1778 2872
1779 93
1780 438
1781 26
1782 1743
1783 168
1784 545
1785 890
1786 140
1787 2198
1788 1188
1789 488
1790 1472
1791 78
1792 2121
1793 998
1794 198
1795 8
1796 474
1797 3771
1798 3443
1799 6794
1800 5419
1801 1621
1802 2004
1803 529
1804 1253
1805 5341
1806 5150
1807 1165
1808 1424
1809 70
1810 1787
1811 900
1812 673
1813 812
1814 561
1815 720
1816 466
1817 93
1818 895
1819 256
1820 1612
1821 1085
1822 838
1823 1006
1824 3914
1825 1368
1826 416
1827 1309
1828 1777
1829 2991
1830 245
1831 2336
1832 652
1833 2416
1834 466
1835 3085
1836 1270
1837 301
1838 1107
1839 547
1840 914
1841 859
1842 373
1843 1241
1844 3945
1845 2804
1846 871
1847 1073
1848 2475
1849 4299
1850 526
1851 334
1852 506
1853 1836
1854 703
1855 2072
1856 1216
1857 446
1858 3263
1859 3891
1860 1077
1861 2696
1862 2547
1863 148
1864 1068
1865 351
1866 1178
1867 10279
1868 2402
1869 1233
1870 303
1871 1340
1872 4623
1873 2416
1874 776
1875 300
1876 344
1877 1068
1878 1314
1879 934
1880 104
1881 2439
1882 3882
1883 4567
1884 2502
1885 1031
1886 446
1887 476
1888 94
1889 2070
1890 2204
1891 727
1892 1510
1893 1637
1894 6635
1895 6667
1896 2838
1897 716
1898 687
1899 546
1900 2917
1901 1937
1902 371
1903 4138
1904 1314
1905 2108
1906 1436
1907 1988
1908 1099
1909 1249
1910 1293
1911 1817
1912 3567
1913 1664
1914 365
1915 168
1916 247
1917 2102
1918 942
1919 2289
1920 896
1921 1696
1922 421
1923 1856
1924 1828
1925 1961
1926 366
1927 372
1928 419
1929 519
1930 1020
1931 1670
1932 597
1933 225
1934 809
1935 2040
1936 2379
1937 323
1938 314
1939 589
1940 2262
1941 1777
1942 4939
1943 4030
1944 584
1945 797
1946 890
1947 157
1948 915
1949 725
1950 745
1951 2432
1952 1341
1953 2404
1954 1335
1955 3675
1956 571
1957 1352
1958 1926
1959 1053
1960 746
1961 282
1962 53
1963 395
1964 3972
1965 4420
1966 423
1967 2275
1968 3931
1969 1817
1970 912
1971 1711
1972 3630
1973 529
1974 950
1975 2177
1976 905
1977 17
1978 176
1979 148
1980 2101
1981 3926
1982 1694
1983 419
1984 683
1985 3609
1986 1501
1987 191
1988 296
1989 2551
1990 1373
1991 1675
1992 1336
1993 655
1994 1576
1995 3502
1996 5385
1997 2016
1998 992
1999 2345
2000 2266
2001 96
2002 401
2003 1189
2004 3322
2005 1667
2006 895
2007 1366
2008 892
2009 1445
2010 1597
2011 2018
2012 414
2013 360
2014 2277
2015 1805
2016 3378
2017 4452
2018 368
2019 3031
2020 1140
2021 867
2022 689
2023 3185
2024 4877
2025 151
2026 1108
2027 1106
2028 1049
2029 634
2030 1963
2031 2788
2032 1836
2033 651
2034 1868
2035 2775
2036 3967
2037 1421
2038 1202
2039 948
2040 619
2041 482
2042 782
2043 2909
2044 615
2045 1233
2046 1149
2047 1126
2048 3379
2049 3870
2050 2565
2051 2634
2052 263
2053 285
2054 1767
2055 5587
2056 850
2057 1079
2058 1066
2059 1215
2060 1202
2061 2366
2062 1731
2063 1462
2064 395
2065 286
2066 2643
2067 1808
2068 107
2069 2725
2070 737
2071 1457
2072 3327
2073 2817
2074 1395
2075 2055
2076 3077
2077 781
2078 61
2079 369
2080 1904
2081 3620
2082 2463
2083 1788
2084 1255
2085 917
2086 2271
2087 1589
2088 2487
2089 2082
2090 1407
2091 1002
2092 834
2093 934
2094 1550
2095 5391
2096 1504
2097 6037
2098 2937
2099 1564
2100 747
2101 400
2102 104
2103 4136
2104 3834
2105 1741
2106 79
2107 96
2108 652
2109 476
2110 2869
2111 1992
2112 3028
2113 1734
2114 1182
2115 1973
2116 1373
2117 1142
2118 3585
2119 3596
2120 643
2121 774
2122 245
2123 312
2124 3247
2125 401
2126 2001
2127 1974
2128 2917
2129 1022
2130 1330
2131 3424
2132 4055
2133 498
2134 28
2135 392
2136 126
2137 2071
2138 4214
2139 1051
2140 392
2141 52
2142 57
2143 103
2144 2711
2145 2996
2146 1210
2147 571
2148 4158
2149 1818
2150 4532
2151 611
2152 2702
2153 3500
2154 2694
2155 830
2156 170
2157 284
2158 199
2159 1329
2160 3560
2161 3512
2162 16
2163 131
2164 696
2165 2838
2166 1401
2167 1112
2168 664
2169 1764
2170 631
2171 292
2172 2256
2173 1517
2174 115
2175 914
2176 84
2177 1674
2178 318
2179 773
2180 381
2181 933
2182 693
2183 1230
2184 376
2185 3
2186 51
2187 1996
2188 926
2189 744
2190 2374
2191 1955
2192 733
2193 2691
2194 431
2195 156
2196 47
2197 418
2198 249
2199 1278
2200 794
2201 1481
2202 1840
2203 2692
2204 498
2205 2781
2206 2697
2207 693
2208 132
2209 1244
2210 1068
2211 2213
2212 4326
2213 3546
2214 619
2215 860
2216 147
2217 362
2218 183
2219 390
2220 1526
2221 49
2222 68
2223 747
2224 1801
2225 409
2226 318
2227 2785
2228 2269
2229 2081
2230 2457
2231 292
2232 976
2233 1304
2234 89
2235 358
2236 119
2237 956
2238 340
2239 62
2240 14
2241 228
2242 117
2243 2999
2244 1511
2245 334
2246 574
2247 2505
2248 4280
2249 639
2250 3182
2251 1496
2252 461
2253 1106
2254 3449
2255 1748
2256 2250
2257 613
2258 140
2259 360
2260 2483
2261 433
2262 232
2263 80
2264 84
2265 829
2266 4345
2267 3333
2268 2854
2269 4021
2270 4133
2271 2180
2272 112
2273 497
2274 4587
2275 3393
2276 1663
2277 3596
2278 1011
2279 274
2280 194
2281 2926
2282 4001
2283 406
2284 0
2285 340
2286 2112
2287 534
2288 754
2289 808
2290 3433
2291 4924
2292 417
2293 85
2294 3636
2295 3128
2296 837
2297 1686
2298 1016
2299 142
2300 1543
2301 2580
2302 1259
2303 67
2304 727
2305 170
2306 500
2307 1273
2308 3701
2309 1235
2310 1183
2311 1178
2312 832
2313 812
2314 1769
2315 919
2316 4306
2317 1463
2318 40
2319 589
2320 3134
2321 1955
2322 1598
2323 0
2324 28
2325 431
2326 3660
2327 5905
2328 1089
2329 268
2330 418
2331 140
2332 777
2333 730
2334 5527
2335 7058
2336 824
2337 180
2338 855
2339 1961
2340 1571
2341 474
2342 23
2343 4
2344 1309
2345 2578
2346 1287
2347 2030
2348 289
2349 1214
2350 1614
2351 2676
2352 2333
2353 3752
2354 2046
2355 506
2356 1610
2357 631
2358 232
2359 10
2360 82
2361 46
2362 89
2363 3585
2364 3113
2365 459
2366 2647
2367 2113
2368 568
2369 1399
2370 2443
2371 1530
2372 1424
2373 891
2374 101
2375 1719
2376 2503
2377 56
2378 41
2379 341
2380 546
2381 152
2382 3238
2383 1817
2384 1196
2385 4342
2386 1216
2387 3065
2388 5363
2389 3126
2390 2091
2391 3634
2392 522
2393 460
2394 3458
2395 1164
2396 417
2397 91
2398 2983
2399 91
2400 284
2401 1935
2402 7292
2403 556
2404 926
2405 2579
2406 3277
2407 2323
2408 1261
2409 1779
2410 1159
2411 2653
2412 1783
2413 393
2414 21
2415 798
2416 225
2417 510
2418 106
2419 2023
2420 3603
2421 2920
2422 6686
2423 928
2424 1670
2425 2085
2426 2705
2427 3330
2428 4239
2429 860
2430 57
2431 888
2432 2323
2433 21
2434 386
2435 1074
2436 1291
2437 727
2438 4199
2439 454
2440 1542
2441 3446
2442 3362
2443 1444
2444 1635
2445 1822
2446 293
2447 18
2448 28
2449 1562
2450 144
2451 473
2452 264
2453 148
2454 1289
2455 1192
2456 1838
2457 1676
2458 294
2459 1052
2460 237
2461 146
2462 10
2463 149
2464 1084
2465 6411
2466 993
2467 39
2468 440
2469 534
2470 1079
2471 732
2472 695
2473 172
2474 69
2475 85
2476 0
2477 359
2478 1594
2479 142
2480 528
2481 830
2482 261
2483 776
2484 1090
2485 1603
2486 773
2487 2475
2488 424
2489 624
2490 91
2491 45
2492 21
2493 58
2494 765
2495 1496
2496 508
2497 939
2498 190
2499 1036
2500 536
2501 468
2502 614
2503 3057
2504 139
2505 25
2506 209
2507 61
2508 77
2509 512
2510 298
2511 512
2512 421
2513 928
2514 0
2515 11
2516 245
2517 27
2518 4
2519 83
2520 432
2521 251
2522 358
2523 1053
2524 56
2525 34
2526 1619
2527 734
2528 13
2529 335
2530 496
2531 258
2532 109
2533 80
2534 2482
2535 3082
2536 466
2537 903
2538 1165
2539 225
2540 21
2541 197
2542 3523
2543 939
2544 1204
2545 2983
2546 266
2547 132
2548 785
2549 416
2550 241
2551 130
2552 1033
2553 1963
2554 719
2555 26
2556 33
2557 191
2558 574
2559 483
2560 1579
2561 1424
2562 338
2563 989
2564 324
2565 332
2566 616
2567 314
2568 304
2569 134
2570 324
2571 227
2572 7
2573 536
2574 43
2575 1339
2576 82
2577 91
2578 103
2579 52
2580 3
2581 9
2582 0
2583 0
2584 4
2585 0
2586 0
2587 3
2588 0
2589 0
2590 0
2591 0
2592 3
2593 0
2594 0
2595 0
2596 0
2597 0
2598 17
