0 1
1 0
2 0
3 0
4 0
5 0
6 0
7 0
8 0
9 0
10 0
11 0
12 0
13 0
14 1
15 0
16 0
17 0
18 0
19 2
20 0
21 0
22 0
23 2
24 0
25 1
26 0
27 0
28 0
29 0
30 0
31 0
32 0
33 0
34 0
35 0
36 0
37 0
38 0
39 0
40 0
41 0
42 0
43 0
44 1
45 0
46 0
47 0
48 0
49 0
50 1
51 0
52 1
53 0
54 1
55 0
56 0
57 0
58 1
59 0
60 0
61 0
62 0
63 0
64 0
65 5
66 0
67 0
68 0
69 0
70 0
71 0
72 0
73 0
74 0
75 1
76 0
77 1
78 3
79 2
80 0
81 0
82 0
83 0
84 0
85 0
86 0
87 3
88 2
89 0
90 0
91 0
92 0
93 0
94 0
95 0
96 0
97 0
98 0
99 0
100 0
101 0
102 0
103 0
104 0
105 0
106 0
107 0
108 1
109 0
110 0
111 0
112 0
113 0
114 0
115 0
116 0
117 0
118 0
119 1
120 0
121 0
122 2
123 0
124 0
125 0
126 0
127 0
128 0
129 0
130 0
131 0
132 0
133 0
134 0
135 2
136 0
137 5
138 0
139 0
140 1
141 1
142 0
143 0
144 0
145 0
146 1
147 0
148 1
149 1
150 0
151 0
152 0
153 0
154 0
155 0
156 0
157 0
158 3
159 0
160 0
161 0
162 0
163 0
164 0
165 1
166 1
167 1
168 0
169 0
170 3
171 1
172 0
173 0
174 1
175 3
176 2
177 0
178 1
179 0
180 3
181 0
182 6
183 2
184 0
185 0
186 3
187 3
188 2
189 0
190 0
191 0
192 0
193 0
194 0
195 0
196 1
197 0
198 0
199 1
200 0
201 1
202 0
203 1
204 0
205 4
206 4
207 0
208 0
209 0
210 4
211 0
212 0
213 0
214 0
215 2
216 0
217 0
218 0
219 2
220 0
221 3
222 3
223 3
224 3
225 2
226 0
227 0
228 0
229 0
230 0
231 0
232 0
233 0
234 0
235 0
236 0
237 0
238 0
239 5
240 0
241 5
242 3
243 0
244 3
245 0
246 1
247 0
248 0
249 0
250 0
251 0
252 0
253 0
254 0
255 0
256 7
257 3
258 0
259 0
260 0
261 0
262 0
263 1
264 0
265 0
266 0
267 0
268 0
269 0
270 0
271 2
272 0
273 0
274 0
275 0
276 0
277 0
278 0
279 0
280 0
281 0
282 0
283 3
284 0
285 0
286 0
287 0
288 0
289 0
290 0
291 0
292 5
293 1
294 0
295 1
296 1
297 0
298 1
299 0
300 0
301 1
302 0
303 0
304 4
305 1
306 0
307 2
308 0
309 1
310 0
311 1
312 1
313 0
314 0
315 1
316 0
317 0
318 4
319 0
320 0
321 1
322 0
323 0
324 0
325 0
326 0
327 0
328 0
329 0
330 0
331 0
332 0
333 1
334 2
335 1
336 0
337 0
338 4
339 3
340 0
341 0
342 0
343 0
344 0
345 0
346 0
347 0
348 1
349 0
350 0
351 2
352 0
353 0
354 0
355 0
356 0
357 0
358 0
359 0
360 0
361 0
362 2
363 0
364 0
365 0
366 0
367 0
368 0
369 1
370 0
371 0
372 0
373 0
374 0
375 0
376 1
377 0
378 0
379 0
380 0
381 0
382 0
383 0
384 0
385 1
386 0
387 0
388 0
389 2
390 3
391 3
392 2
393 0
394 1
395 0
396 1
397 0
398 0
399 2
400 0
401 0
402 0
403 0
404 0
405 2
406 2
407 2
408 0
409 0
410 0
411 0
412 1
413 3
414 3
415 0
416 0
417 0
418 0
419 0
420 0
421 0
422 0
423 2
424 2
425 0
426 0
427 0
428 1
429 0
430 3
431 0
432 0
433 0
434 0
435 0
436 2
437 4
438 5
439 2
440 0
441 1
442 1
443 3
444 0
445 0
446 0
447 0
448 1
449 0
450 0
451 2
452 0
453 2
454 3
455 0
456 1
457 5
458 0
459 0
460 0
461 2
462 2
463 1
464 0
465 0
466 0
467 1
468 1
469 1
470 5
471 0
472 1
473 1
474 2
475 1
476 0
477 0
478 0
479 0
480 0
481 0
482 0
483 0
484 2
485 1
486 0
487 3
488 0
489 2
490 0
491 0
492 3
493 5
494 0
495 0
496 0
497 0
498 2
499 0
500 0
501 0
502 0
503 0
504 0
505 0
506 2
507 0
508 0
509 5
510 0
511 0
512 1
513 3
514 0
515 1
516 0
517 0
518 0
519 0
520 3
521 3
522 0
523 0
524 1
525 0
526 0
527 0
528 1
529 0
530 0
531 0
532 2
533 0
534 0
535 3
536 0
537 0
538 0
539 1
540 0
541 0
542 0
543 2
544 2
545 0
546 0
547 0
548 2
549 0
550 0
551 0
552 2
553 1
554 2
555 0
556 0
557 0
558 0
559 1
560 0
561 0
562 0
563 0
564 0
565 0
566 0
567 0
568 0
569 0
570 0
571 0
572 0
573 1
574 0
575 1
576 0
577 1
578 1
579 0
580 0
581 0
582 0
583 0
584 2
585 0
586 1
587 0
588 1
589 4
590 0
591 0
592 0
593 0
594 0
595 0
596 0
597 0
598 2
599 0
600 4
601 4
602 0
603 0
604 0
605 0
606 1
607 0
608 1
609 0
610 1
611 0
612 3
613 0
614 2
615 2
616 2
617 0
618 0
619 0
620 0
621 0
622 0
623 0
624 0
625 2
626 2
627 2
628 2
629 2
630 3
631 0
632 0
633 0
634 1
635 0
636 3
637 0
638 0
639 1
640 0
641 0
642 1
643 1
644 0
645 1
646 0
647 0
648 0
649 0
650 0
651 0
652 0
653 0
654 0
655 0
656 0
657 0
658 2
659 2
660 0
661 0
662 0
663 1
664 0
665 0
666 0
667 1
668 0
669 0
670 0
671 1
672 0
673 0
674 0
675 0
676 2
677 2
678 0
679 0
680 2
681 1
682 0
683 0
684 0
685 0
686 0
687 0
688 0
689 0
690 1
691 0
692 0
693 0
694 0
695 0
696 0
697 0
698 0
699 0
700 0
701 0
702 1
703 0
704 0
705 2
706 4
707 0
708 0
709 1
710 0
711 0
712 0
713 0
714 0
715 0
716 0
717 4
718 1
719 1
720 3
721 0
722 0
723 0
724 0
725 0
726 0
727 0
728 0
729 1
730 0
731 1
732 0
733 0
734 0
735 0
736 1
737 0
738 3
739 3
740 0
741 0
742 0
743 0
744 1
745 0
746 0
747 0
748 0
749 0
750 6
751 0
752 3
753 0
754 1
755 0
756 1
757 0
758 0
759 1
760 1
761 0
762 0
763 0
764 0
765 0
766 1
767 1
768 0
769 0
770 0
771 0
772 0
773 0
774 0
775 1
776 0
777 0
778 0
779 0
780 0
781 0
782 0
783 0
784 1
785 1
786 1
787 0
788 0
789 3
790 0
791 0
792 0
793 2
794 1
795 0
796 0
797 1
798 1
799 0
800 0
801 0
802 0
803 0
804 0
805 0
806 2
807 0
808 0
809 1
810 0
811 0
812 0
813 0
814 0
815 0
816 0
817 0
818 0
819 1
820 2
821 4
822 0
823 1
824 0
825 1
826 0
827 2
828 0
829 0
830 1
831 0
832 0
833 0
834 1
835 0
836 1
837 0
838 0
839 0
840 0
841 0
842 0
843 0
844 0
845 2
846 2
847 1
848 0
849 0
850 0
851 0
852 0
853 0
854 0
855 0
856 0
857 0
858 0
859 0
860 0
861 1
862 1
863 0
864 1
865 0
866 0
867 0
868 0
869 0
870 0
871 0
872 0
873 0
874 0
875 0
876 0
877 0
878 0
879 0
880 3
881 0
882 0
883 0
884 0
885 0
886 0
887 0
888 0
889 5
890 0
891 0
892 0
893 0
894 0
895 1
896 0
897 0
898 0
899 0
900 0
901 0
902 0
903 0
904 0
905 0
906 2
907 2
908 3
909 0
910 0
911 1
912 0
913 0
914 0
915 1
916 0
917 0
918 1
919 0
920 1
921 1
922 0
923 0
924 0
925 0
926 0
927 0
928 0
929 0
930 0
931 3
932 0
933 3
934 1
935 2
936 0
937 0
938 0
939 1
940 2
941 0
942 0
943 0
944 2
945 0
946 0
947 0
948 0
949 0
950 0
951 0
952 0
953 1
954 0
955 3
956 5
957 0
958 0
959 0
960 1
961 0
962 0
963 1
964 0
965 0
966 0
967 1
968 0
969 0
970 1
971 0
972 0
973 3
974 0
975 0
976 0
977 0
978 4
979 1
980 3
981 4
982 0
983 0
984 2
985 2
986 0
987 0
988 0
989 0
990 0
991 0
992 0
993 2
994 2
995 0
996 0
997 0
998 0
999 0
1000 0
1001 0
1002 2
1003 0
1004 0
1005 0
1006 0
1007 1
1008 1
1009 0
1010 0
1011 0
1012 0
1013 0
1014 0
1015 0
1016 0
1017 0
1018 0
1019 1
1020 0
1021 2
1022 3
1023 0
1024 0
1025 0
1026 0
1027 3
1028 0
1029 0
1030 0
1031 0
1032 0
1033 0
1034 0
1035 1
1036 0
1037 0
1038 2
1039 0
1040 2
1041 0
1042 0
1043 0
1044 0
1045 0
1046 0
1047 1
1048 0
1049 0
1050 0
1051 0
1052 0
1053 0
1054 0
1055 0
1056 0
1057 0
1058 2
1059 3
1060 2
1061 0
1062 0
1063 0
1064 0
1065 0
1066 0
1067 0
1068 0
1069 0
1070 0
1071 0
1072 2
1073 0
1074 0
1075 0
1076 0
1077 0
1078 0
1079 0
1080 2
1081 1
1082 0
1083 0
1084 0
1085 0
1086 0
1087 0
1088 0
1089 0
1090 1
1091 1
1092 2
1093 3
1094 2
1095 0
1096 0
1097 0
1098 0
1099 2
1100 0
1101 0
1102 0
1103 0
1104 0
1105 0
1106 3
1107 5
1108 0
1109 0
1110 6
1111 1
1112 0
1113 0
1114 1
1115 0
1116 0
1117 0
1118 0
1119 1
1120 3
1121 2
1122 0
1123 0
1124 0
1125 0
1126 0
1127 0
1128 1
1129 1
1130 0
1131 0
1132 0
1133 0
1134 0
1135 0
1136 0
1137 0
1138 0
1139 2
1140 6
1141 4
1142 2
1143 0
1144 0
1145 0
1146 0
1147 0
1148 0
1149 3
1150 3
1151 0
1152 1
1153 0
1154 0
1155 4
1156 0
1157 0
1158 0
1159 0
1160 0
1161 0
1162 0
1163 0
1164 0
1165 0
1166 0
1167 0
1168 1
1169 0
1170 1
1171 0
1172 0
1173 0
1174 0
1175 0
1176 2
1177 0
1178 0
1179 3
1180 0
1181 1
1182 1
1183 3
1184 1
1185 2
1186 0
1187 0
1188 0
1189 0
1190 0
1191 0
1192 0
1193 0
1194 0
1195 0
1196 0
1197 0
1198 1
1199 0
1200 0
1201 0
1202 0
1203 0
1204 0
1205 0
1206 0
1207 0
1208 0
1209 0
1210 0
1211 2
1212 4
1213 0
1214 0
1215 1
1216 1
1217 2
1218 1
1219 0
1220 1
1221 0
1222 0
1223 0
1224 0
1225 0
1226 0
1227 0
1228 0
1229 0
1230 0
1231 0
1232 0
1233 0
1234 1
1235 3
1236 0
1237 0
1238 1
1239 0
1240 0
1241 0
1242 0
1243 0
1244 0
1245 0
1246 0
1247 0
1248 3
1249 4
1250 0
1251 0
1252 3
1253 2
1254 5
1255 0
1256 0
1257 0
1258 1
1259 0
1260 0
1261 0
1262 0
1263 0
1264 0
1265 0
1266 0
1267 0
1268 0
1269 0
1270 0
1271 0
1272 0
1273 0
1274 5
1275 2
1276 0
1277 0
1278 0
1279 0
1280 0
1281 0
1282 0
1283 0
1284 0
1285 0
1286 0
1287 3
1288 1
1289 2
1290 1
1291 3
1292 0
1293 1
1294 17
1295 9
1296 0
1297 0
1298 1
1299 3
1300 0
1301 0
1302 0
1303 0
1304 2
1305 0
1306 0
1307 1
1308 2
1309 1
1310 0
1311 0
1312 0
1313 0
1314 0
1315 2
1316 1
1317 3
1318 4
1319 3
1320 0
1321 6
1322 2
1323 0
1324 0
1325 0
1326 0
1327 0
1328 0
1329 0
1330 0
1331 0
1332 4
1333 0
1334 0
1335 0
1336 0
1337 2
1338 1
1339 5
1340 7
1341 0
1342 0
1343 2
1344 1
1345 0
1346 0
1347 0
1348 0
1349 0
1350 3
1351 0
1352 0
1353 2
1354 0
1355 2
1356 1
1357 0
1358 0
1359 2
1360 0
1361 0
1362 0
1363 1
1364 5
1365 4
1366 0
1367 2
1368 1
1369 2
1370 3
1371 1
1372 0
1373 0
1374 0
1375 0
1376 0
1377 0
1378 0
1379 5
1380 2
1381 0
1382 0
1383 0
1384 0
1385 0
1386 2
1387 4
1388 0
1389 0
1390 0
1391 1
1392 0
1393 0
1394 0
1395 0
1396 0
1397 0
1398 0
1399 0
1400 3
1401 0
1402 1
1403 0
1404 1
1405 1
1406 0
1407 1
1408 0
1409 2
1410 0
1411 0
1412 0
1413 0
1414 0
1415 0
1416 1
1417 2
1418 1
1419 4
1420 2
1421 3
1422 0
1423 0
1424 0
1425 0
1426 0
1427 0
1428 3
1429 6
1430 4
1431 4
1432 5
1433 1
1434 1
1435 1
1436 0
1437 2
1438 0
1439 0
1440 0
1441 0
1442 4
1443 0
1444 1
1445 2
1446 3
1447 0
1448 0
1449 0
1450 0
1451 3
1452 0
1453 2
1454 0
1455 0
1456 1
1457 0
1458 0
1459 3
1460 0
1461 0
1462 0
1463 0
1464 0
1465 0
1466 1
1467 0
1468 0
1469 0
1470 0
1471 0
1472 0
1473 0
1474 0
1475 1
1476 7
1477 9
1478 3
1479 3
1480 5
1481 3
1482 0
1483 2
1484 0
1485 0
1486 0
1487 0
1488 1
1489 2
1490 6
1491 1
1492 1
1493 1
1494 2
1495 0
1496 1
1497 3
1498 0
1499 2
1500 2
1501 0
1502 0
1503 0
1504 0
1505 0
1506 0
1507 0
1508 3
1509 0
1510 1
1511 0
1512 0
1513 0
1514 2
1515 0
1516 0
1517 0
1518 0
1519 0
1520 0
1521 0
1522 0
1523 0
1524 2
1525 4
1526 5
1527 12
1528 7
1529 5
1530 2
1531 0
1532 1
1533 3
1534 0
1535 1
1536 1
1537 1
1538 1
1539 0
1540 0
1541 1
1542 0
1543 0
1544 2
1545 3
1546 3
1547 1
1548 0
1549 0
1550 2
1551 0
1552 0
1553 0
1554 0
1555 0
1556 1
1557 8
1558 0
1559 0
1560 0
1561 3
1562 2
1563 2
1564 0
1565 0
1566 0
1567 2
1568 2
1569 0
1570 0
1571 0
1572 7
1573 18
1574 3
1575 0
1576 3
1577 3
1578 2
1579 3
1580 4
1581 1
1582 2
1583 2
1584 0
1585 0
1586 0
1587 0
1588 3
1589 0
1590 4
1591 1
1592 0
1593 0
1594 0
1595 6
1596 3
1597 0
1598 0
1599 0
1600 3
1601 0
1602 3
1603 0
1604 0
1605 0
1606 0
1607 0
1608 0
1609 0
1610 0
1611 0
1612 1
1613 2
1614 0
1615 0
1616 2
1617 8
1618 4
1619 8
1620 5
1621 8
1622 3
1623 1
1624 0
1625 0
1626 4
1627 3
1628 0
1629 2
1630 1
1631 1
1632 1
1633 1
1634 2
1635 0
1636 0
1637 1
1638 0
1639 0
1640 3
1641 0
1642 0
1643 0
1644 0
1645 3
1646 8
1647 1
1648 3
1649 1
1650 0
1651 0
1652 7
1653 0
1654 0
1655 3
1656 3
1657 0
1658 1
1659 1
1660 0
1661 1
1662 0
1663 0
1664 0
1665 2
1666 1
1667 4
1668 3
1669 0
1670 0
1671 0
1672 0
1673 0
1674 0
1675 0
1676 0
1677 7
1678 4
1679 2
1680 5
1681 1
1682 1
1683 1
1684 2
1685 2
1686 1
1687 1
1688 1
1689 1
1690 0
1691 2
1692 0
1693 0
1694 2
1695 0
1696 0
1697 0
1698 0
1699 0
1700 0
1701 4
1702 0
1703 0
1704 0
1705 0
1706 0
1707 0
1708 0
1709 1
1710 6
1711 3
1712 1
1713 0
1714 0
1715 2
1716 2
1717 1
1718 0
1719 1
1720 0
1721 1
1722 0
1723 0
1724 0
1725 0
1726 0
1727 0
1728 2
1729 1
1730 0
1731 0
1732 0
1733 1
1734 0
1735 0
1736 0
1737 0
1738 3
1739 1
1740 2
1741 0
1742 2
1743 0
1744 0
1745 2
1746 0
1747 0
1748 0
1749 0
1750 0
1751 0
1752 3
1753 0
1754 0
1755 1
1756 0
1757 0
1758 0
1759 0
1760 0
1761 2
1762 0
1763 1
1764 0
1765 0
1766 0
1767 2
1768 1
1769 0
1770 0
1771 0
1772 1
1773 2
1774 0
1775 0
1776 0
1777 0
1778 3
1779 0
1780 0
1781 0
1782 0
1783 0
1784 0
1785 1
1786 0
1787 1
1788 0
1789 0
1790 0
1791 0
1792 0
1793 0
1794 0
1795 0
1796 0
1797 3
1798 3
1799 6
1800 4
1801 0
1802 0
1803 0
1804 1
1805 3
1806 7
1807 0
1808 2
1809 0
1810 1
1811 1
1812 0
1813 0
1814 0
1815 0
1816 0
1817 0
1818 0
1819 0
1820 1
1821 0
1822 0
1823 1
1824 2
1825 0
1826 0
1827 0
1828 2
1829 3
1830 0
1831 1
1832 0
1833 1
1834 0
1835 3
1836 0
1837 0
1838 1
1839 0
1840 0
1841 0
1842 0
1843 0
1844 3
1845 2
1846 0
1847 0
1848 3
1849 2
1850 0
1851 0
1852 0
1853 1
1854 0
1855 1
1856 0
1857 0
1858 1
1859 2
1860 1
1861 0
1862 2
1863 0
1864 0
1865 0
1866 1
1867 10
1868 0
1869 0
1870 0
1871 1
1872 2
1873 2
1874 0
1875 0
1876 0
1877 0
1878 0
1879 0
1880 0
1881 0
1882 5
1883 0
1884 2
1885 0
1886 0
1887 0
1888 0
1889 1
1890 1
1891 0
1892 2
1893 2
1894 4
1895 5
1896 1
1897 0
1898 0
1899 0
1900 2
1901 0
1902 0
1903 3
1904 0
1905 0
1906 0
1907 0
1908 1
1909 0
1910 0
1911 0
1912 3
1913 1
1914 0
1915 0
1916 0
1917 0
1918 0
1919 1
1920 0
1921 0
1922 0
1923 1
1924 0
1925 1
1926 0
1927 0
1928 0
1929 0
1930 0
1931 0
1932 0
1933 0
1934 0
1935 0
1936 2
1937 0
1938 0
1939 0
1940 2
1941 1
1942 5
1943 2
1944 0
1945 0
1946 0
1947 0
1948 0
1949 0
1950 0
1951 1
1952 1
1953 2
1954 0
1955 2
1956 0
1957 1
1958 0
1959 0
1960 0
1961 0
1962 0
1963 0
1964 0
1965 3
1966 0
1967 1
1968 0
1969 2
1970 0
1971 1
1972 4
1973 0
1974 0
1975 2
1976 0
1977 0
1978 0
1979 0
1980 0
1981 2
1982 1
1983 0
1984 0
1985 2
1986 1
1987 0
1988 0
1989 2
1990 1
1991 0
1992 0
1993 0
1994 0
1995 3
1996 5
1997 1
1998 0
1999 2
2000 1
2001 0
2002 0
2003 0
2004 0
2005 1
2006 0
2007 1
2008 0
2009 0
2010 2
2011 1
2012 0
2013 0
2014 3
2015 1
2016 3
2017 3
2018 0
2019 2
2020 1
2021 0
2022 0
2023 0
2024 4
2025 0
2026 0
2027 0
2028 1
2029 0
2030 0
2031 2
2032 0
2033 0
2034 1
2035 1
2036 2
2037 1
2038 0
2039 0
2040 0
2041 0
2042 0
2043 2
2044 0
2045 0
2046 1
2047 0
2048 4
2049 2
2050 2
2051 2
2052 0
2053 0
2054 1
2055 0
2056 0
2057 0
2058 0
2059 0
2060 0
2061 2
2062 2
2063 1
2064 0
2065 0
2066 2
2067 1
2068 0
2069 1
2070 0
2071 0
2072 1
2073 1
2074 0
2075 0
2076 3
2077 0
2078 0
2079 0
2080 2
2081 3
2082 0
2083 0
2084 0
2085 0
2086 2
2087 0
2088 1
2089 0
2090 1
2091 0
2092 0
2093 0
2094 1
2095 2
2096 1
2097 5
2098 3
2099 0
2100 0
2101 0
2102 0
2103 4
2104 3
2105 0
2106 0
2107 0
2108 0
2109 0
2110 1
2111 2
2112 1
2113 0
2114 0
2115 0
2116 1
2117 0
2118 3
2119 4
2120 0
2121 0
2122 0
2123 0
2124 2
2125 0
2126 1
2127 2
2128 1
2129 0
2130 0
2131 2
2132 0
2133 0
2134 0
2135 0
2136 0
2137 2
2138 3
2139 0
2140 0
2141 0
2142 0
2143 0
2144 0
2145 2
2146 0
2147 0
2148 3
2149 0
2150 4
2151 0
2152 1
2153 3
2154 2
2155 0
2156 0
2157 0
2158 0
2159 0
2160 3
2161 2
2162 0
2163 0
2164 0
2165 0
2166 0
2167 0
2168 0
2169 1
2170 0
2171 0
2172 0
2173 1
2174 0
2175 0
2176 0
2177 0
2178 0
2179 0
2180 0
2181 0
2182 0
2183 1
2184 0
2185 0
2186 0
2187 1
2188 0
2189 1
2190 2
2191 0
2192 0
2193 2
2194 0
2195 0
2196 0
2197 0
2198 0
2199 0
2200 0
2201 0
2202 1
2203 1
2204 0
2205 2
2206 1
2207 0
2208 0
2209 0
2210 0
2211 0
2212 3
2213 3
2214 0
2215 0
2216 0
2217 0
2218 0
2219 0
2220 0
2221 0
2222 0
2223 0
2224 1
2225 0
2226 0
2227 2
2228 0
2229 1
2230 2
2231 0
2232 0
2233 0
2234 0
2235 0
2236 0
2237 1
2238 0
2239 0
2240 0
2241 0
2242 0
2243 2
2244 1
2245 0
2246 0
2247 1
2248 0
2249 0
2250 3
2251 0
2252 0
2253 0
2254 2
2255 0
2256 2
2257 0
2258 0
2259 0
2260 3
2261 0
2262 0
2263 0
2264 0
2265 0
2266 2
2267 1
2268 2
2269 5
2270 3
2271 2
2272 0
2273 0
2274 3
2275 2
2276 0
2277 0
2278 0
2279 0
2280 0
2281 1
2282 3
2283 0
2284 0
2285 0
2286 1
2287 0
2288 1
2289 0
2290 2
2291 3
2292 0
2293 0
2294 2
2295 0
2296 0
2297 0
2298 0
2299 0
2300 1
2301 1
2302 1
2303 0
2304 0
2305 0
2306 0
2307 1
2308 3
2309 0
2310 0
2311 0
2312 0
2313 0
2314 1
2315 0
2316 4
2317 1
2318 0
2319 0
2320 4
2321 0
2322 0
2323 0
2324 0
2325 0
2326 0
2327 5
2328 1
2329 0
2330 0
2331 0
2332 0
2333 0
2334 0
2335 6
2336 0
2337 0
2338 0
2339 0
2340 1
2341 0
2342 0
2343 0
2344 0
2345 1
2346 0
2347 0
2348 0
2349 0
2350 1
2351 0
2352 2
2353 3
2354 0
2355 0
2356 2
2357 0
2358 0
2359 0
2360 0
2361 0
2362 0
2363 2
2364 1
2365 0
2366 2
2367 1
2368 0
2369 1
2370 2
2371 1
2372 1
2373 0
2374 0
2375 1
2376 3
2377 0
2378 0
2379 0
2380 0
2381 0
2382 1
2383 1
2384 0
2385 3
2386 0
2387 3
2388 3
2389 3
2390 0
2391 2
2392 1
2393 0
2394 3
2395 0
2396 0
2397 0
2398 2
2399 0
2400 0
2401 1
2402 6
2403 0
2404 0
2405 1
2406 2
2407 1
2408 0
2409 1
2410 0
2411 0
2412 2
2413 0
2414 0
2415 0
2416 0
2417 0
2418 0
2419 1
2420 3
2421 3
2422 4
2423 0
2424 1
2425 1
2426 2
2427 3
2428 3
2429 0
2430 0
2431 1
2432 1
2433 0
2434 0
2435 1
2436 1
2437 0
2438 3
2439 0
2440 1
2441 3
2442 4
2443 0
2444 2
2445 1
2446 0
2447 0
2448 0
2449 0
2450 0
2451 0
2452 0
2453 0
2454 0
2455 0
2456 2
2457 1
2458 0
2459 0
2460 0
2461 0
2462 0
2463 0
2464 0
2465 5
2466 0
2467 0
2468 0
2469 0
2470 0
2471 0
2472 0
2473 0
2474 0
2475 0
2476 0
2477 0
2478 0
2479 0
2480 0
2481 1
2482 0
2483 2
2484 0
2485 1
2486 0
2487 0
2488 0
2489 0
2490 0
2491 0
2492 0
2493 0
2494 0
2495 0
2496 0
2497 0
2498 0
2499 1
2500 0
2501 0
2502 0
2503 1
2504 0
2505 0
2506 0
2507 0
2508 0
2509 0
2510 0
2511 0
2512 0
2513 0
2514 0
2515 0
2516 0
2517 0
2518 0
2519 0
2520 0
2521 0
2522 0
2523 0
2524 0
2525 0
2526 0
2527 0
2528 0
2529 0
2530 0
2531 0
2532 0
2533 0
2534 2
2535 2
2536 0
2537 0
2538 1
2539 0
2540 0
2541 0
2542 2
2543 0
2544 0
2545 4
2546 0
2547 0
2548 0
2549 0
2550 0
2551 0
2552 0
2553 2
2554 0
2555 0
2556 0
2557 0
2558 0
2559 0
2560 1
2561 0
2562 0
2563 0
2564 0
2565 0
2566 0
2567 0
2568 0
2569 0
2570 0
2571 0
2572 0
2573 0
2574 0
2575 0
2576 0
2577 0
2578 0
2579 0
2580 0
2581 0
2582 0
2583 0
2584 0
2585 0
2586 0
2587 0
2588 0
2589 0
2590 0
2591 0
2592 0
2593 0
2594 0
2595 0
2596 0
2597 0
2598 0
