0 23
1 0
2 1
3 0
4 2
5 12
6 0
7 0
8 0
9 0
10 4
11 17
12 0
13 13
14 35
15 13
16 19
17 5
18 0
19 55
20 0
21 4
22 2
23 34
24 0
25 13
26 0
27 0
28 0
29 5
30 0
31 0
32 0
33 12
34 0
35 21
36 0
37 3
38 0
39 3
40 8
41 0
42 0
43 0
44 28
45 0
46 0
47 0
48 0
49 18
50 6
51 1
52 19
53 24
54 15
55 1
56 1
57 15
58 22
59 0
60 2
61 29
62 21
63 1
64 2
65 56
66 3
67 20
68 13
69 0
70 2
71 1
72 0
73 0
74 18
75 34
76 0
77 14
78 36
79 34
80 2
81 0
82 18
83 9
84 1
85 0
86 10
87 56
88 44
89 0
90 0
91 0
92 0
93 12
94 2
95 0
96 2
97 22
98 3
99 29
100 0
101 0
102 17
103 21
104 1
105 4
106 28
107 4
108 25
109 23
110 0
111 8
112 11
113 3
114 12
115 8
116 22
117 1
118 0
119 14
120 0
121 9
122 48
123 13
124 2
125 0
126 0
127 2
128 4
129 11
130 2
131 10
132 3
133 0
134 0
135 37
136 23
137 104
138 4
139 8
140 34
141 31
142 3
143 2
144 0
145 1
146 25
147 4
148 33
149 19
150 5
151 0
152 0
153 7
154 4
155 6
156 3
157 7
158 88
159 14
160 4
161 2
162 0
163 14
164 19
165 20
166 29
167 11
168 9
169 4
170 36
171 22
172 10
173 4
174 32
175 69
176 37
177 2
178 11
179 0
180 41
181 0
182 106
183 46
184 17
185 17
186 77
187 52
188 37
189 4
190 7
191 0
192 0
193 0
194 0
195 0
196 28
197 19
198 0
199 23
200 23
201 14
202 4
203 38
204 25
205 48
206 85
207 19
208 9
209 0
210 59
211 0
212 5
213 18
214 0
215 44
216 1
217 10
218 14
219 53
220 12
221 46
222 41
223 41
224 78
225 43
226 37
227 7
228 0
229 5
230 0
231 0
232 0
233 4
234 0
235 5
236 0
237 0
238 20
239 94
240 3
241 87
242 41
243 6
244 52
245 11
246 19
247 0
248 13
249 11
250 6
251 1
252 2
253 0
254 0
255 5
256 124
257 34
258 2
259 0
260 0
261 0
262 2
263 22
264 0
265 8
266 1
267 6
268 1
269 0
270 16
271 32
272 7
273 0
274 2
275 0
276 2
277 1
278 4
279 22
280 0
281 0
282 9
283 93
284 0
285 0
286 6
287 3
288 7
289 4
290 70
291 20
292 105
293 32
294 0
295 19
296 20
297 12
298 12
299 7
300 18
301 10
302 13
303 13
304 78
305 20
306 19
307 36
308 0
309 23
310 15
311 24
312 31
313 1
314 2
315 32
316 22
317 34
318 79
319 0
320 12
321 15
322 0
323 4
324 0
325 0
326 8
327 1
328 0
329 0
330 0
331 16
332 4
333 39
334 51
335 47
336 3
337 20
338 59
339 21
340 0
341 0
342 0
343 0
344 2
345 0
346 11
347 0
348 41
349 9
350 10
351 63
352 8
353 0
354 0
355 0
356 0
357 16
358 0
359 24
360 23
361 62
362 83
363 2
364 0
365 0
366 6
367 10
368 27
369 22
370 6
371 8
372 7
373 11
374 3
375 5
376 15
377 0
378 3
379 20
380 18
381 0
382 13
383 0
384 16
385 26
386 0
387 0
388 20
389 24
390 53
391 33
392 51
393 0
394 24
395 10
396 56
397 22
398 0
399 31
400 0
401 14
402 4
403 6
404 26
405 15
406 55
407 41
408 11
409 0
410 3
411 7
412 13
413 67
414 36
415 0
416 5
417 19
418 1
419 8
420 5
421 0
422 33
423 30
424 41
425 6
426 14
427 6
428 26
429 0
430 46
431 2
432 3
433 8
434 0
435 1
436 44
437 61
438 69
439 34
440 50
441 37
442 17
443 80
444 11
445 11
446 5
447 0
448 33
449 8
450 28
451 15
452 32
453 37
454 54
455 7
456 32
457 68
458 43
459 0
460 0
461 45
462 42
463 19
464 20
465 18
466 3
467 40
468 21
469 46
470 66
471 46
472 46
473 23
474 49
475 19
476 2
477 4
478 1
479 5
480 3
481 4
482 15
483 1
484 38
485 12
486 20
487 29
488 11
489 54
490 15
491 7
492 47
493 95
494 8
495 23
496 9
497 7
498 47
499 17
500 17
501 17
502 8
503 2
504 0
505 13
506 28
507 1
508 1
509 89
510 3
511 7
512 39
513 65
514 27
515 36
516 17
517 10
518 0
519 11
520 73
521 57
522 1
523 10
524 7
525 0
526 0
527 4
528 24
529 2
530 0
531 7
532 47
533 41
534 4
535 38
536 46
537 6
538 7
539 31
540 3
541 10
542 4
543 31
544 42
545 0
546 22
547 0
548 28
549 0
550 15
551 1
552 37
553 38
554 61
555 52
556 9
557 3
558 15
559 30
560 4
561 21
562 7
563 0
564 0
565 0
566 0
567 4
568 0
569 0
570 5
571 27
572 17
573 7
574 3
575 32
576 5
577 10
578 17
579 9
580 0
581 0
582 0
583 10
584 18
585 18
586 25
587 2
588 35
589 72
590 0
591 0
592 15
593 0
594 1
595 6
596 2
597 1
598 44
599 63
600 35
601 86
602 18
603 13
604 8
605 4
606 22
607 23
608 34
609 11
610 24
611 12
612 34
613 32
614 68
615 42
616 31
617 0
618 0
619 0
620 4
621 0
622 11
623 4
624 9
625 49
626 26
627 71
628 34
629 35
630 60
631 5
632 15
633 10
634 15
635 6
636 27
637 0
638 15
639 23
640 3
641 22
642 18
643 48
644 12
645 43
646 18
647 0
648 1
649 0
650 0
651 15
652 22
653 9
654 11
655 15
656 4
657 2
658 46
659 37
660 0
661 19
662 0
663 32
664 5
665 2
666 28
667 20
668 0
669 10
670 14
671 39
672 2
673 1
674 2
675 0
676 27
677 38
678 29
679 17
680 49
681 39
682 0
683 7
684 2
685 14
686 3
687 0
688 0
689 10
690 57
691 33
692 21
693 0
694 2
695 6
696 5
697 4
698 0
699 18
700 11
701 13
702 18
703 0
704 5
705 36
706 58
707 21
708 0
709 22
710 0
711 0
712 2
713 2
714 0
715 3
716 21
717 74
718 32
719 29
720 71
721 15
722 4
723 0
724 10
725 6
726 15
727 13
728 6
729 30
730 12
731 35
732 1
733 14
734 17
735 9
736 26
737 20
738 45
739 47
740 19
741 7
742 0
743 7
744 42
745 0
746 0
747 0
748 31
749 8
750 83
751 3
752 35
753 6
754 30
755 1
756 10
757 3
758 9
759 46
760 22
761 4
762 22
763 6
764 55
765 18
766 15
767 13
768 0
769 8
770 41
771 6
772 1
773 0
774 14
775 15
776 13
777 13
778 14
779 0
780 0
781 1
782 12
783 4
784 19
785 6
786 30
787 21
788 3
789 47
790 2
791 4
792 10
793 28
794 23
795 0
796 19
797 29
798 13
799 8
800 3
801 0
802 6
803 0
804 0
805 0
806 56
807 21
808 11
809 33
810 21
811 3
812 12
813 18
814 1
815 0
816 0
817 0
818 6
819 39
820 38
821 44
822 13
823 17
824 2
825 18
826 5
827 35
828 18
829 12
830 5
831 16
832 19
833 31
834 20
835 9
836 24
837 4
838 4
839 1
840 0
841 1
842 0
843 0
844 9
845 18
846 21
847 32
848 22
849 3
850 33
851 0
852 25
853 5
854 0
855 21
856 5
857 32
858 25
859 3
860 7
861 11
862 24
863 8
864 6
865 15
866 0
867 14
868 2
869 2
870 9
871 0
872 0
873 0
874 0
875 0
876 1
877 47
878 16
879 16
880 77
881 37
882 4
883 2
884 22
885 1
886 3
887 2
888 11
889 70
890 2
891 2
892 17
893 5
894 4
895 8
896 6
897 16
898 3
899 2
900 0
901 0
902 1
903 81
904 30
905 3
906 34
907 46
908 34
909 0
910 1
911 28
912 0
913 0
914 11
915 30
916 0
917 13
918 28
919 10
920 34
921 33
922 10
923 1
924 3
925 0
926 2
927 8
928 0
929 0
930 20
931 63
932 20
933 58
934 30
935 35
936 7
937 3
938 16
939 8
940 42
941 12
942 0
943 0
944 31
945 43
946 12
947 0
948 0
949 30
950 16
951 0
952 17
953 36
954 14
955 60
956 68
957 14
958 6
959 24
960 11
961 0
962 7
963 21
964 24
965 3
966 17
967 11
968 18
969 43
970 16
971 0
972 13
973 33
974 11
975 14
976 2
977 1
978 86
979 10
980 77
981 61
982 10
983 4
984 49
985 37
986 10
987 2
988 0
989 0
990 1
991 4
992 7
993 52
994 24
995 8
996 19
997 6
998 5
999 16
1000 6
1001 11
1002 29
1003 0
1004 0
1005 0
1006 0
1007 29
1008 53
1009 0
1010 9
1011 4
1012 1
1013 0
1014 0
1015 0
1016 11
1017 44
1018 4
1019 33
1020 29
1021 52
1022 27
1023 8
1024 18
1025 2
1026 26
1027 65
1028 12
1029 1
1030 1
1031 27
1032 0
1033 0
1034 6
1035 17
1036 7
1037 3
1038 46
1039 34
1040 34
1041 29
1042 0
1043 15
1044 2
1045 9
1046 19
1047 19
1048 22
1049 2
1050 1
1051 0
1052 0
1053 0
1054 1
1055 6
1056 7
1057 18
1058 24
1059 42
1060 44
1061 9
1062 0
1063 0
1064 0
1065 2
1066 2
1067 10
1068 2
1069 12
1070 12
1071 2
1072 44
1073 12
1074 29
1075 0
1076 3
1077 0
1078 16
1079 1
1080 32
1081 21
1082 7
1083 14
1084 11
1085 1
1086 0
1087 0
1088 0
1089 0
1090 41
1091 55
1092 41
1093 61
1094 28
1095 7
1096 6
1097 1
1098 11
1099 66
1100 1
1101 1
1102 4
1103 9
1104 2
1105 2
1106 64
1107 59
1108 9
1109 0
1110 122
1111 32
1112 1
1113 22
1114 44
1115 2
1116 0
1117 4
1118 1
1119 41
1120 39
1121 36
1122 2
1123 0
1124 8
1125 0
1126 13
1127 0
1128 14
1129 18
1130 0
1131 0
1132 0
1133 15
1134 10
1135 4
1136 0
1137 0
1138 0
1139 27
1140 118
1141 70
1142 20
1143 0
1144 3
1145 0
1146 7
1147 0
1148 0
1149 39
1150 68
1151 4
1152 5
1153 11
1154 24
1155 59
1156 46
1157 22
1158 3
1159 1
1160 10
1161 0
1162 16
1163 0
1164 0
1165 0
1166 12
1167 18
1168 40
1169 4
1170 41
1171 0
1172 0
1173 4
1174 0
1175 0
1176 21
1177 48
1178 7
1179 48
1180 4
1181 34
1182 19
1183 41
1184 16
1185 30
1186 19
1187 16
1188 0
1189 0
1190 0
1191 19
1192 17
1193 0
1194 1
1195 0
1196 5
1197 0
1198 17
1199 17
1200 7
1201 0
1202 0
1203 55
1204 2
1205 0
1206 5
1207 0
1208 11
1209 8
1210 32
1211 34
1212 70
1213 6
1214 17
1215 26
1216 17
1217 69
1218 24
1219 5
1220 23
1221 11
1222 4
1223 17
1224 11
1225 1
1226 14
1227 0
1228 15
1229 26
1230 9
1231 0
1232 9
1233 20
1234 17
1235 72
1236 13
1237 12
1238 22
1239 0
1240 7
1241 0
1242 1
1243 19
1244 0
1245 9
1246 4
1247 15
1248 54
1249 86
1250 3
1251 34
1252 55
1253 86
1254 120
1255 16
1256 13
1257 3
1258 32
1259 2
1260 14
1261 2
1262 13
1263 10
1264 36
1265 28
1266 19
1267 4
1268 0
1269 0
1270 0
1271 6
1272 15
1273 17
1274 103
1275 43
1276 1
1277 9
1278 6
1279 14
1280 0
1281 0
1282 0
1283 0
1284 0
1285 0
1286 26
1287 44
1288 16
1289 43
1290 31
1291 36
1292 13
1293 20
1294 303
1295 106
1296 9
1297 1
1298 13
1299 38
1300 2
1301 0
1302 6
1303 20
1304 55
1305 8
1306 8
1307 28
1308 32
1309 26
1310 5
1311 20
1312 0
1313 0
1314 0
1315 54
1316 47
1317 42
1318 49
1319 51
1320 57
1321 101
1322 54
1323 5
1324 3
1325 19
1326 3
1327 3
1328 0
1329 5
1330 7
1331 20
1332 62
1333 14
1334 5
1335 14
1336 11
1337 34
1338 28
1339 83
1340 137
1341 23
1342 7
1343 35
1344 44
1345 7
1346 1
1347 4
1348 2
1349 10
1350 41
1351 1
1352 0
1353 47
1354 5
1355 26
1356 28
1357 4
1358 4
1359 29
1360 3
1361 0
1362 0
1363 15
1364 80
1365 88
1366 13
1367 15
1368 28
1369 51
1370 31
1371 41
1372 0
1373 4
1374 0
1375 0
1376 0
1377 2
1378 13
1379 63
1380 65
1381 8
1382 6
1383 8
1384 21
1385 12
1386 42
1387 112
1388 26
1389 4
1390 36
1391 22
1392 5
1393 5
1394 3
1395 18
1396 19
1397 11
1398 0
1399 2
1400 41
1401 24
1402 16
1403 27
1404 19
1405 8
1406 10
1407 30
1408 30
1409 31
1410 21
1411 6
1412 7
1413 0
1414 4
1415 3
1416 26
1417 35
1418 27
1419 59
1420 23
1421 66
1422 21
1423 0
1424 7
1425 0
1426 2
1427 26
1428 80
1429 93
1430 69
1431 93
1432 59
1433 27
1434 32
1435 40
1436 20
1437 69
1438 0
1439 0
1440 17
1441 19
1442 104
1443 17
1444 19
1445 40
1446 56
1447 10
1448 15
1449 3
1450 5
1451 71
1452 12
1453 46
1454 20
1455 2
1456 14
1457 74
1458 1
1459 65
1460 23
1461 8
1462 3
1463 5
1464 0
1465 11
1466 16
1467 17
1468 3
1469 2
1470 1
1471 0
1472 2
1473 0
1474 1
1475 24
1476 102
1477 187
1478 72
1479 58
1480 71
1481 37
1482 9
1483 44
1484 21
1485 0
1486 12
1487 4
1488 32
1489 24
1490 118
1491 29
1492 14
1493 29
1494 33
1495 5
1496 47
1497 69
1498 6
1499 23
1500 40
1501 6
1502 19
1503 3
1504 32
1505 39
1506 7
1507 17
1508 39
1509 9
1510 18
1511 2
1512 3
1513 6
1514 54
1515 14
1516 10
1517 1
1518 0
1519 0
1520 0
1521 1
1522 3
1523 1
1524 28
1525 80
1526 72
1527 199
1528 127
1529 97
1530 29
1531 0
1532 18
1533 44
1534 0
1535 28
1536 23
1537 19
1538 37
1539 25
1540 1
1541 17
1542 7
1543 14
1544 107
1545 68
1546 71
1547 33
1548 14
1549 18
1550 49
1551 8
1552 10
1553 21
1554 10
1555 13
1556 64
1557 113
1558 7
1559 8
1560 28
1561 74
1562 39
1563 40
1564 0
1565 0
1566 14
1567 20
1568 48
1569 0
1570 0
1571 7
1572 145
1573 291
1574 82
1575 12
1576 100
1577 48
1578 32
1579 61
1580 92
1581 29
1582 38
1583 33
1584 18
1585 3
1586 0
1587 14
1588 61
1589 3
1590 97
1591 28
1592 21
1593 23
1594 19
1595 87
1596 45
1597 7
1598 0
1599 6
1600 65
1601 22
1602 74
1603 6
1604 3
1605 0
1606 1
1607 11
1608 0
1609 0
1610 0
1611 0
1612 22
1613 25
1614 15
1615 1
1616 30
1617 97
1618 110
1619 180
1620 82
1621 134
1622 113
1623 36
1624 25
1625 1
1626 88
1627 51
1628 16
1629 35
1630 24
1631 26
1632 38
1633 16
1634 40
1635 12
1636 13
1637 21
1638 25
1639 26
1640 41
1641 10
1642 0
1643 0
1644 2
1645 65
1646 146
1647 25
1648 61
1649 24
1650 16
1651 50
1652 135
1653 1
1654 13
1655 56
1656 58
1657 18
1658 26
1659 35
1660 11
1661 26
1662 29
1663 4
1664 27
1665 44
1666 29
1667 65
1668 61
1669 0
1670 15
1671 14
1672 0
1673 2
1674 0
1675 0
1676 0
1677 145
1678 95
1679 80
1680 81
1681 32
1682 44
1683 44
1684 21
1685 56
1686 32
1687 17
1688 20
1689 29
1690 13
1691 27
1692 6
1693 21
1694 40
1695 3
1696 19
1697 2
1698 7
1699 8
1700 2
1701 75
1702 7
1703 24
1704 0
1705 0
1706 4
1707 16
1708 0
1709 22
1710 130
1711 32
1712 19
1713 15
1714 21
1715 51
1716 39
1717 27
1718 9
1719 16
1720 0
1721 26
1722 3
1723 4
1724 8
1725 7
1726 17
1727 12
1728 37
1729 37
1730 1
1731 3
1732 0
1733 16
1734 6
1735 1
1736 11
1737 31
1738 53
1739 51
1740 26
1741 11
1742 44
1743 2
1744 19
1745 35
1746 15
1747 0
1748 1
1749 6
1750 7
1751 29
1752 45
1753 0
1754 0
1755 15
1756 6
1757 9
1758 18
1759 0
1760 0
1761 49
1762 12
1763 17
1764 17
1765 24
1766 12
1767 50
1768 29
1769 0
1770 4
1771 10
1772 28
1773 50
1774 18
1775 12
1776 14
1777 24
1778 36
1779 0
1780 7
1781 0
1782 25
1783 0
1784 4
1785 11
1786 0
1787 33
1788 18
1789 6
1790 26
1791 0
1792 32
1793 13
1794 1
1795 0
1796 3
1797 44
1798 53
1799 104
1800 70
1801 23
1802 33
1803 7
1804 20
1805 87
1806 73
1807 14
1808 22
1809 0
1810 27
1811 13
1812 7
1813 12
1814 9
1815 11
1816 3
1817 0
1818 10
1819 2
1820 27
1821 15
1822 12
1823 14
1824 57
1825 15
1826 7
1827 21
1828 27
1829 49
1830 1
1831 35
1832 9
1833 37
1834 6
1835 46
1836 24
1837 2
1838 16
1839 11
1840 11
1841 13
1842 3
1843 22
1844 63
1845 46
1846 13
1847 12
1848 38
1849 56
1850 7
1851 2
1852 7
1853 29
1854 11
1855 29
1856 20
1857 4
1858 48
1859 59
1860 18
1861 38
1862 30
1863 1
1864 14
1865 3
1866 18
1867 148
1868 32
1869 20
1870 1
1871 23
1872 79
1873 34
1874 13
1875 0
1876 4
1877 18
1878 22
1879 12
1880 0
1881 37
1882 59
1883 74
1884 34
1885 12
1886 5
1887 4
1888 1
1889 32
1890 31
1891 11
1892 22
1893 20
1894 99
1895 90
1896 46
1897 11
1898 6
1899 4
1900 39
1901 30
1902 2
1903 72
1904 23
1905 31
1906 20
1907 30
1908 18
1909 21
1910 14
1911 27
1912 42
1913 27
1914 3
1915 1
1916 0
1917 29
1918 16
1919 28
1920 9
1921 29
1922 5
1923 23
1924 21
1925 28
1926 6
1927 3
1928 4
1929 7
1930 17
1931 23
1932 8
1933 2
1934 9
1935 27
1936 32
1937 2
1938 6
1939 6
1940 31
1941 20
1942 77
1943 59
1944 8
1945 12
1946 10
1947 0
1948 11
1949 9
1950 10
1951 33
1952 21
1953 41
1954 19
1955 45
1956 6
1957 19
1958 30
1959 13
1960 7
1961 1
1962 0
1963 2
1964 66
1965 67
1966 6
1967 37
1968 61
1969 26
1970 15
1971 24
1972 54
1973 7
1974 12
1975 28
1976 13
1977 0
1978 2
1979 0
1980 26
1981 61
1982 27
1983 2
1984 10
1985 44
1986 22
1987 1
1988 2
1989 22
1990 14
1991 20
1992 21
1993 7
1994 27
1995 43
1996 84
1997 26
1998 16
1999 28
2000 35
2001 0
2002 2
2003 19
2004 51
2005 26
2006 8
2007 22
2008 15
2009 20
2010 19
2011 28
2012 3
2013 4
2014 29
2015 30
2016 53
2017 73
2018 3
2019 43
2020 18
2021 11
2022 9
2023 43
2024 59
2025 0
2026 17
2027 15
2028 15
2029 10
2030 29
2031 42
2032 28
2033 4
2034 29
2035 43
2036 49
2037 12
2038 17
2039 17
2040 9
2041 6
2042 12
2043 44
2044 6
2045 18
2046 16
2047 12
2048 55
2049 58
2050 36
2051 29
2052 1
2053 3
2054 27
2055 84
2056 12
2057 16
2058 18
2059 16
2060 18
2061 37
2062 23
2063 22
2064 5
2065 2
2066 44
2067 31
2068 0
2069 29
2070 13
2071 13
2072 55
2073 45
2074 25
2075 33
2076 52
2077 12
2078 0
2079 3
2080 35
2081 59
2082 37
2083 29
2084 14
2085 12
2086 35
2087 19
2088 35
2089 29
2090 21
2091 13
2092 9
2093 8
2094 18
2095 81
2096 23
2097 73
2098 43
2099 25
2100 12
2101 5
2102 0
2103 63
2104 55
2105 23
2106 0
2107 0
2108 9
2109 7
2110 39
2111 31
2112 38
2113 29
2114 15
2115 28
2116 17
2117 16
2118 43
2119 42
2120 10
2121 7
2122 1
2123 1
2124 38
2125 5
2126 33
2127 32
2128 37
2129 10
2130 19
2131 48
2132 60
2133 5
2134 0
2135 3
2136 0
2137 32
2138 67
2139 18
2140 6
2141 0
2142 0
2143 0
2144 39
2145 40
2146 14
2147 7
2148 65
2149 28
2150 59
2151 7
2152 32
2153 50
2154 36
2155 10
2156 1
2157 4
2158 1
2159 20
2160 58
2161 57
2162 0
2163 0
2164 7
2165 45
2166 23
2167 17
2168 12
2169 15
2170 6
2171 2
2172 32
2173 20
2174 0
2175 13
2176 0
2177 24
2178 4
2179 12
2180 5
2181 12
2182 5
2183 23
2184 4
2185 0
2186 0
2187 32
2188 16
2189 7
2190 32
2191 20
2192 14
2193 37
2194 5
2195 0
2196 0
2197 4
2198 1
2199 20
2200 9
2201 19
2202 29
2203 28
2204 7
2205 42
2206 34
2207 7
2208 0
2209 17
2210 19
2211 34
2212 66
2213 54
2214 7
2215 7
2216 0
2217 3
2218 0
2219 1
2220 27
2221 0
2222 0
2223 12
2224 24
2225 6
2226 4
2227 40
2228 33
2229 26
2230 36
2231 3
2232 14
2233 18
2234 0
2235 6
2236 0
2237 10
2238 3
2239 0
2240 0
2241 0
2242 0
2243 47
2244 16
2245 0
2246 9
2247 23
2248 68
2249 6
2250 50
2251 20
2252 6
2253 13
2254 46
2255 18
2256 31
2257 12
2258 1
2259 1
2260 29
2261 7
2262 0
2263 0
2264 0
2265 9
2266 65
2267 51
2268 40
2269 59
2270 55
2271 34
2272 0
2273 6
2274 71
2275 52
2276 25
2277 52
2278 12
2279 3
2280 1
2281 49
2282 59
2283 5
2284 0
2285 3
2286 42
2287 6
2288 11
2289 1
2290 54
2291 57
2292 4
2293 0
2294 58
2295 43
2296 11
2297 26
2298 20
2299 0
2300 23
2301 38
2302 18
2303 0
2304 13
2305 2
2306 3
2307 17
2308 57
2309 20
2310 11
2311 18
2312 12
2313 10
2314 25
2315 12
2316 72
2317 23
2318 0
2319 7
2320 46
2321 24
2322 17
2323 0
2324 0
2325 5
2326 59
2327 86
2328 15
2329 0
2330 3
2331 1
2332 8
2333 8
2334 80
2335 87
2336 14
2337 0
2338 10
2339 27
2340 29
2341 4
2342 0
2343 0
2344 19
2345 41
2346 21
2347 26
2348 2
2349 20
2350 23
2351 43
2352 35
2353 55
2354 22
2355 3
2356 27
2357 9
2358 0
2359 0
2360 0
2361 0
2362 0
2363 52
2364 33
2365 4
2366 43
2367 28
2368 6
2369 19
2370 39
2371 22
2372 25
2373 12
2374 0
2375 28
2376 40
2377 0
2378 0
2379 4
2380 4
2381 0
2382 48
2383 29
2384 15
2385 70
2386 18
2387 48
2388 76
2389 48
2390 30
2391 46
2392 8
2393 7
2394 54
2395 14
2396 3
2397 0
2398 45
2399 0
2400 3
2401 22
2402 113
2403 4
2404 13
2405 34
2406 45
2407 33
2408 19
2409 27
2410 16
2411 45
2412 28
2413 4
2414 0
2415 9
2416 1
2417 7
2418 0
2419 28
2420 58
2421 37
2422 99
2423 4
2424 29
2425 34
2426 39
2427 52
2428 61
2429 9
2430 0
2431 15
2432 36
2433 0
2434 1
2435 17
2436 23
2437 11
2438 68
2439 5
2440 20
2441 44
2442 48
2443 24
2444 22
2445 26
2446 2
2447 0
2448 0
2449 23
2450 0
2451 4
2452 0
2453 2
2454 14
2455 20
2456 31
2457 23
2458 5
2459 19
2460 2
2461 0
2462 0
2463 1
2464 17
2465 95
2466 12
2467 0
2468 5
2469 4
2470 10
2471 11
2472 11
2473 1
2474 0
2475 0
2476 0
2477 4
2478 28
2479 0
2480 8
2481 14
2482 4
2483 11
2484 19
2485 23
2486 7
2487 31
2488 3
2489 8
2490 0
2491 0
2492 0
2493 0
2494 10
2495 20
2496 6
2497 14
2498 0
2499 14
2500 5
2501 6
2502 6
2503 46
2504 0
2505 0
2506 1
2507 0
2508 0
2509 8
2510 4
2511 7
2512 1
2513 11
2514 0
2515 0
2516 0
2517 0
2518 0
2519 0
2520 5
2521 0
2522 1
2523 14
2524 0
2525 0
2526 19
2527 7
2528 0
2529 2
2530 9
2531 3
2532 0
2533 0
2534 35
2535 45
2536 5
2537 10
2538 15
2539 2
2540 0
2541 1
2542 39
2543 17
2544 18
2545 44
2546 2
2547 0
2548 13
2549 5
2550 0
2551 0
2552 19
2553 23
2554 11
2555 0
2556 0
2557 2
2558 10
2559 6
2560 24
2561 22
2562 3
2563 13
2564 2
2565 4
2566 7
2567 1
2568 3
2569 0
2570 1
2571 1
2572 0
2573 10
2574 0
2575 23
2576 0
2577 0
2578 0
2579 0
2580 0
2581 0
2582 0
2583 0
2584 0
2585 0
2586 0
2587 0
2588 0
2589 0
2590 0
2591 0
2592 0
2593 0
2594 0
2595 0
2596 0
2597 0
2598 0
