0 5
1 0
2 0
3 0
4 2
5 3
6 0
7 0
8 0
9 0
10 1
11 4
12 0
13 2
14 11
15 2
16 7
17 0
18 0
19 15
20 0
21 1
22 0
23 10
24 0
25 3
26 0
27 0
28 0
29 1
30 0
31 0
32 0
33 2
34 0
35 6
36 0
37 1
38 1
39 1
40 1
41 0
42 0
43 0
44 8
45 0
46 0
47 0
48 0
49 7
50 3
51 0
52 6
53 5
54 4
55 0
56 2
57 3
58 6
59 0
60 1
61 7
62 4
63 0
64 2
65 14
66 2
67 4
68 2
69 0
70 0
71 0
72 0
73 0
74 5
75 9
76 0
77 5
78 11
79 9
80 0
81 0
82 2
83 2
84 1
85 0
86 3
87 14
88 12
89 0
90 0
91 0
92 0
93 5
94 0
95 0
96 1
97 6
98 2
99 7
100 0
101 0
102 5
103 4
104 1
105 2
106 8
107 1
108 5
109 6
110 0
111 2
112 3
113 0
114 4
115 3
116 8
117 0
118 0
119 2
120 0
121 3
122 10
123 4
124 1
125 0
126 0
127 0
128 1
129 2
130 1
131 4
132 1
133 0
134 0
135 8
136 5
137 26
138 1
139 2
140 0
141 8
142 2
143 2
144 0
145 0
146 9
147 1
148 7
149 7
150 2
151 0
152 0
153 1
154 3
155 2
156 0
157 1
158 22
159 3
160 1
161 2
162 0
163 0
164 3
165 5
166 8
167 3
168 3
169 1
170 10
171 5
172 2
173 1
174 8
175 15
176 12
177 0
178 3
179 0
180 12
181 1
182 22
183 14
184 4
185 4
186 20
187 18
188 9
189 0
190 0
191 0
192 0
193 0
194 0
195 0
196 10
197 4
198 0
199 7
200 5
201 5
202 1
203 11
204 3
205 11
206 25
207 6
208 1
209 0
210 19
211 0
212 2
213 2
214 0
215 8
216 0
217 2
218 4
219 19
220 0
221 15
222 13
223 12
224 23
225 13
226 9
227 2
228 0
229 2
230 0
231 0
232 0
233 0
234 0
235 0
236 0
237 0
238 3
239 23
240 0
241 22
242 12
243 3
244 14
245 4
246 8
247 0
248 5
249 3
250 2
251 0
252 0
253 0
254 0
255 1
256 40
257 11
258 2
259 0
260 0
261 0
262 1
263 5
264 0
265 2
266 1
267 2
268 1
269 0
270 4
271 9
272 3
273 0
274 1
275 0
276 0
277 0
278 1
279 4
280 0
281 0
282 3
283 26
284 0
285 0
286 3
287 2
288 1
289 1
290 21
291 4
292 28
293 7
294 0
295 7
296 7
297 2
298 4
299 2
300 4
301 2
302 4
303 5
304 24
305 6
306 4
307 11
308 0
309 6
310 4
311 6
312 7
313 1
314 1
315 8
316 0
317 7
318 16
319 0
320 2
321 3
322 1
323 1
324 0
325 0
326 1
327 0
328 0
329 0
330 0
331 8
332 0
333 11
334 12
335 11
336 0
337 4
338 0
339 0
340 0
341 0
342 0
343 0
344 0
345 0
346 2
347 0
348 10
349 3
350 5
351 18
352 2
353 0
354 0
355 0
356 0
357 0
358 0
359 4
360 6
361 15
362 22
363 0
364 0
365 0
366 2
367 3
368 5
369 8
370 0
371 2
372 0
373 2
374 0
375 2
376 4
377 0
378 0
379 7
380 5
381 0
382 5
383 0
384 4
385 8
386 0
387 0
388 8
389 8
390 13
391 7
392 0
393 0
394 8
395 4
396 17
397 5
398 0
399 8
400 0
401 4
402 2
403 3
404 5
405 8
406 11
407 10
408 0
409 0
410 1
411 2
412 3
413 16
414 16
415 0
416 2
417 4
418 0
419 0
420 2
421 0
422 8
423 10
424 9
425 4
426 2
427 1
428 6
429 0
430 17
431 0
432 0
433 0
434 0
435 0
436 11
437 16
438 24
439 10
440 19
441 10
442 4
443 19
444 4
445 1
446 2
447 0
448 9
449 3
450 7
451 3
452 6
453 15
454 16
455 1
456 8
457 17
458 12
459 0
460 0
461 11
462 12
463 6
464 5
465 4
466 0
467 10
468 6
469 11
470 16
471 14
472 15
473 8
474 14
475 4
476 1
477 0
478 0
479 1
480 1
481 2
482 2
483 0
484 7
485 4
486 5
487 7
488 3
489 15
490 3
491 4
492 14
493 23
494 3
495 4
496 4
497 1
498 15
499 4
500 5
501 3
502 3
503 1
504 0
505 3
506 7
507 1
508 1
509 21
510 0
511 3
512 10
513 17
514 5
515 12
516 4
517 5
518 0
519 4
520 13
521 18
522 0
523 3
524 4
525 0
526 0
527 1
528 7
529 1
530 0
531 2
532 13
533 14
534 1
535 9
536 9
537 2
538 1
539 6
540 1
541 4
542 1
543 10
544 10
545 0
546 7
547 0
548 8
549 0
550 4
551 0
552 10
553 10
554 15
555 17
556 3
557 2
558 3
559 7
560 2
561 5
562 1
563 0
564 0
565 0
566 0
567 3
568 0
569 0
570 0
571 10
572 3
573 3
574 0
575 6
576 2
577 3
578 3
579 2
580 1
581 0
582 0
583 1
584 3
585 4
586 5
587 1
588 10
589 22
590 1
591 0
592 4
593 0
594 0
595 3
596 2
597 1
598 11
599 17
600 11
601 25
602 4
603 2
604 4
605 1
606 4
607 4
608 8
609 2
610 6
611 0
612 14
613 9
614 15
615 0
616 11
617 0
618 0
619 0
620 0
621 0
622 5
623 2
624 1
625 13
626 6
627 16
628 12
629 10
630 15
631 0
632 5
633 3
634 4
635 2
636 6
637 0
638 5
639 7
640 0
641 5
642 5
643 14
644 5
645 13
646 6
647 1
648 0
649 0
650 0
651 3
652 6
653 2
654 3
655 3
656 1
657 1
658 11
659 7
660 1
661 6
662 1
663 7
664 1
665 0
666 0
667 6
668 0
669 2
670 5
671 8
672 1
673 0
674 1
675 0
676 6
677 12
678 7
679 4
680 15
681 13
682 0
683 1
684 2
685 4
686 1
687 0
688 0
689 4
690 14
691 7
692 4
693 0
694 0
695 3
696 3
697 1
698 0
699 4
700 3
701 2
702 4
703 0
704 0
705 12
706 20
707 4
708 0
709 7
710 0
711 0
712 0
713 2
714 0
715 0
716 5
717 22
718 10
719 9
720 19
721 3
722 1
723 0
724 0
725 0
726 4
727 3
728 2
729 7
730 6
731 9
732 0
733 3
734 5
735 3
736 7
737 6
738 12
739 13
740 4
741 5
742 0
743 2
744 9
745 0
746 0
747 0
748 6
749 3
750 25
751 1
752 9
753 2
754 7
755 0
756 3
757 1
758 3
759 13
760 5
761 1
762 4
763 2
764 15
765 4
766 7
767 3
768 0
769 3
770 15
771 2
772 0
773 0
774 4
775 6
776 6
777 4
778 2
779 0
780 0
781 0
782 2
783 0
784 4
785 2
786 10
787 6
788 1
789 8
790 0
791 1
792 3
793 8
794 9
795 0
796 6
797 8
798 0
799 1
800 0
801 0
802 1
803 0
804 0
805 0
806 12
807 4
808 2
809 9
810 5
811 1
812 6
813 4
814 0
815 0
816 0
817 0
818 1
819 12
820 12
821 12
822 4
823 8
824 2
825 3
826 1
827 10
828 6
829 3
830 3
831 4
832 5
833 7
834 6
835 2
836 3
837 2
838 2
839 0
840 0
841 0
842 0
843 0
844 4
845 3
846 3
847 8
848 5
849 1
850 7
851 0
852 6
853 1
854 2
855 3
856 3
857 7
858 7
859 0
860 0
861 3
862 7
863 2
864 2
865 5
866 0
867 4
868 0
869 0
870 2
871 1
872 0
873 0
874 0
875 0
876 1
877 16
878 5
879 6
880 19
881 14
882 1
883 2
884 6
885 0
886 0
887 0
888 3
889 21
890 1
891 1
892 5
893 2
894 0
895 1
896 2
897 5
898 0
899 0
900 0
901 0
902 1
903 22
904 9
905 2
906 7
907 9
908 9
909 0
910 0
911 6
912 0
913 0
914 2
915 7
916 0
917 2
918 9
919 2
920 10
921 10
922 2
923 1
924 2
925 0
926 2
927 3
928 0
929 0
930 6
931 15
932 6
933 15
934 8
935 14
936 1
937 1
938 7
939 4
940 12
941 3
942 0
943 0
944 10
945 11
946 3
947 0
948 0
949 9
950 6
951 0
952 4
953 10
954 4
955 22
956 20
957 2
958 1
959 3
960 4
961 0
962 1
963 5
964 7
965 0
966 6
967 3
968 4
969 10
970 4
971 0
972 4
973 11
974 2
975 6
976 0
977 0
978 0
979 3
980 23
981 20
982 3
983 1
984 17
985 11
986 0
987 2
988 0
989 0
990 0
991 2
992 2
993 16
994 6
995 4
996 5
997 1
998 2
999 4
1000 1
1001 2
1002 11
1003 0
1004 0
1005 0
1006 0
1007 7
1008 17
1009 0
1010 3
1011 1
1012 2
1013 0
1014 0
1015 0
1016 2
1017 10
1018 1
1019 10
1020 9
1021 14
1022 7
1023 3
1024 0
1025 2
1026 5
1027 15
1028 4
1029 1
1030 0
1031 9
1032 0
1033 0
1034 4
1035 4
1036 2
1037 0
1038 13
1039 9
1040 11
1041 5
1042 0
1043 0
1044 2
1045 3
1046 5
1047 6
1048 5
1049 0
1050 1
1051 0
1052 0
1053 0
1054 0
1055 1
1056 3
1057 5
1058 5
1059 10
1060 14
1061 2
1062 0
1063 0
1064 0
1065 0
1066 0
1067 2
1068 2
1069 3
1070 3
1071 2
1072 10
1073 5
1074 9
1075 1
1076 0
1077 0
1078 5
1079 0
1080 9
1081 5
1082 1
1083 3
1084 3
1085 0
1086 0
1087 0
1088 0
1089 0
1090 12
1091 15
1092 11
1093 15
1094 9
1095 0
1096 2
1097 0
1098 2
1099 23
1100 0
1101 1
1102 1
1103 2
1104 1
1105 1
1106 19
1107 16
1108 3
1109 0
1110 36
1111 5
1112 1
1113 6
1114 11
1115 1
1116 0
1117 1
1118 1
1119 13
1120 11
1121 10
1122 0
1123 0
1124 1
1125 0
1126 2
1127 0
1128 4
1129 5
1130 0
1131 0
1132 0
1133 6
1134 2
1135 0
1136 0
1137 0
1138 0
1139 6
1140 28
1141 0
1142 10
1143 0
1144 0
1145 0
1146 3
1147 0
1148 1
1149 9
1150 15
1151 2
1152 1
1153 2
1154 4
1155 18
1156 11
1157 6
1158 0
1159 1
1160 1
1161 0
1162 0
1163 0
1164 0
1165 0
1166 4
1167 4
1168 14
1169 1
1170 10
1171 0
1172 0
1173 2
1174 0
1175 0
1176 4
1177 16
1178 2
1179 12
1180 0
1181 10
1182 5
1183 11
1184 5
1185 7
1186 6
1187 4
1188 0
1189 0
1190 0
1191 7
1192 0
1193 0
1194 1
1195 0
1196 0
1197 0
1198 2
1199 4
1200 2
1201 0
1202 0
1203 13
1204 1
1205 0
1206 3
1207 0
1208 3
1209 2
1210 10
1211 7
1212 19
1213 3
1214 5
1215 10
1216 5
1217 22
1218 6
1219 2
1220 6
1221 3
1222 0
1223 3
1224 6
1225 1
1226 3
1227 1
1228 5
1229 6
1230 2
1231 0
1232 2
1233 6
1234 6
1235 16
1236 4
1237 5
1238 8
1239 0
1240 2
1241 0
1242 0
1243 5
1244 0
1245 0
1246 1
1247 6
1248 11
1249 21
1250 1
1251 9
1252 17
1253 18
1254 35
1255 5
1256 2
1257 1
1258 9
1259 0
1260 2
1261 1
1262 3
1263 4
1264 8
1265 10
1266 3
1267 1
1268 0
1269 0
1270 0
1271 1
1272 5
1273 4
1274 27
1275 12
1276 0
1277 1
1278 2
1279 2
1280 0
1281 0
1282 0
1283 0
1284 0
1285 0
1286 6
1287 16
1288 3
1289 12
1290 10
1291 8
1292 5
1293 4
1294 83
1295 0
1296 3
1297 1
1298 3
1299 0
1300 0
1301 0
1302 4
1303 5
1304 13
1305 2
1306 0
1307 9
1308 5
1309 5
1310 0
1311 4
1312 0
1313 0
1314 0
1315 15
1316 12
1317 10
1318 18
1319 17
1320 13
1321 32
1322 15
1323 3
1324 1
1325 3
1326 0
1327 1
1328 0
1329 2
1330 1
1331 4
1332 13
1333 4
1334 1
1335 5
1336 3
1337 10
1338 10
1339 30
1340 38
1341 5
1342 1
1343 7
1344 14
1345 3
1346 2
1347 1
1348 0
1349 3
1350 15
1351 1
1352 0
1353 14
1354 1
1355 8
1356 7
1357 0
1358 1
1359 9
1360 0
1361 0
1362 0
1363 6
1364 19
1365 22
1366 4
1367 8
1368 5
1369 14
1370 10
1371 8
1372 0
1373 2
1374 0
1375 0
1376 0
1377 1
1378 5
1379 16
1380 15
1381 3
1382 2
1383 4
1384 7
1385 2
1386 8
1387 27
1388 7
1389 0
1390 7
1391 9
1392 2
1393 0
1394 0
1395 4
1396 5
1397 3
1398 0
1399 1
1400 10
1401 8
1402 5
1403 11
1404 4
1405 2
1406 4
1407 10
1408 5
1409 9
1410 6
1411 2
1412 2
1413 0
1414 1
1415 0
1416 8
1417 9
1418 5
1419 14
1420 8
1421 20
1422 7
1423 0
1424 1
1425 0
1426 1
1427 6
1428 21
1429 29
1430 19
1431 20
1432 17
1433 6
1434 10
1435 11
1436 8
1437 18
1438 0
1439 0
1440 4
1441 5
1442 24
1443 4
1444 6
1445 9
1446 13
1447 3
1448 3
1449 3
1450 0
1451 17
1452 4
1453 8
1454 7
1455 0
1456 3
1457 0
1458 0
1459 20
1460 0
1461 3
1462 1
1463 3
1464 0
1465 3
1466 5
1467 3
1468 0
1469 0
1470 0
1471 0
1472 1
1473 0
1474 0
1475 4
1476 26
1477 47
1478 17
1479 14
1480 21
1481 14
1482 3
1483 14
1484 9
1485 0
1486 3
1487 0
1488 10
1489 6
1490 29
1491 7
1492 5
1493 6
1494 10
1495 1
1496 12
1497 17
1498 0
1499 6
1500 12
1501 3
1502 4
1503 2
1504 7
1505 13
1506 2
1507 6
1508 11
1509 3
1510 3
1511 0
1512 0
1513 3
1514 18
1515 6
1516 3
1517 0
1518 0
1519 0
1520 0
1521 1
1522 0
1523 0
1524 7
1525 32
1526 20
1527 56
1528 44
1529 26
1530 7
1531 0
1532 4
1533 13
1534 0
1535 8
1536 5
1537 5
1538 8
1539 7
1540 0
1541 8
1542 2
1543 6
1544 30
1545 16
1546 17
1547 8
1548 2
1549 7
1550 13
1551 4
1552 2
1553 4
1554 2
1555 5
1556 17
1557 32
1558 2
1559 5
1560 4
1561 0
1562 13
1563 9
1564 0
1565 0
1566 0
1567 4
1568 13
1569 0
1570 1
1571 2
1572 40
1573 76
1574 25
1575 5
1576 25
1577 13
1578 9
1579 18
1580 21
1581 9
1582 11
1583 9
1584 6
1585 0
1586 0
1587 3
1588 13
1589 0
1590 26
1591 9
1592 7
1593 5
1594 7
1595 19
1596 17
1597 1
1598 0
1599 2
1600 18
1601 6
1602 14
1603 0
1604 0
1605 0
1606 1
1607 3
1608 0
1609 0
1610 0
1611 0
1612 5
1613 6
1614 4
1615 0
1616 8
1617 34
1618 28
1619 44
1620 21
1621 29
1622 28
1623 8
1624 0
1625 3
1626 24
1627 13
1628 7
1629 14
1630 8
1631 0
1632 7
1633 8
1634 9
1635 2
1636 2
1637 6
1638 5
1639 5
1640 10
1641 3
1642 0
1643 0
1644 0
1645 21
1646 42
1647 5
1648 17
1649 6
1650 3
1651 18
1652 31
1653 1
1654 6
1655 17
1656 15
1657 3
1658 8
1659 9
1660 4
1661 5
1662 8
1663 2
1664 8
1665 12
1666 8
1667 16
1668 15
1669 0
1670 3
1671 3
1672 0
1673 1
1674 0
1675 0
1676 0
1677 36
1678 29
1679 20
1680 22
1681 7
1682 13
1683 13
1684 6
1685 15
1686 11
1687 5
1688 5
1689 11
1690 3
1691 10
1692 2
1693 3
1694 11
1695 0
1696 3
1697 0
1698 2
1699 3
1700 0
1701 18
1702 2
1703 5
1704 0
1705 0
1706 0
1707 5
1708 0
1709 9
1710 33
1711 10
1712 4
1713 4
1714 5
1715 15
1716 10
1717 10
1718 2
1719 4
1720 0
1721 3
1722 0
1723 0
1724 2
1725 0
1726 6
1727 1
1728 13
1729 10
1730 0
1731 1
1732 0
1733 4
1734 2
1735 0
1736 2
1737 9
1738 14
1739 10
1740 8
1741 4
1742 10
1743 1
1744 5
1745 8
1746 4
1747 0
1748 0
1749 0
1750 3
1751 10
1752 11
1753 0
1754 1
1755 4
1756 2
1757 3
1758 6
1759 0
1760 0
1761 13
1762 3
1763 5
1764 8
1765 7
1766 3
1767 11
1768 5
1769 0
1770 0
1771 2
1772 6
1773 11
1774 4
1775 3
1776 5
1777 7
1778 6
1779 0
1780 2
1781 0
1782 6
1783 0
1784 1
1785 3
1786 0
1787 11
1788 5
1789 1
1790 9
1791 0
1792 9
1793 2
1794 0
1795 0
1796 2
1797 14
1798 0
1799 25
1800 21
1801 7
1802 8
1803 1
1804 5
1805 25
1806 18
1807 7
1808 5
1809 0
1810 7
1811 2
1812 2
1813 3
1814 1
1815 1
1816 2
1817 0
1818 2
1819 1
1820 8
1821 5
1822 4
1823 6
1824 14
1825 4
1826 1
1827 5
1828 5
1829 12
1830 0
1831 10
1832 2
1833 9
1834 2
1835 12
1836 4
1837 1
1838 4
1839 1
1840 1
1841 2
1842 0
1843 5
1844 14
1845 10
1846 3
1847 5
1848 9
1849 16
1850 1
1851 0
1852 2
1853 8
1854 2
1855 8
1856 5
1857 1
1858 14
1859 11
1860 5
1861 9
1862 11
1863 0
1864 0
1865 2
1866 4
1867 42
1868 9
1869 5
1870 2
1871 6
1872 17
1873 11
1874 2
1875 0
1876 0
1877 5
1878 0
1879 3
1880 0
1881 8
1882 17
1883 21
1884 10
1885 4
1886 2
1887 0
1888 0
1889 8
1890 10
1891 4
1892 6
1893 5
1894 25
1895 23
1896 15
1897 2
1898 3
1899 2
1900 11
1901 9
1902 1
1903 19
1904 6
1905 5
1906 5
1907 7
1908 3
1909 3
1910 3
1911 0
1912 11
1913 8
1914 1
1915 0
1916 1
1917 8
1918 3
1919 8
1920 3
1921 7
1922 2
1923 6
1924 6
1925 8
1926 2
1927 0
1928 0
1929 1
1930 5
1931 7
1932 2
1933 0
1934 3
1935 6
1936 9
1937 1
1938 1
1939 0
1940 9
1941 7
1942 17
1943 17
1944 4
1945 1
1946 3
1947 0
1948 3
1949 2
1950 1
1951 8
1952 6
1953 10
1954 4
1955 16
1956 1
1957 3
1958 6
1959 3
1960 2
1961 0
1962 0
1963 0
1964 15
1965 14
1966 0
1967 11
1968 13
1969 6
1970 4
1971 6
1972 12
1973 1
1974 3
1975 9
1976 3
1977 0
1978 0
1979 0
1980 9
1981 17
1982 6
1983 0
1984 3
1985 15
1986 8
1987 0
1988 1
1989 12
1990 5
1991 7
1992 2
1993 1
1994 4
1995 13
1996 23
1997 7
1998 3
1999 9
2000 7
2001 0
2002 1
2003 2
2004 17
2005 6
2006 3
2007 6
2008 4
2009 5
2010 6
2011 8
2012 1
2013 1
2014 9
2015 5
2016 17
2017 15
2018 0
2019 13
2020 5
2021 6
2022 2
2023 9
2024 0
2025 0
2026 5
2027 7
2028 5
2029 1
2030 5
2031 10
2032 5
2033 3
2034 9
2035 9
2036 17
2037 6
2038 6
2039 4
2040 2
2041 2
2042 3
2043 11
2044 3
2045 5
2046 4
2047 6
2048 13
2049 17
2050 11
2051 9
2052 1
2053 0
2054 7
2055 22
2056 2
2057 6
2058 5
2059 5
2060 0
2061 13
2062 6
2063 5
2064 3
2065 0
2066 12
2067 7
2068 0
2069 11
2070 1
2071 5
2072 8
2073 10
2074 6
2075 8
2076 11
2077 2
2078 0
2079 2
2080 8
2081 13
2082 10
2083 8
2084 5
2085 3
2086 9
2087 7
2088 8
2089 5
2090 4
2091 3
2092 3
2093 3
2094 7
2095 22
2096 6
2097 23
2098 9
2099 7
2100 1
2101 0
2102 0
2103 13
2104 14
2105 8
2106 0
2107 0
2108 2
2109 0
2110 7
2111 0
2112 14
2113 7
2114 4
2115 11
2116 5
2117 5
2118 14
2119 18
2120 3
2121 3
2122 2
2123 1
2124 10
2125 0
2126 6
2127 6
2128 12
2129 3
2130 2
2131 17
2132 17
2133 2
2134 0
2135 0
2136 0
2137 10
2138 17
2139 3
2140 2
2141 0
2142 0
2143 0
2144 10
2145 0
2146 4
2147 3
2148 16
2149 8
2150 19
2151 1
2152 9
2153 15
2154 11
2155 1
2156 0
2157 0
2158 1
2159 6
2160 16
2161 0
2162 0
2163 0
2164 2
2165 12
2166 6
2167 5
2168 3
2169 6
2170 2
2171 0
2172 10
2173 5
2174 0
2175 3
2176 0
2177 7
2178 0
2179 2
2180 1
2181 4
2182 2
2183 4
2184 1
2185 0
2186 0
2187 9
2188 3
2189 0
2190 10
2191 6
2192 2
2193 13
2194 1
2195 0
2196 0
2197 0
2198 1
2199 5
2200 0
2201 5
2202 10
2203 9
2204 1
2205 11
2206 10
2207 2
2208 0
2209 5
2210 3
2211 7
2212 14
2213 12
2214 1
2215 3
2216 0
2217 0
2218 0
2219 0
2220 4
2221 0
2222 0
2223 4
2224 6
2225 0
2226 1
2227 14
2228 8
2229 8
2230 8
2231 1
2232 2
2233 7
2234 0
2235 1
2236 0
2237 4
2238 0
2239 0
2240 0
2241 0
2242 0
2243 15
2244 6
2245 0
2246 3
2247 8
2248 18
2249 1
2250 14
2251 6
2252 2
2253 4
2254 13
2255 4
2256 11
2257 2
2258 0
2259 3
2260 7
2261 1
2262 0
2263 0
2264 0
2265 2
2266 19
2267 11
2268 12
2269 18
2270 15
2271 7
2272 0
2273 2
2274 19
2275 14
2276 5
2277 12
2278 5
2279 0
2280 0
2281 14
2282 17
2283 2
2284 0
2285 2
2286 13
2287 2
2288 2
2289 0
2290 14
2291 20
2292 1
2293 0
2294 16
2295 12
2296 3
2297 7
2298 4
2299 0
2300 6
2301 11
2302 5
2303 0
2304 2
2305 0
2306 2
2307 5
2308 17
2309 4
2310 4
2311 6
2312 2
2313 0
2314 8
2315 1
2316 14
2317 5
2318 0
2319 1
2320 14
2321 6
2322 5
2323 0
2324 0
2325 0
2326 14
2327 24
2328 7
2329 0
2330 1
2331 0
2332 2
2333 2
2334 20
2335 30
2336 3
2337 0
2338 1
2339 9
2340 6
2341 2
2342 0
2343 0
2344 6
2345 10
2346 4
2347 9
2348 1
2349 3
2350 9
2351 11
2352 10
2353 16
2354 6
2355 1
2356 7
2357 1
2358 0
2359 0
2360 0
2361 0
2362 0
2363 15
2364 11
2365 1
2366 9
2367 8
2368 1
2369 7
2370 10
2371 9
2372 5
2373 3
2374 0
2375 7
2376 11
2377 0
2378 0
2379 0
2380 0
2381 0
2382 11
2383 6
2384 6
2385 17
2386 5
2387 13
2388 24
2389 0
2390 7
2391 16
2392 1
2393 3
2394 13
2395 4
2396 0
2397 0
2398 12
2399 0
2400 0
2401 0
2402 33
2403 2
2404 3
2405 8
2406 13
2407 9
2408 5
2409 4
2410 3
2411 0
2412 5
2413 2
2414 0
2415 1
2416 0
2417 3
2418 0
2419 6
2420 14
2421 8
2422 26
2423 0
2424 8
2425 8
2426 14
2427 11
2428 20
2429 0
2430 0
2431 3
2432 8
2433 0
2434 1
2435 4
2436 4
2437 3
2438 15
2439 2
2440 6
2441 16
2442 15
2443 0
2444 7
2445 7
2446 0
2447 0
2448 0
2449 8
2450 0
2451 1
2452 1
2453 0
2454 4
2455 5
2456 10
2457 9
2458 2
2459 4
2460 0
2461 0
2462 0
2463 0
2464 4
2465 29
2466 5
2467 0
2468 1
2469 2
2470 3
2471 3
2472 2
2473 0
2474 0
2475 0
2476 0
2477 1
2478 4
2479 0
2480 1
2481 3
2482 0
2483 3
2484 4
2485 8
2486 3
2487 9
2488 1
2489 2
2490 0
2491 0
2492 0
2493 0
2494 3
2495 6
2496 2
2497 3
2498 0
2499 5
2500 2
2501 0
2502 0
2503 13
2504 0
2505 0
2506 1
2507 0
2508 0
2509 2
2510 1
2511 1
2512 3
2513 0
2514 0
2515 0
2516 0
2517 0
2518 0
2519 0
2520 0
2521 1
2522 1
2523 5
2524 0
2525 0
2526 5
2527 3
2528 0
2529 0
2530 2
2531 0
2532 0
2533 0
2534 10
2535 0
2536 0
2537 4
2538 6
2539 0
2540 0
2541 0
2542 13
2543 6
2544 4
2545 10
2546 0
2547 0
2548 3
2549 3
2550 0
2551 0
2552 4
2553 10
2554 3
2555 0
2556 0
2557 1
2558 1
2559 1
2560 5
2561 6
2562 0
2563 4
2564 0
2565 1
2566 2
2567 2
2568 1
2569 0
2570 2
2571 1
2572 0
2573 2
2574 0
2575 4
2576 0
2577 0
2578 0
2579 0
2580 0
2581 0
2582 0
2583 0
2584 0
2585 0
2586 0
2587 0
2588 0
2589 0
2590 0
2591 0
2592 0
2593 0
2594 0
2595 0
2596 0
2597 0
2598 0
