0 66
1 0
2 5
3 0
4 25
5 43
6 0
7 0
8 0
9 2
10 19
11 65
12 7
13 39
14 120
15 49
16 80
17 15
18 9
19 180
20 0
21 27
22 9
23 124
24 0
25 39
26 2
27 1
28 1
29 11
30 1
31 8
32 0
33 46
34 6
35 69
36 6
37 20
38 9
39 17
40 24
41 6
42 5
43 10
44 77
45 0
46 1
47 3
48 1
49 85
50 41
51 13
52 71
53 78
54 68
55 5
56 14
57 52
58 81
59 6
60 16
61 94
62 72
63 8
64 12
65 186
66 18
67 77
68 30
69 1
70 14
71 16
72 1
73 2
74 55
75 92
76 3
77 46
78 130
79 123
80 18
81 1
82 51
83 27
84 7
85 1
86 52
87 185
88 162
89 3
90 1
91 5
92 10
93 58
94 16
95 0
96 13
97 89
98 15
99 81
100 0
101 4
102 53
103 73
104 10
105 25
106 97
107 27
108 64
109 76
110 2
111 32
112 40
113 13
114 58
115 25
116 90
117 11
118 11
119 46
120 2
121 41
122 158
123 35
124 12
125 2
126 11
127 13
128 21
129 33
130 15
131 43
132 4
133 0
134 5
135 143
136 69
137 317
138 23
139 18
140 121
141 104
142 20
143 15
144 0
145 7
146 76
147 21
148 113
149 74
150 21
151 0
152 0
153 28
154 24
155 47
156 18
157 24
158 241
159 39
160 21
161 21
162 0
163 53
164 48
165 60
166 106
167 58
168 17
169 13
170 109
171 58
172 27
173 20
174 115
175 228
176 143
177 12
178 40
179 1
180 131
181 10
182 197
183 159
184 60
185 48
186 264
187 160
188 127
189 12
190 27
191 0
192 0
193 0
194 3
195 0
196 126
197 72
198 12
199 78
200 80
201 64
202 20
203 126
204 72
205 147
206 257
207 61
208 40
209 1
210 187
211 6
212 20
213 59
214 0
215 159
216 7
217 30
218 49
219 202
220 41
221 155
222 162
223 153
224 263
225 139
226 123
227 28
228 0
229 27
230 2
231 0
232 0
233 12
234 0
235 20
236 0
237 1
238 56
239 296
240 10
241 235
242 169
243 21
244 184
245 33
246 63
247 0
248 42
249 34
250 22
251 4
252 13
253 0
254 6
255 35
256 441
257 150
258 25
259 0
260 0
261 0
262 10
263 74
264 12
265 33
266 9
267 26
268 4
269 1
270 44
271 108
272 29
273 0
274 4
275 10
276 14
277 4
278 22
279 79
280 8
281 0
282 41
283 290
284 5
285 6
286 33
287 25
288 32
289 18
290 242
291 60
292 320
293 114
294 3
295 67
296 86
297 39
298 48
299 20
300 57
301 48
302 68
303 62
304 301
305 105
306 62
307 155
308 0
309 79
310 62
311 80
312 94
313 11
314 17
315 103
316 92
317 108
318 250
319 9
320 46
321 50
322 15
323 15
324 0
325 2
326 14
327 8
328 2
329 0
330 11
331 63
332 13
333 131
334 168
335 140
336 16
337 64
338 204
339 98
340 1
341 6
342 8
343 0
344 10
345 4
346 39
347 6
348 112
349 41
350 55
351 248
352 49
353 7
354 0
355 4
356 2
357 74
358 0
359 68
360 78
361 205
362 213
363 7
364 0
365 0
366 21
367 44
368 82
369 97
370 34
371 12
372 18
373 37
374 21
375 19
376 59
377 2
378 10
379 67
380 61
381 0
382 60
383 1
384 52
385 88
386 0
387 1
388 81
389 105
390 168
391 108
392 180
393 4
394 96
395 49
396 184
397 61
398 0
399 125
400 3
401 57
402 29
403 36
404 89
405 77
406 161
407 119
408 35
409 3
410 14
411 30
412 46
413 246
414 159
415 5
416 29
417 53
418 1
419 40
420 14
421 5
422 97
423 98
424 138
425 57
426 47
427 22
428 85
429 2
430 201
431 6
432 11
433 36
434 4
435 10
436 169
437 246
438 300
439 110
440 179
441 151
442 68
443 256
444 39
445 38
446 28
447 7
448 128
449 43
450 92
451 45
452 89
453 158
454 175
455 25
456 64
457 235
458 133
459 0
460 5
461 168
462 128
463 75
464 81
465 57
466 13
467 128
468 76
469 164
470 212
471 226
472 132
473 76
474 152
475 51
476 11
477 23
478 4
479 30
480 20
481 38
482 34
483 6
484 122
485 40
486 53
487 98
488 39
489 170
490 36
491 32
492 174
493 316
494 26
495 69
496 41
497 20
498 181
499 57
500 55
501 57
502 42
503 18
504 7
505 54
506 94
507 14
508 10
509 273
510 23
511 32
512 101
513 218
514 81
515 128
516 56
517 52
518 2
519 48
520 223
521 191
522 5
523 36
524 38
525 1
526 2
527 19
528 84
529 17
530 5
531 22
532 160
533 138
534 16
535 130
536 138
537 17
538 22
539 105
540 15
541 23
542 18
543 113
544 118
545 2
546 67
547 0
548 75
549 3
550 43
551 14
552 134
553 140
554 212
555 177
556 40
557 17
558 49
559 93
560 18
561 71
562 30
563 0
564 1
565 0
566 0
567 26
568 7
569 3
570 22
571 73
572 57
573 40
574 14
575 91
576 33
577 45
578 52
579 28
580 12
581 0
582 11
583 44
584 80
585 74
586 48
587 23
588 119
589 268
590 7
591 3
592 54
593 8
594 4
595 14
596 19
597 11
598 149
599 201
600 142
601 304
602 56
603 56
604 36
605 18
606 71
607 57
608 96
609 37
610 97
611 39
612 110
613 89
614 227
615 146
616 141
617 0
618 5
619 5
620 22
621 1
622 42
623 20
624 22
625 176
626 81
627 218
628 144
629 117
630 174
631 25
632 44
633 25
634 42
635 26
636 89
637 0
638 34
639 97
640 11
641 78
642 70
643 206
644 42
645 143
646 88
647 10
648 12
649 0
650 0
651 60
652 83
653 41
654 40
655 44
656 23
657 11
658 141
659 119
660 8
661 70
662 7
663 104
664 21
665 9
666 73
667 66
668 3
669 33
670 46
671 142
672 10
673 10
674 20
675 4
676 104
677 141
678 105
679 63
680 159
681 113
682 6
683 27
684 21
685 51
686 14
687 1
688 1
689 31
690 181
691 81
692 68
693 1
694 17
695 24
696 27
697 19
698 15
699 43
700 35
701 38
702 56
703 5
704 20
705 95
706 184
707 85
708 4
709 69
710 5
711 0
712 14
713 11
714 0
715 10
716 46
717 239
718 121
719 100
720 237
721 57
722 26
723 1
724 39
725 23
726 49
727 40
728 39
729 94
730 53
731 119
732 17
733 40
734 71
735 27
736 87
737 64
738 145
739 178
740 57
741 44
742 0
743 28
744 113
745 2
746 0
747 0
748 98
749 30
750 262
751 6
752 122
753 34
754 90
755 9
756 36
757 16
758 47
759 120
760 71
761 18
762 73
763 13
764 184
765 51
766 63
767 52
768 2
769 29
770 198
771 24
772 10
773 0
774 42
775 81
776 42
777 42
778 48
779 4
780 0
781 13
782 39
783 23
784 52
785 31
786 113
787 81
788 14
789 147
790 19
791 19
792 40
793 76
794 84
795 0
796 83
797 96
798 50
799 27
800 15
801 0
802 20
803 0
804 3
805 2
806 189
807 72
808 40
809 132
810 76
811 16
812 43
813 59
814 12
815 7
816 0
817 0
818 35
819 138
820 116
821 144
822 48
823 80
824 13
825 52
826 15
827 119
828 72
829 33
830 31
831 50
832 72
833 70
834 86
835 40
836 53
837 24
838 23
839 9
840 0
841 15
842 6
843 0
844 38
845 61
846 54
847 118
848 67
849 20
850 88
851 3
852 68
853 16
854 6
855 49
856 25
857 116
858 97
859 16
860 22
861 37
862 101
863 18
864 37
865 50
866 13
867 51
868 14
869 11
870 23
871 6
872 1
873 9
874 0
875 0
876 9
877 170
878 66
879 46
880 227
881 151
882 21
883 21
884 81
885 9
886 15
887 16
888 48
889 265
890 24
891 18
892 56
893 25
894 19
895 50
896 20
897 52
898 18
899 6
900 0
901 1
902 24
903 280
904 119
905 31
906 120
907 163
908 114
909 5
910 13
911 92
912 1
913 4
914 28
915 116
916 3
917 44
918 112
919 34
920 109
921 119
922 30
923 7
924 20
925 4
926 19
927 51
928 0
929 0
930 72
931 163
932 71
933 168
934 105
935 158
936 27
937 17
938 100
939 34
940 141
941 57
942 0
943 8
944 119
945 145
946 51
947 3
948 0
949 102
950 74
951 3
952 57
953 99
954 53
955 211
956 173
957 45
958 27
959 89
960 46
961 7
962 23
963 72
964 92
965 19
966 63
967 45
968 57
969 131
970 67
971 3
972 58
973 119
974 40
975 74
976 10
977 10
978 288
979 43
980 244
981 261
982 46
983 25
984 154
985 106
986 36
987 9
988 0
989 0
990 3
991 23
992 33
993 180
994 99
995 18
996 53
997 16
998 26
999 54
1000 20
1001 66
1002 107
1003 1
1004 0
1005 2
1006 0
1007 103
1008 187
1009 0
1010 31
1011 14
1012 6
1013 0
1014 0
1015 0
1016 53
1017 117
1018 14
1019 99
1020 101
1021 183
1022 113
1023 45
1024 59
1025 22
1026 84
1027 215
1028 42
1029 17
1030 14
1031 109
1032 3
1033 10
1034 28
1035 59
1036 29
1037 16
1038 181
1039 98
1040 120
1041 91
1042 2
1043 46
1044 22
1045 35
1046 63
1047 59
1048 76
1049 12
1050 13
1051 0
1052 1
1053 1
1054 6
1055 25
1056 36
1057 60
1058 89
1059 157
1060 160
1061 34
1062 0
1063 6
1064 0
1065 12
1066 6
1067 44
1068 10
1069 29
1070 36
1071 18
1072 134
1073 46
1074 103
1075 6
1076 13
1077 0
1078 58
1079 11
1080 121
1081 57
1082 28
1083 43
1084 41
1085 14
1086 0
1087 9
1088 1
1089 1
1090 114
1091 179
1092 137
1093 195
1094 72
1095 10
1096 37
1097 11
1098 36
1099 209
1100 2
1101 15
1102 18
1103 34
1104 9
1105 19
1106 209
1107 196
1108 36
1109 2
1110 399
1111 75
1112 9
1113 75
1114 128
1115 11
1116 1
1117 17
1118 15
1119 154
1120 135
1121 125
1122 16
1123 7
1124 35
1125 5
1126 35
1127 0
1128 53
1129 60
1130 2
1131 0
1132 0
1133 55
1134 36
1135 22
1136 0
1137 0
1138 0
1139 95
1140 328
1141 201
1142 94
1143 2
1144 12
1145 0
1146 25
1147 0
1148 3
1149 163
1150 251
1151 16
1152 24
1153 38
1154 63
1155 196
1156 132
1157 93
1158 26
1159 9
1160 30
1161 7
1162 49
1163 0
1164 3
1165 1
1166 30
1167 58
1168 124
1169 26
1170 133
1171 0
1172 0
1173 25
1174 6
1175 8
1176 92
1177 155
1178 36
1179 134
1180 13
1181 106
1182 78
1183 138
1184 40
1185 137
1186 69
1187 49
1188 4
1189 1
1190 0
1191 66
1192 58
1193 1
1194 15
1195 7
1196 14
1197 2
1198 57
1199 58
1200 24
1201 2
1202 0
1203 166
1204 14
1205 5
1206 24
1207 4
1208 44
1209 25
1210 119
1211 106
1212 256
1213 15
1214 61
1215 144
1216 57
1217 243
1218 131
1219 13
1220 83
1221 53
1222 22
1223 55
1224 45
1225 14
1226 29
1227 14
1228 60
1229 109
1230 39
1231 4
1232 35
1233 50
1234 63
1235 214
1236 42
1237 56
1238 82
1239 0
1240 29
1241 0
1242 6
1243 87
1244 2
1245 42
1246 24
1247 67
1248 179
1249 285
1250 15
1251 114
1252 194
1253 259
1254 397
1255 56
1256 40
1257 15
1258 107
1259 10
1260 35
1261 17
1262 44
1263 37
1264 131
1265 98
1266 66
1267 21
1268 7
1269 2
1270 8
1271 27
1272 50
1273 57
1274 272
1275 123
1276 13
1277 31
1278 32
1279 35
1280 1
1281 4
1282 2
1283 0
1284 0
1285 0
1286 89
1287 176
1288 57
1289 146
1290 141
1291 128
1292 54
1293 75
1294 1007
1295 368
1296 44
1297 12
1298 51
1299 126
1300 20
1301 0
1302 29
1303 60
1304 162
1305 39
1306 22
1307 114
1308 88
1309 58
1310 22
1311 57
1312 0
1313 0
1314 1
1315 134
1316 149
1317 161
1318 152
1319 186
1320 168
1321 341
1322 201
1323 20
1324 20
1325 53
1326 11
1327 21
1328 0
1329 42
1330 17
1331 55
1332 207
1333 56
1334 15
1335 44
1336 39
1337 133
1338 107
1339 362
1340 467
1341 75
1342 15
1343 113
1344 148
1345 33
1346 21
1347 19
1348 11
1349 43
1350 186
1351 16
1352 6
1353 163
1354 18
1355 91
1356 74
1357 22
1358 29
1359 90
1360 15
1361 0
1362 1
1363 59
1364 254
1365 308
1366 63
1367 92
1368 82
1369 203
1370 143
1371 135
1372 0
1373 17
1374 0
1375 0
1376 10
1377 11
1378 48
1379 162
1380 206
1381 27
1382 21
1383 33
1384 93
1385 46
1386 128
1387 342
1388 114
1389 13
1390 121
1391 104
1392 25
1393 32
1394 16
1395 44
1396 62
1397 41
1398 0
1399 17
1400 138
1401 90
1402 64
1403 89
1404 75
1405 35
1406 35
1407 104
1408 108
1409 114
1410 94
1411 39
1412 33
1413 0
1414 20
1415 12
1416 92
1417 121
1418 81
1419 213
1420 79
1421 255
1422 50
1423 0
1424 22
1425 2
1426 16
1427 78
1428 267
1429 372
1430 227
1431 319
1432 206
1433 87
1434 109
1435 140
1436 90
1437 178
1438 5
1439 0
1440 62
1441 59
1442 274
1443 54
1444 59
1445 112
1446 188
1447 45
1448 59
1449 28
1450 27
1451 178
1452 45
1453 138
1454 58
1455 10
1456 66
1457 247
1458 7
1459 246
1460 69
1461 41
1462 21
1463 38
1464 0
1465 24
1466 64
1467 52
1468 16
1469 17
1470 2
1471 0
1472 8
1473 13
1474 10
1475 78
1476 325
1477 579
1478 240
1479 176
1480 243
1481 216
1482 44
1483 157
1484 105
1485 0
1486 26
1487 5
1488 115
1489 83
1490 379
1491 95
1492 44
1493 102
1494 108
1495 28
1496 179
1497 227
1498 24
1499 77
1500 145
1501 32
1502 53
1503 25
1504 101
1505 176
1506 26
1507 60
1508 159
1509 31
1510 59
1511 9
1512 13
1513 34
1514 183
1515 73
1516 42
1517 4
1518 0
1519 0
1520 1
1521 3
1522 11
1523 9
1524 97
1525 336
1526 234
1527 681
1528 419
1529 341
1530 117
1531 2
1532 51
1533 192
1534 10
1535 111
1536 62
1537 62
1538 126
1539 58
1540 8
1541 104
1542 20
1543 68
1544 383
1545 224
1546 185
1547 117
1548 37
1549 84
1550 164
1551 38
1552 37
1553 68
1554 25
1555 40
1556 201
1557 381
1558 36
1559 42
1560 77
1561 246
1562 147
1563 130
1564 2
1565 10
1566 60
1567 49
1568 188
1569 2
1570 7
1571 42
1572 507
1573 964
1574 329
1575 28
1576 331
1577 152
1578 100
1579 241
1580 270
1581 102
1582 130
1583 99
1584 63
1585 16
1586 3
1587 57
1588 165
1589 22
1590 339
1591 116
1592 76
1593 82
1594 82
1595 266
1596 182
1597 20
1598 4
1599 25
1600 240
1601 74
1602 186
1603 34
1604 20
1605 3
1606 14
1607 32
1608 0
1609 1
1610 0
1611 0
1612 67
1613 91
1614 46
1615 3
1616 109
1617 416
1618 309
1619 616
1620 273
1621 439
1622 362
1623 136
1624 84
1625 14
1626 271
1627 156
1628 68
1629 169
1630 79
1631 79
1632 98
1633 82
1634 133
1635 41
1636 40
1637 73
1638 72
1639 97
1640 155
1641 35
1642 1
1643 14
1644 13
1645 275
1646 492
1647 97
1648 180
1649 81
1650 58
1651 163
1652 399
1653 14
1654 58
1655 188
1656 205
1657 53
1658 87
1659 137
1660 63
1661 85
1662 81
1663 27
1664 97
1665 136
1666 96
1667 215
1668 154
1669 1
1670 31
1671 47
1672 0
1673 11
1674 0
1675 4
1676 5
1677 485
1678 316
1679 260
1680 280
1681 97
1682 157
1683 152
1684 95
1685 198
1686 122
1687 54
1688 66
1689 108
1690 46
1691 115
1692 30
1693 68
1694 116
1695 8
1696 52
1697 15
1698 21
1699 36
1700 11
1701 229
1702 24
1703 74
1704 0
1705 3
1706 18
1707 51
1708 2
1709 81
1710 436
1711 129
1712 89
1713 56
1714 75
1715 204
1716 139
1717 79
1718 31
1719 62
1720 6
1721 61
1722 14
1723 9
1724 34
1725 20
1726 53
1727 50
1728 154
1729 134
1730 11
1731 23
1732 6
1733 59
1734 27
1735 1
1736 42
1737 93
1738 181
1739 167
1740 111
1741 37
1742 144
1743 16
1744 68
1745 120
1746 52
1747 3
1748 11
1749 22
1750 33
1751 105
1752 146
1753 16
1754 9
1755 45
1756 22
1757 42
1758 62
1759 0
1760 0
1761 164
1762 49
1763 74
1764 82
1765 78
1766 48
1767 180
1768 86
1769 2
1770 16
1771 48
1772 86
1773 118
1774 68
1775 56
1776 55
1777 77
1778 110
1779 3
1780 25
1781 0
1782 91
1783 4
1784 29
1785 47
1786 4
1787 81
1788 54
1789 26
1790 72
1791 3
1792 91
1793 56
1794 9
1795 0
1796 23
1797 198
1798 117
1799 336
1800 303
1801 85
1802 90
1803 26
1804 61
1805 264
1806 270
1807 60
1808 80
1809 0
1810 96
1811 42
1812 26
1813 41
1814 18
1815 39
1816 26
1817 2
1818 46
1819 10
1820 85
1821 59
1822 44
1823 53
1824 199
1825 60
1826 22
1827 63
1828 85
1829 126
1830 8
1831 137
1832 31
1833 123
1834 25
1835 160
1836 64
1837 16
1838 60
1839 24
1840 44
1841 28
1842 17
1843 61
1844 203
1845 138
1846 44
1847 52
1848 137
1849 218
1850 28
1851 15
1852 20
1853 75
1854 36
1855 108
1856 62
1857 23
1858 155
1859 204
1860 48
1861 140
1862 148
1863 5
1864 48
1865 19
1866 67
1867 520
1868 116
1869 65
1870 24
1871 68
1872 232
1873 127
1874 36
1875 12
1876 14
1877 59
1878 73
1879 53
1880 3
1881 133
1882 197
1883 183
1884 99
1885 45
1886 21
1887 25
1888 2
1889 110
1890 125
1891 43
1892 80
1893 87
1894 276
1895 354
1896 143
1897 29
1898 27
1899 31
1900 156
1901 98
1902 16
1903 209
1904 76
1905 99
1906 62
1907 107
1908 59
1909 68
1910 66
1911 93
1912 176
1913 89
1914 18
1915 5
1916 13
1917 97
1918 45
1919 112
1920 44
1921 73
1922 15
1923 109
1924 91
1925 100
1926 21
1927 17
1928 22
1929 28
1930 41
1931 79
1932 30
1933 13
1934 44
1935 101
1936 118
1937 16
1938 15
1939 29
1940 72
1941 101
1942 263
1943 209
1944 30
1945 38
1946 43
1947 5
1948 48
1949 35
1950 36
1951 110
1952 71
1953 120
1954 70
1955 162
1956 23
1957 69
1958 94
1959 61
1960 33
1961 9
1962 0
1963 23
1964 202
1965 223
1966 21
1967 115
1968 207
1969 91
1970 41
1971 93
1972 151
1973 22
1974 39
1975 81
1976 48
1977 0
1978 9
1979 6
1980 112
1981 192
1982 87
1983 23
1984 35
1985 179
1986 83
1987 7
1988 11
1989 90
1990 60
1991 94
1992 74
1993 34
1994 61
1995 180
1996 271
1997 79
1998 50
1999 130
2000 91
2001 3
2002 16
2003 61
2004 137
2005 91
2006 35
2007 60
2008 50
2009 69
2010 80
2011 101
2012 23
2013 21
2014 120
2015 71
2016 181
2017 229
2018 17
2019 164
2020 56
2021 50
2022 37
2023 170
2024 213
2025 4
2026 43
2027 57
2028 48
2029 20
2030 95
2031 114
2032 91
2033 33
2034 93
2035 155
2036 199
2037 74
2038 50
2039 37
2040 29
2041 26
2042 43
2043 152
2044 32
2045 59
2046 44
2047 60
2048 172
2049 158
2050 119
2051 124
2052 11
2053 15
2054 91
2055 272
2056 40
2057 40
2058 53
2059 55
2060 63
2061 113
2062 76
2063 76
2064 14
2065 14
2066 127
2067 87
2068 3
2069 137
2070 37
2071 73
2072 171
2073 148
2074 75
2075 107
2076 169
2077 38
2078 0
2079 18
2080 98
2081 192
2082 130
2083 97
2084 63
2085 43
2086 112
2087 87
2088 125
2089 87
2090 74
2091 47
2092 40
2093 49
2094 77
2095 271
2096 84
2097 308
2098 146
2099 92
2100 44
2101 21
2102 3
2103 210
2104 196
2105 87
2106 3
2107 4
2108 35
2109 22
2110 143
2111 109
2112 175
2113 79
2114 43
2115 105
2116 66
2117 51
2118 185
2119 186
2120 33
2121 42
2122 11
2123 14
2124 171
2125 18
2126 97
2127 106
2128 127
2129 51
2130 77
2131 130
2132 173
2133 24
2134 0
2135 19
2136 4
2137 109
2138 226
2139 63
2140 19
2141 1
2142 1
2143 4
2144 140
2145 118
2146 53
2147 25
2148 201
2149 69
2150 229
2151 34
2152 137
2153 165
2154 78
2155 43
2156 4
2157 10
2158 8
2159 67
2160 177
2161 148
2162 0
2163 2
2164 33
2165 127
2166 66
2167 57
2168 36
2169 78
2170 33
2171 10
2172 115
2173 60
2174 4
2175 55
2176 0
2177 81
2178 14
2179 43
2180 20
2181 52
2182 35
2183 42
2184 17
2185 0
2186 0
2187 101
2188 45
2189 36
2190 97
2191 91
2192 27
2193 144
2194 19
2195 7
2196 0
2197 24
2198 5
2199 65
2200 38
2201 69
2202 89
2203 110
2204 28
2205 151
2206 120
2207 38
2208 2
2209 67
2210 52
2211 120
2212 201
2213 186
2214 26
2215 50
2216 5
2217 16
2218 10
2219 17
2220 74
2221 2
2222 2
2223 36
2224 75
2225 16
2226 16
2227 141
2228 93
2229 89
2230 131
2231 9
2232 46
2233 54
2234 0
2235 13
2236 4
2237 49
2238 20
2239 1
2240 0
2241 10
2242 4
2243 160
2244 76
2245 19
2246 22
2247 128
2248 220
2249 26
2250 171
2251 81
2252 22
2253 58
2254 180
2255 86
2256 121
2257 29
2258 4
2259 22
2260 115
2261 19
2262 12
2263 2
2264 5
2265 34
2266 220
2267 97
2268 158
2269 200
2270 196
2271 103
2272 3
2273 22
2274 256
2275 178
2276 87
2277 185
2278 43
2279 11
2280 11
2281 157
2282 205
2283 26
2284 0
2285 19
2286 120
2287 26
2288 39
2289 39
2290 173
2291 251
2292 23
2293 3
2294 147
2295 164
2296 33
2297 92
2298 53
2299 2
2300 82
2301 123
2302 66
2303 0
2304 36
2305 9
2306 17
2307 65
2308 181
2309 62
2310 44
2311 63
2312 42
2313 39
2314 86
2315 41
2316 216
2317 68
2318 1
2319 26
2320 158
2321 103
2322 86
2323 0
2324 0
2325 18
2326 184
2327 304
2328 57
2329 11
2330 16
2331 4
2332 31
2333 36
2334 298
2335 369
2336 45
2337 6
2338 46
2339 98
2340 79
2341 21
2342 0
2343 0
2344 52
2345 122
2346 73
2347 109
2348 16
2349 68
2350 86
2351 153
2352 118
2353 191
2354 116
2355 27
2356 78
2357 28
2358 8
2359 0
2360 3
2361 0
2362 1
2363 180
2364 150
2365 20
2366 127
2367 112
2368 35
2369 68
2370 128
2371 86
2372 65
2373 47
2374 4
2375 99
2376 118
2377 0
2378 1
2379 13
2380 31
2381 5
2382 160
2383 82
2384 57
2385 230
2386 67
2387 166
2388 235
2389 154
2390 98
2391 163
2392 24
2393 19
2394 168
2395 65
2396 19
2397 2
2398 152
2399 3
2400 19
2401 94
2402 359
2403 24
2404 39
2405 129
2406 164
2407 126
2408 64
2409 88
2410 62
2411 134
2412 95
2413 18
2414 0
2415 35
2416 11
2417 26
2418 7
2419 105
2420 172
2421 155
2422 328
2423 48
2424 88
2425 106
2426 141
2427 173
2428 223
2429 42
2430 1
2431 50
2432 126
2433 0
2434 20
2435 56
2436 66
2437 37
2438 229
2439 24
2440 71
2441 170
2442 173
2443 83
2444 78
2445 91
2446 11
2447 0
2448 0
2449 83
2450 7
2451 25
2452 13
2453 4
2454 62
2455 64
2456 93
2457 88
2458 17
2459 54
2460 9
2461 4
2462 0
2463 5
2464 48
2465 332
2466 37
2467 1
2468 23
2469 26
2470 53
2471 35
2472 46
2473 9
2474 1
2475 2
2476 0
2477 20
2478 81
2479 4
2480 18
2481 40
2482 9
2483 41
2484 58
2485 86
2486 41
2487 98
2488 21
2489 33
2490 3
2491 0
2492 0
2493 0
2494 33
2495 74
2496 24
2497 49
2498 13
2499 48
2500 25
2501 24
2502 34
2503 110
2504 3
2505 0
2506 6
2507 0
2508 1
2509 26
2510 11
2511 27
2512 19
2513 34
2514 0
2515 0
2516 16
2517 0
2518 0
2519 1
2520 18
2521 12
2522 16
2523 56
2524 0
2525 1
2526 72
2527 30
2528 0
2529 13
2530 22
2531 12
2532 4
2533 0
2534 123
2535 157
2536 22
2537 43
2538 61
2539 9
2540 0
2541 7
2542 192
2543 48
2544 59
2545 153
2546 12
2547 4
2548 46
2549 20
2550 12
2551 6
2552 31
2553 105
2554 39
2555 0
2556 0
2557 9
2558 23
2559 23
2560 83
2561 68
2562 20
2563 50
2564 19
2565 17
2566 31
2567 16
2568 12
2569 5
2570 13
2571 13
2572 0
2573 18
2574 0
2575 71
2576 3
2577 5
2578 2
2579 2
2580 0
2581 0
2582 0
2583 0
2584 0
2585 0
2586 0
2587 0
2588 0
2589 0
2590 0
2591 0
2592 0
2593 0
2594 0
2595 0
2596 0
2597 0
2598 0
