0 149
1 0
2 20
3 6
4 46
5 97
6 0
7 7
8 0
9 8
10 25
11 117
12 19
13 91
14 228
15 110
16 147
17 32
18 25
19 394
20 0
21 39
22 27
23 263
24 0
25 109
26 6
27 9
28 6
29 32
30 8
31 12
32 0
33 81
34 14
35 147
36 12
37 27
38 22
39 23
40 34
41 15
42 17
43 12
44 179
45 0
46 17
47 6
48 4
49 180
50 82
51 22
52 154
53 0
54 149
55 16
56 37
57 92
58 156
59 18
60 29
61 182
62 156
63 19
64 27
65 359
66 42
67 140
68 83
69 3
70 22
71 23
72 8
73 4
74 137
75 275
76 10
77 129
78 280
79 234
80 20
81 3
82 101
83 55
84 24
85 2
86 106
87 373
88 312
89 10
90 5
91 13
92 12
93 118
94 25
95 0
96 32
97 178
98 53
99 212
100 5
101 17
102 117
103 149
104 38
105 48
106 221
107 60
108 176
109 175
110 13
111 71
112 0
113 33
114 146
115 43
116 165
117 26
118 27
119 99
120 4
121 80
122 314
123 92
124 32
125 5
126 32
127 32
128 48
129 76
130 34
131 0
132 20
133 0
134 19
135 324
136 145
137 663
138 37
139 51
140 236
141 183
142 31
143 40
144 5
145 13
146 155
147 42
148 201
149 158
150 67
151 0
152 4
153 67
154 51
155 84
156 40
157 58
158 0
159 94
160 35
161 58
162 2
163 97
164 110
165 147
166 184
167 125
168 61
169 28
170 267
171 0
172 56
173 40
174 252
175 446
176 300
177 37
178 74
179 3
180 301
181 36
182 645
183 336
184 148
185 99
186 0
187 447
188 230
189 34
190 45
191 2
192 3
193 7
194 6
195 5
196 252
197 152
198 19
199 0
200 145
201 131
202 63
203 236
204 157
205 366
206 561
207 128
208 81
209 0
210 401
211 24
212 58
213 125
214 0
215 311
216 27
217 62
218 81
219 428
220 102
221 349
222 312
223 302
224 526
225 279
226 214
227 35
228 0
229 56
230 0
231 0
232 0
233 29
234 0
235 42
236 0
237 0
238 134
239 648
240 16
241 593
242 408
243 59
244 343
245 57
246 159
247 4
248 83
249 79
250 58
251 19
252 32
253 0
254 15
255 49
256 777
257 299
258 42
259 9
260 0
261 0
262 25
263 151
264 31
265 68
266 21
267 69
268 23
269 2
270 87
271 187
272 64
273 0
274 27
275 20
276 23
277 12
278 40
279 168
280 0
281 6
282 77
283 592
284 0
285 14
286 64
287 46
288 59
289 31
290 454
291 104
292 701
293 231
294 16
295 131
296 192
297 79
298 82
299 41
300 129
301 101
302 155
303 118
304 587
305 186
306 133
307 261
308 2
309 143
310 125
311 131
312 221
313 25
314 32
315 212
316 201
317 233
318 543
319 19
320 0
321 108
322 0
323 54
324 0
325 17
326 55
327 32
328 3
329 6
330 22
331 144
332 44
333 262
334 318
335 262
336 31
337 123
338 417
339 251
340 0
341 11
342 22
343 11
344 15
345 9
346 65
347 12
348 247
349 80
350 97
351 475
352 68
353 15
354 0
355 11
356 0
357 131
358 0
359 150
360 152
361 395
362 537
363 21
364 0
365 0
366 40
367 83
368 170
369 190
370 82
371 54
372 53
373 81
374 42
375 51
376 104
377 11
378 29
379 97
380 133
381 0
382 137
383 6
384 118
385 186
386 0
387 0
388 152
389 183
390 318
391 208
392 351
393 12
394 0
395 76
396 388
397 113
398 0
399 264
400 8
401 144
402 63
403 81
404 193
405 158
406 290
407 297
408 73
409 0
410 25
411 59
412 120
413 494
414 327
415 21
416 59
417 99
418 32
419 80
420 44
421 24
422 194
423 211
424 281
425 105
426 100
427 48
428 164
429 14
430 385
431 23
432 38
433 67
434 3
435 24
436 281
437 474
438 647
439 229
440 340
441 267
442 145
443 526
444 74
445 72
446 63
447 8
448 237
449 76
450 183
451 100
452 194
453 309
454 334
455 51
456 233
457 454
458 279
459 0
460 17
461 337
462 274
463 147
464 156
465 120
466 29
467 280
468 163
469 332
470 438
471 457
472 281
473 146
474 319
475 96
476 20
477 28
478 14
479 65
480 45
481 60
482 98
483 30
484 216
485 64
486 127
487 187
488 69
489 332
490 89
491 63
492 376
493 674
494 75
495 136
496 89
497 39
498 0
499 104
500 131
501 114
502 78
503 47
504 17
505 131
506 189
507 25
508 21
509 538
510 51
511 78
512 256
513 427
514 152
515 247
516 111
517 107
518 0
519 112
520 448
521 363
522 13
523 72
524 84
525 14
526 0
527 49
528 143
529 31
530 43
531 47
532 342
533 284
534 35
535 283
536 282
537 48
538 43
539 186
540 31
541 67
542 24
543 258
544 289
545 15
546 152
547 0
548 183
549 0
550 83
551 29
552 264
553 312
554 381
555 372
556 68
557 32
558 92
559 186
560 45
561 157
562 55
563 7
564 4
565 11
566 0
567 41
568 22
569 13
570 42
571 199
572 137
573 82
574 25
575 217
576 60
577 103
578 90
579 66
580 32
581 0
582 14
583 98
584 172
585 161
586 131
587 0
588 262
589 500
590 14
591 19
592 105
593 17
594 21
595 48
596 46
597 28
598 322
599 401
600 273
601 639
602 131
603 100
604 84
605 40
606 151
607 113
608 249
609 82
610 193
611 87
612 307
613 176
614 448
615 311
616 287
617 1
618 25
619 11
620 37
621 2
622 91
623 32
624 54
625 328
626 191
627 419
628 324
629 214
630 343
631 57
632 64
633 71
634 0
635 66
636 159
637 10
638 76
639 199
640 31
641 145
642 140
643 394
644 84
645 306
646 0
647 36
648 26
649 2
650 0
651 110
652 174
653 0
654 72
655 87
656 52
657 20
658 286
659 215
660 17
661 143
662 0
663 203
664 40
665 14
666 167
667 129
668 10
669 80
670 140
671 322
672 39
673 22
674 42
675 16
676 0
677 278
678 248
679 115
680 305
681 273
682 19
683 0
684 35
685 157
686 34
687 0
688 10
689 66
690 320
691 231
692 139
693 0
694 35
695 50
696 54
697 36
698 18
699 140
700 80
701 82
702 155
703 10
704 44
705 259
706 424
707 175
708 0
709 188
710 16
711 0
712 32
713 30
714 0
715 36
716 129
717 441
718 217
719 200
720 470
721 112
722 45
723 4
724 70
725 44
726 115
727 63
728 57
729 184
730 127
731 0
732 36
733 112
734 114
735 67
736 171
737 117
738 311
739 299
740 130
741 0
742 10
743 51
744 237
745 10
746 9
747 0
748 219
749 79
750 0
751 22
752 244
753 60
754 187
755 17
756 95
757 39
758 59
759 289
760 144
761 56
762 112
763 0
764 400
765 98
766 143
767 97
768 9
769 54
770 374
771 56
772 26
773 0
774 88
775 139
776 92
777 82
778 103
779 13
780 0
781 25
782 92
783 48
784 139
785 71
786 243
787 173
788 0
789 304
790 36
791 34
792 61
793 179
794 155
795 0
796 0
797 246
798 138
799 52
800 33
801 0
802 46
803 0
804 11
805 9
806 328
807 136
808 90
809 244
810 145
811 38
812 106
813 117
814 33
815 11
816 0
817 0
818 55
819 301
820 286
821 277
822 108
823 161
824 31
825 140
826 58
827 218
828 171
829 69
830 72
831 120
832 164
833 169
834 170
835 87
836 110
837 65
838 48
839 8
840 2
841 23
842 21
843 0
844 78
845 126
846 147
847 202
848 143
849 38
850 202
851 4
852 144
853 36
854 10
855 110
856 37
857 221
858 184
859 37
860 45
861 88
862 215
863 57
864 78
865 141
866 38
867 120
868 27
869 19
870 60
871 12
872 11
873 17
874 0
875 4
876 27
877 317
878 147
879 105
880 397
881 306
882 42
883 32
884 148
885 33
886 27
887 18
888 102
889 502
890 53
891 59
892 108
893 60
894 46
895 100
896 66
897 115
898 30
899 18
900 0
901 10
902 40
903 588
904 259
905 61
906 237
907 328
908 229
909 8
910 30
911 176
912 11
913 9
914 79
915 233
916 16
917 74
918 199
919 61
920 194
921 0
922 96
923 25
924 59
925 12
926 42
927 97
928 0
929 8
930 137
931 415
932 145
933 414
934 191
935 288
936 67
937 44
938 193
939 72
940 274
941 117
942 0
943 18
944 201
945 280
946 101
947 17
948 3
949 222
950 122
951 9
952 88
953 282
954 106
955 399
956 467
957 86
958 53
959 0
960 99
961 14
962 52
963 0
964 216
965 45
966 113
967 96
968 121
969 356
970 137
971 9
972 107
973 247
974 76
975 151
976 22
977 18
978 567
979 73
980 459
981 525
982 96
983 49
984 314
985 283
986 83
987 31
988 0
989 0
990 17
991 43
992 66
993 365
994 192
995 0
996 115
997 28
998 52
999 122
1000 47
1001 111
1002 251
1003 5
1004 0
1005 0
1006 0
1007 200
1008 392
1009 3
1010 0
1011 39
1012 13
1013 0
1014 0
1015 11
1016 106
1017 298
1018 26
1019 270
1020 221
1021 348
1022 228
1023 100
1024 119
1025 53
1026 165
1027 427
1028 94
1029 29
1030 14
1031 221
1032 8
1033 8
1034 55
1035 134
1036 69
1037 39
1038 312
1039 193
1040 313
1041 175
1042 4
1043 103
1044 49
1045 64
1046 146
1047 119
1048 139
1049 0
1050 28
1051 0
1052 4
1053 7
1054 11
1055 51
1056 77
1057 138
1058 180
1059 309
1060 300
1061 58
1062 0
1063 21
1064 0
1065 23
1066 20
1067 71
1068 22
1069 66
1070 87
1071 38
1072 282
1073 80
1074 196
1075 23
1076 32
1077 0
1078 116
1079 10
1080 228
1081 138
1082 42
1083 109
1084 90
1085 43
1086 0
1087 18
1088 2
1089 9
1090 225
1091 335
1092 302
1093 384
1094 178
1095 39
1096 56
1097 17
1098 93
1099 469
1100 9
1101 32
1102 31
1103 57
1104 24
1105 38
1106 448
1107 416
1108 69
1109 7
1110 790
1111 207
1112 27
1113 170
1114 267
1115 20
1116 7
1117 43
1118 34
1119 283
1120 280
1121 233
1122 24
1123 17
1124 73
1125 11
1126 0
1127 4
1128 119
1129 168
1130 0
1131 3
1132 0
1133 127
1134 82
1135 28
1136 0
1137 0
1138 0
1139 207
1140 826
1141 516
1142 187
1143 0
1144 30
1145 0
1146 48
1147 0
1148 19
1149 311
1150 458
1151 42
1152 67
1153 70
1154 117
1155 423
1156 237
1157 201
1158 47
1159 31
1160 68
1161 19
1162 111
1163 0
1164 12
1165 0
1166 89
1167 122
1168 276
1169 41
1170 251
1171 6
1172 0
1173 51
1174 15
1175 32
1176 170
1177 371
1178 73
1179 324
1180 32
1181 211
1182 161
1183 299
1184 141
1185 287
1186 157
1187 74
1188 13
1189 0
1190 0
1191 138
1192 125
1193 12
1194 32
1195 0
1196 37
1197 9
1198 109
1199 113
1200 72
1201 13
1202 7
1203 315
1204 27
1205 11
1206 47
1207 8
1208 95
1209 61
1210 214
1211 213
1212 532
1213 0
1214 116
1215 262
1216 128
1217 503
1218 262
1219 41
1220 135
1221 95
1222 34
1223 101
1224 102
1225 22
1226 79
1227 14
1228 132
1229 230
1230 91
1231 0
1232 66
1233 146
1234 153
1235 395
1236 93
1237 105
1238 156
1239 8
1240 56
1241 0
1242 17
1243 176
1244 5
1245 92
1246 56
1247 133
1248 408
1249 569
1250 40
1251 213
1252 430
1253 426
1254 830
1255 99
1256 100
1257 42
1258 242
1259 32
1260 107
1261 31
1262 84
1263 111
1264 272
1265 201
1266 124
1267 37
1268 7
1269 13
1270 21
1271 58
1272 110
1273 121
1274 673
1275 309
1276 33
1277 71
1278 66
1279 85
1280 6
1281 14
1282 0
1283 5
1284 7
1285 0
1286 180
1287 345
1288 114
1289 270
1290 277
1291 254
1292 159
1293 156
1294 1983
1295 741
1296 84
1297 15
1298 80
1299 200
1300 44
1301 0
1302 70
1303 129
1304 0
1305 61
1306 39
1307 220
1308 212
1309 155
1310 32
1311 145
1312 2
1313 8
1314 10
1315 316
1316 282
1317 344
1318 0
1319 316
1320 385
1321 646
1322 369
1323 53
1324 38
1325 105
1326 22
1327 31
1328 0
1329 81
1330 0
1331 88
1332 445
1333 113
1334 41
1335 105
1336 77
1337 284
1338 214
1339 723
1340 927
1341 156
1342 71
1343 250
1344 298
1345 58
1346 44
1347 0
1348 32
1349 78
1350 363
1351 33
1352 21
1353 373
1354 40
1355 190
1356 159
1357 0
1358 67
1359 188
1360 31
1361 0
1362 3
1363 145
1364 515
1365 613
1366 128
1367 176
1368 187
1369 0
1370 280
1371 284
1372 0
1373 34
1374 2
1375 4
1376 12
1377 37
1378 84
1379 422
1380 400
1381 55
1382 85
1383 76
1384 0
1385 0
1386 262
1387 696
1388 244
1389 40
1390 260
1391 200
1392 0
1393 58
1394 30
1395 128
1396 138
1397 114
1398 2
1399 0
1400 230
1401 164
1402 129
1403 170
1404 163
1405 78
1406 65
1407 204
1408 176
1409 222
1410 215
1411 79
1412 0
1413 0
1414 45
1415 0
1416 168
1417 281
1418 189
1419 395
1420 197
1421 497
1422 138
1423 6
1424 42
1425 10
1426 45
1427 175
1428 573
1429 679
1430 420
1431 595
1432 418
1433 197
1434 214
1435 269
1436 214
1437 413
1438 5
1439 0
1440 109
1441 118
1442 667
1443 108
1444 102
1445 254
1446 383
1447 75
1448 113
1449 72
1450 54
1451 410
1452 72
1453 259
1454 152
1455 33
1456 125
1457 444
1458 16
1459 442
1460 125
1461 90
1462 57
1463 111
1464 5
1465 69
1466 163
1467 111
1468 34
1469 40
1470 9
1471 0
1472 25
1473 34
1474 30
1475 155
1476 685
1477 1216
1478 460
1479 328
1480 483
1481 411
1482 110
1483 342
1484 199
1485 5
1486 56
1487 27
1488 195
1489 182
1490 790
1491 185
1492 100
1493 224
1494 223
1495 62
1496 348
1497 438
1498 58
1499 140
1500 302
1501 73
1502 134
1503 63
1504 207
1505 345
1506 72
1507 129
1508 340
1509 78
1510 112
1511 14
1512 21
1513 72
1514 493
1515 166
1516 98
1517 12
1518 1
1519 0
1520 4
1521 19
1522 22
1523 14
1524 183
1525 0
1526 476
1527 1393
1528 1000
1529 704
1530 264
1531 8
1532 96
1533 364
1534 46
1535 212
1536 139
1537 152
1538 249
1539 174
1540 12
1541 217
1542 49
1543 144
1544 714
1545 402
1546 488
1547 230
1548 76
1549 187
1550 320
1551 104
1552 86
1553 123
1554 77
1555 111
1556 431
1557 751
1558 86
1559 97
1560 137
1561 469
1562 0
1563 296
1564 3
1565 17
1566 117
1567 145
1568 348
1569 0
1570 15
1571 62
1572 1023
1573 1960
1574 686
1575 65
1576 646
1577 296
1578 202
1579 459
1580 562
1581 212
1582 250
1583 174
1584 129
1585 46
1586 8
1587 90
1588 317
1589 45
1590 647
1591 216
1592 139
1593 146
1594 172
1595 476
1596 375
1597 59
1598 22
1599 62
1600 475
1601 162
1602 479
1603 61
1604 42
1605 8
1606 17
1607 83
1608 0
1609 2
1610 10
1611 3
1612 153
1613 212
1614 95
1615 16
1616 240
1617 838
1618 640
1619 1295
1620 562
1621 871
1622 696
1623 267
1624 195
1625 0
1626 567
1627 320
1628 154
1629 348
1630 171
1631 173
1632 177
1633 144
1634 249
1635 0
1636 85
1637 164
1638 148
1639 152
1640 276
1641 80
1642 5
1643 18
1644 38
1645 515
1646 965
1647 157
1648 353
1649 181
1650 85
1651 327
1652 844
1653 33
1654 126
1655 356
1656 405
1657 107
1658 175
1659 253
1660 143
1661 166
1662 165
1663 52
1664 188
1665 314
1666 0
1667 506
1668 402
1669 7
1670 91
1671 98
1672 4
1673 0
1674 6
1675 0
1676 11
1677 931
1678 580
1679 500
1680 589
1681 184
1682 315
1683 313
1684 146
1685 364
1686 199
1687 97
1688 166
1689 232
1690 81
1691 220
1692 54
1693 140
1694 211
1695 20
1696 110
1697 20
1698 57
1699 64
1700 32
1701 486
1702 67
1703 162
1704 0
1705 6
1706 39
1707 121
1708 8
1709 174
1710 873
1711 277
1712 186
1713 132
1714 149
1715 408
1716 274
1717 209
1718 52
1719 0
1720 16
1721 131
1722 20
1723 40
1724 50
1725 34
1726 135
1727 95
1728 310
1729 293
1730 22
1731 49
1732 11
1733 134
1734 58
1735 14
1736 85
1737 199
1738 346
1739 342
1740 215
1741 71
1742 287
1743 30
1744 130
1745 249
1746 119
1747 9
1748 19
1749 52
1750 77
1751 177
1752 306
1753 28
1754 26
1755 105
1756 69
1757 95
1758 134
1759 0
1760 6
1761 293
1762 0
1763 130
1764 141
1765 158
1766 115
1767 321
1768 192
1769 0
1770 32
1771 86
1772 144
1773 277
1774 141
1775 105
1776 135
1777 156
1778 285
1779 0
1780 47
1781 1
1782 189
1783 17
1784 54
1785 83
1786 9
1787 0
1788 120
1789 40
1790 170
1791 11
1792 246
1793 105
1794 26
1795 0
1796 53
1797 0
1798 355
1799 732
1800 589
1801 163
1802 198
1803 61
1804 116
1805 542
1806 532
1807 123
1808 158
1809 3
1810 138
1811 110
1812 83
1813 70
1814 63
1815 65
1816 30
1817 6
1818 78
1819 19
1820 168
1821 101
1822 94
1823 117
1824 415
1825 129
1826 57
1827 141
1828 185
1829 301
1830 24
1831 243
1832 59
1833 241
1834 49
1835 318
1836 134
1837 39
1838 0
1839 60
1840 82
1841 78
1842 36
1843 129
1844 421
1845 301
1846 90
1847 126
1848 274
1849 490
1850 56
1851 35
1852 60
1853 181
1854 72
1855 207
1856 143
1857 47
1858 341
1859 386
1860 111
1861 287
1862 275
1863 0
1864 118
1865 37
1866 106
1867 1100
1868 254
1869 136
1870 31
1871 151
1872 504
1873 260
1874 0
1875 56
1876 47
1877 113
1878 131
1879 110
1880 4
1881 237
1882 396
1883 465
1884 275
1885 110
1886 39
1887 56
1888 6
1889 188
1890 243
1891 78
1892 140
1893 176
1894 684
1895 696
1896 256
1897 83
1898 62
1899 0
1900 0
1901 193
1902 37
1903 420
1904 148
1905 222
1906 151
1907 210
1908 108
1909 161
1910 110
1911 172
1912 369
1913 150
1914 34
1915 19
1916 0
1917 217
1918 96
1919 230
1920 99
1921 185
1922 59
1923 194
1924 172
1925 0
1926 39
1927 33
1928 39
1929 48
1930 117
1931 183
1932 59
1933 27
1934 79
1935 218
1936 255
1937 34
1938 25
1939 53
1940 262
1941 186
1942 509
1943 411
1944 0
1945 89
1946 80
1947 12
1948 119
1949 92
1950 86
1951 228
1952 160
1953 273
1954 119
1955 384
1956 36
1957 129
1958 179
1959 133
1960 100
1961 24
1962 0
1963 41
1964 462
1965 477
1966 37
1967 199
1968 426
1969 181
1970 72
1971 191
1972 376
1973 50
1974 98
1975 218
1976 101
1977 2
1978 20
1979 12
1980 232
1981 384
1982 168
1983 54
1984 77
1985 395
1986 162
1987 0
1988 35
1989 267
1990 132
1991 171
1992 0
1993 67
1994 166
1995 344
1996 585
1997 182
1998 106
1999 213
2000 248
2001 12
2002 63
2003 123
2004 337
2005 177
2006 85
2007 129
2008 98
2009 125
2010 146
2011 234
2012 41
2013 32
2014 222
2015 174
2016 393
2017 418
2018 0
2019 302
2020 118
2021 88
2022 71
2023 324
2024 496
2025 15
2026 120
2027 119
2028 126
2029 59
2030 230
2031 293
2032 186
2033 78
2034 166
2035 280
2036 373
2037 141
2038 140
2039 91
2040 71
2041 54
2042 93
2043 290
2044 60
2045 125
2046 108
2047 107
2048 320
2049 416
2050 289
2051 308
2052 39
2053 32
2054 198
2055 567
2056 85
2057 106
2058 116
2059 130
2060 137
2061 252
2062 204
2063 142
2064 49
2065 28
2066 288
2067 188
2068 13
2069 291
2070 74
2071 157
2072 338
2073 304
2074 145
2075 203
2076 313
2077 81
2078 9
2079 37
2080 157
2081 385
2082 247
2083 0
2084 123
2085 88
2086 234
2087 185
2088 266
2089 204
2090 151
2091 103
2092 90
2093 97
2094 167
2095 565
2096 176
2097 613
2098 277
2099 177
2100 88
2101 32
2102 15
2103 404
2104 404
2105 188
2106 5
2107 10
2108 65
2109 47
2110 266
2111 191
2112 276
2113 163
2114 119
2115 209
2116 148
2117 120
2118 365
2119 412
2120 68
2121 84
2122 33
2123 36
2124 332
2125 54
2126 208
2127 221
2128 327
2129 97
2130 127
2131 0
2132 407
2133 64
2134 0
2135 43
2136 13
2137 227
2138 449
2139 91
2140 49
2141 5
2142 7
2143 13
2144 299
2145 337
2146 123
2147 52
2148 461
2149 210
2150 489
2151 69
2152 255
2153 337
2154 275
2155 80
2156 15
2157 39
2158 17
2159 129
2160 336
2161 362
2162 0
2163 22
2164 60
2165 0
2166 153
2167 122
2168 84
2169 210
2170 73
2171 30
2172 243
2173 153
2174 7
2175 93
2176 6
2177 163
2178 36
2179 62
2180 39
2181 124
2182 73
2183 106
2184 34
2185 0
2186 5
2187 186
2188 92
2189 85
2190 250
2191 205
2192 71
2193 282
2194 42
2195 19
2196 5
2197 42
2198 17
2199 138
2200 87
2201 156
2202 222
2203 284
2204 39
2205 282
2206 288
2207 79
2208 15
2209 140
2210 101
2211 232
2212 436
2213 323
2214 60
2215 102
2216 20
2217 36
2218 22
2219 24
2220 149
2221 5
2222 9
2223 84
2224 175
2225 53
2226 36
2227 275
2228 255
2229 202
2230 242
2231 28
2232 110
2233 123
2234 12
2235 41
2236 9
2237 99
2238 32
2239 5
2240 0
2241 19
2242 15
2243 345
2244 148
2245 33
2246 54
2247 233
2248 438
2249 59
2250 328
2251 149
2252 38
2253 125
2254 369
2255 170
2256 229
2257 65
2258 14
2259 40
2260 259
2261 40
2262 24
2263 8
2264 12
2265 83
2266 445
2267 327
2268 272
2269 455
2270 413
2271 248
2272 4
2273 36
2274 477
2275 348
2276 156
2277 424
2278 83
2279 28
2280 29
2281 296
2282 382
2283 40
2284 0
2285 0
2286 265
2287 65
2288 73
2289 58
2290 301
2291 525
2292 43
2293 0
2294 379
2295 325
2296 83
2297 183
2298 99
2299 14
2300 154
2301 226
2302 153
2303 0
2304 89
2305 12
2306 43
2307 148
2308 349
2309 131
2310 121
2311 116
2312 89
2313 82
2314 160
2315 113
2316 419
2317 154
2318 0
2319 73
2320 323
2321 190
2322 143
2323 0
2324 0
2325 42
2326 378
2327 646
2328 107
2329 27
2330 42
2331 13
2332 75
2333 0
2334 548
2335 733
2336 79
2337 0
2338 77
2339 203
2340 174
2341 44
2342 0
2343 0
2344 134
2345 289
2346 106
2347 239
2348 36
2349 112
2350 168
2351 262
2352 204
2353 390
2354 227
2355 62
2356 0
2357 56
2358 31
2359 0
2360 10
2361 0
2362 11
2363 384
2364 288
2365 46
2366 307
2367 196
2368 0
2369 113
2370 272
2371 169
2372 125
2373 101
2374 13
2375 190
2376 270
2377 0
2378 2
2379 37
2380 69
2381 15
2382 338
2383 161
2384 122
2385 430
2386 138
2387 321
2388 589
2389 284
2390 206
2391 418
2392 50
2393 54
2394 333
2395 116
2396 40
2397 2
2398 315
2399 10
2400 31
2401 196
2402 692
2403 51
2404 100
2405 274
2406 341
2407 238
2408 148
2409 186
2410 114
2411 285
2412 184
2413 40
2414 0
2415 108
2416 17
2417 52
2418 8
2419 206
2420 385
2421 336
2422 690
2423 95
2424 170
2425 205
2426 256
2427 343
2428 464
2429 85
2430 7
2431 106
2432 242
2433 0
2434 40
2435 121
2436 134
2437 64
2438 400
2439 55
2440 162
2441 359
2442 346
2443 152
2444 187
2445 189
2446 27
2447 0
2448 0
2449 160
2450 13
2451 37
2452 30
2453 13
2454 143
2455 133
2456 182
2457 172
2458 32
2459 136
2460 31
2461 14
2462 0
2463 16
2464 94
2465 711
2466 92
2467 0
2468 49
2469 47
2470 93
2471 80
2472 73
2473 20
2474 15
2475 0
2476 0
2477 32
2478 168
2479 17
2480 57
2481 81
2482 31
2483 59
2484 117
2485 151
2486 83
2487 246
2488 35
2489 67
2490 9
2491 0
2492 0
2493 0
2494 61
2495 152
2496 47
2497 75
2498 26
2499 118
2500 73
2501 33
2502 72
2503 324
2504 15
2505 0
2506 0
2507 10
2508 8
2509 64
2510 30
2511 32
2512 43
2513 96
2514 0
2515 0
2516 33
2517 0
2518 0
2519 5
2520 48
2521 26
2522 39
2523 99
2524 4
2525 0
2526 173
2527 67
2528 0
2529 30
2530 51
2531 37
2532 11
2533 0
2534 241
2535 284
2536 0
2537 96
2538 131
2539 34
2540 4
2541 17
2542 378
2543 88
2544 154
2545 312
2546 24
2547 15
2548 74
2549 0
2550 25
2551 17
2552 0
2553 189
2554 54
2555 2
2556 0
2557 18
2558 59
2559 65
2560 202
2561 135
2562 34
2563 91
2564 41
2565 39
2566 55
2567 34
2568 29
2569 18
2570 40
2571 25
2572 0
2573 74
2574 4
2575 142
2576 9
2577 4
2578 6
2579 6
2580 0
2581 0
2582 0
2583 0
2584 0
2585 0
2586 0
2587 0
2588 0
2589 0
2590 0
2591 0
2592 0
2593 0
2594 0
2595 0
2596 0
2597 0
2598 0
