0 401
1 8
2 42
3 14
4 126
5 244
6 11
7 20
8 13
9 28
10 107
11 362
12 61
13 261
14 631
15 256
16 468
17 88
18 52
19 1136
20 7
21 152
22 96
23 713
24 9
25 254
26 22
27 33
28 16
29 66
30 12
31 37
32 6
33 237
34 38
35 412
36 33
37 109
38 69
39 92
40 135
41 33
42 47
43 45
44 532
45 12
46 35
47 28
48 46
49 456
50 249
51 67
52 424
53 435
54 429
55 42
56 99
57 302
58 462
59 34
60 110
61 552
62 416
63 65
64 75
65 1090
66 104
67 378
68 175
69 18
70 77
71 85
72 23
73 15
74 439
75 698
76 37
77 325
78 744
79 726
80 69
81 9
82 298
83 153
84 48
85 23
86 299
87 1046
88 917
89 41
90 20
91 37
92 58
93 295
94 92
95 8
96 100
97 499
98 117
99 613
100 12
101 43
102 366
103 417
104 87
105 165
106 512
107 176
108 475
109 420
110 39
111 189
112 258
113 98
114 321
115 150
116 494
117 67
118 55
119 259
120 12
121 214
122 908
123 230
124 80
125 24
126 59
127 86
128 120
129 241
130 112
131 243
132 57
133 0
134 33
135 836
136 382
137 1827
138 123
139 127
140 625
141 614
142 114
143 93
144 15
145 41
146 499
147 118
148 642
149 406
150 161
151 0
152 11
153 211
154 136
155 243
156 110
157 182
158 1637
159 233
160 101
161 140
162 11
163 281
164 269
165 381
166 526
167 315
168 159
169 141
170 765
171 425
172 187
173 105
174 663
175 1245
176 830
177 83
178 226
179 13
180 742
181 77
182 1803
183 992
184 375
185 261
186 1412
187 1302
188 681
189 94
190 135
191 11
192 19
193 35
194 24
195 7
196 691
197 425
198 59
199 597
200 456
201 349
202 131
203 691
204 432
205 1050
206 1568
207 377
208 226
209 10
210 1122
211 37
212 148
213 370
214 0
215 853
216 50
217 226
218 277
219 1270
220 285
221 946
222 974
223 846
224 1480
225 809
226 720
227 124
228 4
229 147
230 25
231 15
232 0
233 73
234 0
235 131
236 0
237 18
238 440
239 1745
240 49
241 1724
242 1048
243 161
244 1139
245 264
246 418
247 21
248 274
249 194
250 166
251 48
252 85
253 0
254 44
255 147
256 2568
257 807
258 140
259 17
260 0
261 3
262 61
263 475
264 70
265 193
266 65
267 163
268 61
269 8
270 306
271 594
272 159
273 4
274 72
275 78
276 75
277 43
278 141
279 432
280 66
281 8
282 220
283 1686
284 42
285 47
286 165
287 153
288 139
289 79
290 1448
291 312
292 1898
293 691
294 26
295 399
296 539
297 207
298 265
299 151
300 322
301 281
302 408
303 338
304 1737
305 521
306 366
307 872
308 7
309 430
310 347
311 468
312 680
313 88
314 110
315 627
316 506
317 707
318 1386
319 49
320 246
321 291
322 68
323 119
324 11
325 27
326 134
327 66
328 20
329 9
330 74
331 340
332 115
333 737
334 952
335 856
336 92
337 371
338 1240
339 723
340 14
341 41
342 74
343 22
344 70
345 46
346 253
347 51
348 702
349 250
350 311
351 1381
352 260
353 43
354 4
355 19
356 24
357 381
358 8
359 368
360 448
361 1063
362 1551
363 41
364 0
365 10
366 144
367 243
368 518
369 560
370 242
371 174
372 127
373 219
374 118
375 135
376 301
377 16
378 84
379 362
380 396
381 14
382 354
383 26
384 278
385 545
386 7
387 22
388 450
389 570
390 906
391 604
392 1023
393 32
394 563
395 253
396 1093
397 340
398 3
399 750
400 45
401 317
402 191
403 190
404 520
405 454
406 1021
407 778
408 223
409 21
410 89
411 193
412 317
413 1277
414 892
415 49
416 166
417 324
418 52
419 232
420 93
421 41
422 609
423 561
424 737
425 319
426 272
427 98
428 447
429 30
430 1083
431 74
432 106
433 185
434 28
435 75
436 962
437 1383
438 1761
439 673
440 1038
441 850
442 413
443 1385
444 246
445 231
446 163
447 36
448 713
449 246
450 499
451 288
452 496
453 905
454 1016
455 142
456 613
457 1289
458 784
459 5
460 41
461 940
462 738
463 465
464 452
465 341
466 66
467 773
468 423
469 992
470 1210
471 1350
472 826
473 473
474 948
475 306
476 67
477 117
478 40
479 169
480 120
481 168
482 263
483 55
484 722
485 238
486 362
487 550
488 230
489 1063
490 303
491 191
492 977
493 1857
494 181
495 410
496 232
497 130
498 1129
499 344
500 338
501 300
502 260
503 109
504 54
505 335
506 547
507 80
508 66
509 1574
510 142
511 220
512 746
513 1154
514 509
515 733
516 407
517 302
518 24
519 237
520 1315
521 1082
522 27
523 183
524 241
525 26
526 20
527 95
528 423
529 108
530 67
531 114
532 923
533 906
534 101
535 766
536 725
537 123
538 104
539 558
540 90
541 172
542 83
543 722
544 771
545 36
546 382
547 2
548 579
549 32
550 287
551 81
552 767
553 799
554 1176
555 1023
556 187
557 108
558 344
559 544
560 165
561 430
562 190
563 18
564 15
565 17
566 0
567 134
568 74
569 25
570 123
571 554
572 340
573 215
574 78
575 594
576 162
577 262
578 323
579 192
580 79
581 24
582 66
583 247
584 476
585 409
586 340
587 113
588 742
589 1424
590 40
591 34
592 315
593 43
594 48
595 157
596 120
597 60
598 819
599 1172
600 785
601 1746
602 354
603 276
604 219
605 117
606 394
607 382
608 685
609 209
610 495
611 293
612 792
613 505
614 1243
615 841
616 737
617 24
618 67
619 38
620 141
621 14
622 267
623 140
624 168
625 984
626 440
627 1273
628 769
629 614
630 1029
631 122
632 273
633 173
634 307
635 189
636 488
637 30
638 242
639 553
640 78
641 482
642 436
643 1119
644 240
645 876
646 518
647 55
648 79
649 6
650 8
651 335
652 448
653 222
654 224
655 252
656 157
657 71
658 908
659 655
660 58
661 469
662 50
663 654
664 109
665 69
666 508
667 377
668 36
669 212
670 347
671 846
672 102
673 59
674 153
675 34
676 652
677 817
678 591
679 357
680 912
681 807
682 51
683 183
684 121
685 383
686 109
687 13
688 25
689 197
690 945
691 537
692 378
693 23
694 81
695 125
696 126
697 104
698 77
699 343
700 203
701 240
702 456
703 39
704 106
705 734
706 1093
707 434
708 35
709 520
710 36
711 3
712 84
713 71
714 0
715 51
716 389
717 1458
718 703
719 540
720 1321
721 310
722 176
723 18
724 246
725 132
726 303
727 209
728 216
729 545
730 311
731 759
732 106
733 312
734 397
735 154
736 494
737 379
738 898
739 950
740 353
741 240
742 22
743 165
744 695
745 17
746 16
747 3
748 566
749 223
750 1600
751 52
752 725
753 184
754 550
755 55
756 261
757 150
758 259
759 872
760 396
761 152
762 391
763 131
764 1041
765 323
766 385
767 325
768 17
769 170
770 1057
771 163
772 64
773 0
774 247
775 438
776 224
777 252
778 243
779 45
780 10
781 84
782 247
783 146
784 360
785 193
786 659
787 449
788 92
789 876
790 105
791 118
792 237
793 540
794 494
795 0
796 494
797 641
798 334
799 191
800 76
801 6
802 157
803 15
804 30
805 27
806 1069
807 433
808 255
809 697
810 399
811 100
812 323
813 348
814 86
815 36
816 0
817 0
818 172
819 728
820 813
821 830
822 337
823 496
824 135
825 344
826 152
827 653
828 420
829 211
830 175
831 302
832 417
833 550
834 563
835 245
836 331
837 161
838 145
839 58
840 12
841 79
842 66
843 0
844 222
845 359
846 392
847 630
848 368
849 123
850 565
851 22
852 513
853 103
854 60
855 345
856 109
857 633
858 587
859 105
860 108
861 251
862 547
863 143
864 208
865 338
866 110
867 286
868 87
869 92
870 157
871 51
872 16
873 56
874 3
875 9
876 90
877 929
878 342
879 282
880 1278
881 824
882 127
883 113
884 516
885 52
886 108
887 67
888 259
889 1544
890 109
891 112
892 341
893 147
894 128
895 265
896 153
897 323
898 106
899 56
900 0
901 15
902 111
903 1615
904 707
905 147
906 743
907 969
908 738
909 29
910 70
911 517
912 25
913 39
914 215
915 611
916 45
917 279
918 618
919 195
920 589
921 803
922 278
923 52
924 143
925 38
926 103
927 293
928 0
929 22
930 397
931 1199
932 397
933 1194
934 573
935 902
936 158
937 101
938 539
939 191
940 776
941 285
942 0
943 54
944 687
945 826
946 316
947 13
948 14
949 594
950 405
951 45
952 317
953 728
954 271
955 1151
956 1375
957 270
958 145
959 420
960 248
961 38
962 125
963 433
964 471
965 120
966 381
967 314
968 341
969 889
970 358
971 22
972 293
973 698
974 220
975 406
976 72
977 50
978 1586
979 238
980 1478
981 1455
982 261
983 140
984 912
985 764
986 216
987 65
988 1
989 7
990 59
991 154
992 182
993 1085
994 552
995 166
996 345
997 98
998 144
999 321
1000 131
1001 386
1002 641
1003 11
1004 3
1005 17
1006 7
1007 587
1008 1050
1009 6
1010 184
1011 99
1012 49
1013 0
1014 11
1015 15
1016 293
1017 818
1018 74
1019 709
1020 582
1021 948
1022 614
1023 250
1024 356
1025 99
1026 473
1027 1169
1028 227
1029 84
1030 92
1031 641
1032 31
1033 52
1034 208
1035 358
1036 187
1037 97
1038 961
1039 609
1040 867
1041 537
1042 29
1043 331
1044 114
1045 187
1046 444
1047 352
1048 462
1049 73
1050 84
1051 6
1052 18
1053 20
1054 39
1055 163
1056 225
1057 348
1058 538
1059 881
1060 830
1061 196
1062 0
1063 59
1064 0
1065 67
1066 49
1067 254
1068 62
1069 226
1070 226
1071 137
1072 802
1073 295
1074 581
1075 60
1076 87
1077 12
1078 356
1079 68
1080 699
1081 404
1082 150
1083 282
1084 246
1085 94
1086 7
1087 52
1088 17
1089 24
1090 672
1091 1059
1092 792
1093 1085
1094 563
1095 92
1096 190
1097 79
1098 252
1099 1205
1100 34
1101 80
1102 91
1103 196
1104 62
1105 115
1106 1185
1107 1186
1108 234
1109 23
1110 2268
1111 615
1112 58
1113 432
1114 772
1115 76
1116 11
1117 113
1118 131
1119 836
1120 744
1121 697
1122 81
1123 33
1124 195
1125 35
1126 258
1127 5
1128 294
1129 476
1130 18
1131 14
1132 3
1133 331
1134 210
1135 124
1136 1
1137 0
1138 12
1139 551
1140 2371
1141 1372
1142 564
1143 20
1144 73
1145 6
1146 133
1147 3
1148 46
1149 891
1150 1398
1151 107
1152 160
1153 199
1154 376
1155 1175
1156 748
1157 546
1158 159
1159 70
1160 146
1161 50
1162 311
1163 2
1164 26
1165 12
1166 222
1167 322
1168 746
1169 120
1170 798
1171 17
1172 10
1173 126
1174 35
1175 50
1176 521
1177 1177
1178 154
1179 933
1180 99
1181 651
1182 466
1183 865
1184 384
1185 749
1186 394
1187 287
1188 54
1189 22
1190 17
1191 392
1192 336
1193 22
1194 94
1195 35
1196 110
1197 28
1198 313
1199 335
1200 174
1201 31
1202 9
1203 975
1204 88
1205 31
1206 159
1207 29
1208 264
1209 146
1210 685
1211 609
1212 1449
1213 115
1214 397
1215 749
1216 331
1217 1453
1218 702
1219 116
1220 426
1221 236
1222 114
1223 324
1224 295
1225 82
1226 232
1227 92
1228 357
1229 632
1230 254
1231 29
1232 200
1233 368
1234 470
1235 1226
1236 244
1237 319
1238 480
1239 22
1240 156
1241 0
1242 54
1243 442
1244 23
1245 262
1246 168
1247 455
1248 1088
1249 1615
1250 112
1251 678
1252 1067
1253 1391
1254 2327
1255 361
1256 229
1257 119
1258 669
1259 74
1260 253
1261 90
1262 247
1263 297
1264 796
1265 565
1266 369
1267 114
1268 33
1269 26
1270 60
1271 154
1272 314
1273 307
1274 2042
1275 892
1276 82
1277 171
1278 172
1279 241
1280 28
1281 43
1282 16
1283 21
1284 18
1285 8
1286 483
1287 1054
1288 316
1289 841
1290 763
1291 727
1292 370
1293 439
1294 5939
1295 2126
1296 223
1297 69
1298 253
1299 760
1300 131
1301 5
1302 192
1303 391
1304 1126
1305 227
1306 147
1307 604
1308 473
1309 433
1310 107
1311 372
1312 9
1313 10
1314 23
1315 917
1316 881
1317 879
1318 1124
1319 1063
1320 1053
1321 1922
1322 1061
1323 149
1324 120
1325 320
1326 56
1327 115
1328 9
1329 238
1330 129
1331 286
1332 1189
1333 366
1334 106
1335 240
1336 238
1337 720
1338 581
1339 2044
1340 2744
1341 427
1342 190
1343 709
1344 861
1345 164
1346 131
1347 92
1348 72
1349 219
1350 1078
1351 86
1352 41
1353 920
1354 125
1355 566
1356 473
1357 148
1358 172
1359 566
1360 77
1361 11
1362 10
1363 407
1364 1375
1365 1667
1366 367
1367 502
1368 480
1369 1101
1370 801
1371 779
1372 7
1373 107
1374 14
1375 10
1376 48
1377 105
1378 280
1379 1121
1380 1235
1381 164
1382 188
1383 227
1384 514
1385 286
1386 812
1387 2047
1388 665
1389 95
1390 745
1391 615
1392 133
1393 127
1394 105
1395 332
1396 342
1397 252
1398 9
1399 111
1400 763
1401 504
1402 388
1403 522
1404 438
1405 155
1406 197
1407 596
1408 593
1409 626
1410 541
1411 236
1412 204
1413 0
1414 123
1415 56
1416 471
1417 698
1418 497
1419 1194
1420 546
1421 1338
1422 370
1423 28
1424 130
1425 22
1426 122
1427 552
1428 1581
1429 2176
1430 1281
1431 1705
1432 1282
1433 523
1434 585
1435 751
1436 552
1437 1259
1438 36
1439 8
1440 372
1441 370
1442 1896
1443 365
1444 355
1445 729
1446 1080
1447 229
1448 316
1449 160
1450 148
1451 1293
1452 222
1453 778
1454 448
1455 64
1456 342
1457 1378
1458 46
1459 1342
1460 420
1461 219
1462 137
1463 246
1464 8
1465 233
1466 369
1467 343
1468 91
1469 78
1470 34
1471 11
1472 90
1473 94
1474 71
1475 435
1476 1911
1477 3461
1478 1347
1479 1066
1480 1445
1481 1268
1482 267
1483 873
1484 642
1485 14
1486 196
1487 75
1488 607
1489 539
1490 2281
1491 533
1492 293
1493 565
1494 636
1495 172
1496 978
1497 1281
1498 180
1499 427
1500 806
1501 246
1502 333
1503 158
1504 577
1505 1014
1506 157
1507 342
1508 895
1509 185
1510 350
1511 49
1512 90
1513 189
1514 1401
1515 419
1516 278
1517 45
1518 2
1519 0
1520 26
1521 30
1522 78
1523 62
1524 540
1525 1996
1526 1399
1527 3896
1528 2950
1529 2023
1530 688
1531 31
1532 314
1533 1132
1534 97
1535 618
1536 395
1537 393
1538 710
1539 442
1540 39
1541 582
1542 154
1543 378
1544 2145
1545 1200
1546 1402
1547 683
1548 202
1549 487
1550 968
1551 264
1552 226
1553 394
1554 225
1555 253
1556 1215
1557 2237
1558 216
1559 255
1560 444
1561 1429
1562 887
1563 813
1564 21
1565 86
1566 370
1567 368
1568 1045
1569 26
1570 47
1571 184
1572 2809
1573 5627
1574 1877
1575 166
1576 1826
1577 851
1578 516
1579 1360
1580 1633
1581 548
1582 766
1583 514
1584 394
1585 86
1586 26
1587 323
1588 946
1589 106
1590 1893
1591 662
1592 470
1593 452
1594 506
1595 1542
1596 1068
1597 143
1598 66
1599 158
1600 1375
1601 497
1602 1435
1603 169
1604 110
1605 20
1606 67
1607 212
1608 4
1609 17
1610 23
1611 5
1612 407
1613 486
1614 292
1615 53
1616 681
1617 2486
1618 1938
1619 3465
1620 1526
1621 2491
1622 2100
1623 823
1624 559
1625 96
1626 1735
1627 880
1628 429
1629 968
1630 541
1631 478
1632 559
1633 476
1634 788
1635 265
1636 251
1637 397
1638 427
1639 500
1640 912
1641 184
1642 19
1643 50
1644 69
1645 1513
1646 2750
1647 541
1648 966
1649 457
1650 271
1651 1016
1652 2420
1653 96
1654 372
1655 1062
1656 1172
1657 313
1658 506
1659 760
1660 367
1661 537
1662 514
1663 136
1664 546
1665 822
1666 561
1667 1244
1668 1180
1669 15
1670 250
1671 245
1672 5
1673 55
1674 21
1675 46
1676 42
1677 2775
1678 1877
1679 1459
1680 1598
1681 596
1682 898
1683 871
1684 477
1685 1157
1686 754
1687 285
1688 416
1689 609
1690 274
1691 637
1692 180
1693 383
1694 633
1695 57
1696 298
1697 82
1698 154
1699 194
1700 93
1701 1318
1702 153
1703 426
1704 2
1705 14
1706 94
1707 361
1708 28
1709 486
1710 2645
1711 786
1712 493
1713 397
1714 383
1715 1146
1716 766
1717 530
1718 191
1719 328
1720 55
1721 391
1722 104
1723 83
1724 173
1725 128
1726 387
1727 263
1728 981
1729 764
1730 59
1731 115
1732 48
1733 350
1734 161
1735 39
1736 265
1737 569
1738 1019
1739 917
1740 632
1741 224
1742 810
1743 93
1744 401
1745 653
1746 324
1747 28
1748 51
1749 120
1750 202
1751 605
1752 876
1753 98
1754 54
1755 283
1756 163
1757 247
1758 350
1759 26
1760 19
1761 990
1762 265
1763 416
1764 426
1765 487
1766 297
1767 911
1768 542
1769 21
1770 118
1771 249
1772 502
1773 854
1774 407
1775 349
1776 353
1777 448
1778 894
1779 20
1780 128
1781 4
1782 497
1783 47
1784 180
1785 254
1786 43
1787 634
1788 308
1789 138
1790 445
1791 26
1792 642
1793 291
1794 68
1795 0
1796 122
1797 1092
1798 1067
1799 1970
1800 1641
1801 479
1802 570
1803 152
1804 379
1805 1488
1806 1512
1807 356
1808 410
1809 23
1810 533
1811 264
1812 199
1813 231
1814 157
1815 219
1816 121
1817 27
1818 238
1819 78
1820 479
1821 334
1822 215
1823 291
1824 1097
1825 367
1826 122
1827 362
1828 501
1829 903
1830 64
1831 675
1832 183
1833 706
1834 140
1835 874
1836 369
1837 93
1838 340
1839 146
1840 284
1841 265
1842 111
1843 340
1844 1063
1845 855
1846 262
1847 303
1848 741
1849 1258
1850 147
1851 92
1852 159
1853 522
1854 196
1855 590
1856 407
1857 133
1858 949
1859 1140
1860 306
1861 777
1862 772
1863 39
1864 313
1865 119
1866 367
1867 3089
1868 698
1869 375
1870 92
1871 446
1872 1390
1873 706
1874 231
1875 93
1876 111
1877 286
1878 409
1879 295
1880 42
1881 738
1882 1064
1883 1321
1884 750
1885 308
1886 136
1887 138
1888 26
1889 623
1890 673
1891 210
1892 462
1893 498
1894 1913
1895 1915
1896 794
1897 232
1898 206
1899 171
1900 928
1901 560
1902 96
1903 1221
1904 391
1905 585
1906 419
1907 594
1908 302
1909 388
1910 383
1911 552
1912 977
1913 520
1914 109
1915 45
1916 82
1917 624
1918 304
1919 696
1920 280
1921 521
1922 112
1923 528
1924 505
1925 519
1926 99
1927 93
1928 118
1929 164
1930 281
1931 553
1932 192
1933 58
1934 229
1935 579
1936 746
1937 102
1938 85
1939 181
1940 604
1941 542
1942 1433
1943 1222
1944 185
1945 216
1946 269
1947 42
1948 277
1949 230
1950 214
1951 691
1952 407
1953 708
1954 362
1955 1132
1956 162
1957 407
1958 563
1959 335
1960 233
1961 75
1962 14
1963 112
1964 1195
1965 1294
1966 139
1967 666
1968 1150
1969 476
1970 269
1971 481
1972 1080
1973 141
1974 270
1975 686
1976 256
1977 10
1978 55
1979 48
1980 581
1981 1140
1982 472
1983 124
1984 206
1985 1056
1986 507
1987 40
1988 74
1989 768
1990 409
1991 523
1992 406
1993 183
1994 475
1995 972
1996 1637
1997 560
1998 259
1999 641
2000 644
2001 34
2002 132
2003 341
2004 981
2005 484
2006 250
2007 392
2008 286
2009 407
2010 484
2011 588
2012 100
2013 108
2014 665
2015 526
2016 959
2017 1303
2018 124
2019 904
2020 313
2021 231
2022 210
2023 900
2024 1523
2025 43
2026 329
2027 333
2028 337
2029 185
2030 566
2031 843
2032 561
2033 192
2034 532
2035 847
2036 1160
2037 446
2038 363
2039 287
2040 187
2041 154
2042 212
2043 889
2044 149
2045 355
2046 325
2047 344
2048 988
2049 1173
2050 767
2051 758
2052 62
2053 111
2054 517
2055 1658
2056 264
2057 335
2058 298
2059 373
2060 353
2061 697
2062 487
2063 430
2064 129
2065 77
2066 816
2067 540
2068 36
2069 806
2070 242
2071 415
2072 926
2073 871
2074 381
2075 589
2076 904
2077 216
2078 12
2079 128
2080 595
2081 1017
2082 733
2083 551
2084 351
2085 240
2086 693
2087 449
2088 750
2089 623
2090 400
2091 316
2092 247
2093 271
2094 483
2095 1569
2096 432
2097 1715
2098 841
2099 459
2100 264
2101 102
2102 25
2103 1187
2104 1195
2105 569
2106 14
2107 21
2108 193
2109 153
2110 875
2111 568
2112 895
2113 492
2114 352
2115 561
2116 353
2117 368
2118 1025
2119 1117
2120 201
2121 249
2122 75
2123 99
2124 950
2125 116
2126 589
2127 593
2128 817
2129 265
2130 417
2131 1071
2132 1273
2133 161
2134 9
2135 110
2136 37
2137 620
2138 1218
2139 341
2140 88
2141 12
2142 16
2143 28
2144 810
2145 836
2146 300
2147 178
2148 1193
2149 508
2150 1348
2151 177
2152 856
2153 1019
2154 768
2155 252
2156 51
2157 79
2158 62
2159 374
2160 1018
2161 1053
2162 8
2163 38
2164 202
2165 854
2166 454
2167 309
2168 193
2169 513
2170 173
2171 88
2172 675
2173 427
2174 35
2175 284
2176 27
2177 479
2178 105
2179 207
2180 108
2181 299
2182 187
2183 334
2184 123
2185 0
2186 21
2187 542
2188 308
2189 208
2190 714
2191 533
2192 209
2193 778
2194 132
2195 39
2196 11
2197 128
2198 95
2199 336
2200 219
2201 408
2202 553
2203 792
2204 145
2205 837
2206 837
2207 212
2208 26
2209 337
2210 309
2211 707
2212 1269
2213 1044
2214 164
2215 252
2216 40
2217 86
2218 48
2219 108
2220 430
2221 17
2222 25
2223 194
2224 563
2225 119
2226 84
2227 832
2228 713
2229 591
2230 734
2231 89
2232 284
2233 387
2234 17
2235 99
2236 34
2237 309
2238 92
2239 18
2240 3
2241 77
2242 30
2243 976
2244 471
2245 76
2246 168
2247 692
2248 1272
2249 155
2250 1009
2251 465
2252 115
2253 352
2254 1064
2255 510
2256 692
2257 178
2258 32
2259 109
2260 720
2261 136
2262 49
2263 24
2264 30
2265 265
2266 1342
2267 971
2268 869
2269 1151
2270 1192
2271 608
2272 34
2273 130
2274 1486
2275 1037
2276 477
2277 1095
2278 309
2279 66
2280 56
2281 862
2282 1197
2283 126
2284 0
2285 113
2286 660
2287 139
2288 235
2289 234
2290 969
2291 1380
2292 113
2293 30
2294 1097
2295 936
2296 243
2297 437
2298 290
2299 32
2300 468
2301 737
2302 352
2303 12
2304 228
2305 53
2306 151
2307 385
2308 1077
2309 358
2310 340
2311 322
2312 245
2313 242
2314 483
2315 267
2316 1291
2317 407
2318 15
2319 163
2320 945
2321 550
2322 457
2323 0
2324 8
2325 120
2326 1073
2327 1634
2328 316
2329 73
2330 119
2331 47
2332 222
2333 198
2334 1620
2335 1998
2336 241
2337 57
2338 250
2339 549
2340 504
2341 150
2342 7
2343 0
2344 360
2345 744
2346 389
2347 625
2348 74
2349 359
2350 459
2351 761
2352 645
2353 1072
2354 646
2355 159
2356 488
2357 190
2358 57
2359 6
2360 28
2361 9
2362 30
2363 1051
2364 949
2365 141
2366 750
2367 604
2368 153
2369 414
2370 708
2371 462
2372 386
2373 273
2374 37
2375 511
2376 812
2377 20
2378 13
2379 97
2380 177
2381 44
2382 1002
2383 551
2384 346
2385 1269
2386 351
2387 959
2388 1545
2389 884
2390 618
2391 1056
2392 133
2393 155
2394 1017
2395 379
2396 121
2397 16
2398 893
2399 28
2400 84
2401 543
2402 2072
2403 163
2404 278
2405 743
2406 972
2407 701
2408 328
2409 522
2410 326
2411 801
2412 514
2413 116
2414 5
2415 252
2416 74
2417 132
2418 38
2419 602
2420 1024
2421 914
2422 1857
2423 271
2424 462
2425 627
2426 783
2427 955
2428 1230
2429 266
2430 13
2431 271
2432 673
2433 4
2434 91
2435 353
2436 367
2437 191
2438 1244
2439 144
2440 415
2441 1002
2442 978
2443 435
2444 478
2445 492
2446 64
2447 4
2448 10
2449 487
2450 30
2451 110
2452 67
2453 42
2454 361
2455 315
2456 550
2457 499
2458 93
2459 330
2460 71
2461 37
2462 0
2463 47
2464 314
2465 1921
2466 270
2467 5
2468 143
2469 152
2470 349
2471 210
2472 185
2473 62
2474 20
2475 13
2476 0
2477 85
2478 431
2479 37
2480 165
2481 241
2482 81
2483 216
2484 327
2485 482
2486 230
2487 667
2488 138
2489 168
2490 32
2491 12
2492 2
2493 11
2494 209
2495 384
2496 136
2497 270
2498 53
2499 294
2500 190
2501 144
2502 193
2503 869
2504 48
2505 11
2506 54
2507 17
2508 25
2509 166
2510 94
2511 129
2512 125
2513 260
2514 0
2515 0
2516 80
2517 4
2518 0
2519 21
2520 130
2521 58
2522 126
2523 322
2524 11
2525 6
2526 477
2527 211
2528 7
2529 85
2530 132
2531 62
2532 17
2533 22
2534 710
2535 907
2536 143
2537 253
2538 343
2539 80
2540 6
2541 62
2542 936
2543 291
2544 367
2545 862
2546 79
2547 40
2548 259
2549 120
2550 82
2551 54
2552 301
2553 576
2554 198
2555 8
2556 7
2557 59
2558 152
2559 155
2560 473
2561 409
2562 115
2563 342
2564 95
2565 100
2566 182
2567 91
2568 93
2569 47
2570 88
2571 84
2572 0
2573 161
2574 9
2575 379
2576 20
2577 35
2578 32
2579 17
2580 0
2581 0
2582 0
2583 0
2584 0
2585 0
2586 0
2587 0
2588 0
2589 0
2590 0
2591 0
2592 0
2593 0
2594 0
2595 0
2596 0
2597 0
2598 2
