0 549
1 9
2 48
3 22
4 138
5 316
6 18
7 23
8 8
9 33
10 142
11 433
12 80
13 322
14 806
15 311
16 513
17 95
18 67
19 1309
20 9
21 169
22 77
23 857
24 5
25 318
26 37
27 29
28 23
29 109
30 11
31 53
32 9
33 287
34 54
35 466
36 51
37 120
38 74
39 90
40 174
41 38
42 64
43 57
44 663
45 12
46 46
47 19
48 57
49 548
50 271
51 77
52 518
53 524
54 452
55 34
56 108
57 371
58 518
59 49
60 132
61 644
62 541
63 59
64 80
65 1236
66 146
67 502
68 233
69 23
70 95
71 115
72 21
73 20
74 517
75 869
76 27
77 373
78 880
79 859
80 75
81 25
82 367
83 195
84 70
85 26
86 385
87 1288
88 1092
89 37
90 28
91 29
92 79
93 395
94 113
95 5
96 106
97 599
98 138
99 698
100 9
101 50
102 430
103 508
104 93
105 220
106 646
107 183
108 579
109 524
110 36
111 239
112 284
113 107
114 393
115 177
116 629
117 124
118 70
119 320
120 15
121 267
122 1043
123 308
124 117
125 28
126 82
127 93
128 144
129 270
130 134
131 307
132 86
133 4
134 38
135 955
136 504
137 2171
138 149
139 156
140 854
141 676
142 130
143 133
144 18
145 37
146 592
147 137
148 757
149 454
150 174
151 0
152 14
153 227
154 166
155 280
156 114
157 213
158 2049
159 303
160 121
161 167
162 15
163 360
164 326
165 484
166 708
167 370
168 207
169 159
170 945
171 506
172 187
173 126
174 793
175 1531
176 981
177 111
178 287
179 13
180 942
181 85
182 2289
183 1093
184 451
185 384
186 1659
187 1515
188 868
189 125
190 161
191 7
192 12
193 29
194 23
195 9
196 840
197 483
198 72
199 674
200 523
201 501
202 200
203 873
204 542
205 1168
206 1876
207 443
208 264
209 13
210 1330
211 46
212 182
213 421
214 5
215 979
216 58
217 263
218 305
219 1568
220 311
221 1162
222 1108
223 976
224 1740
225 953
226 861
227 141
228 16
229 152
230 35
231 24
232 0
233 98
234 0
235 192
236 2
237 22
238 510
239 2039
240 67
241 2026
242 1154
243 171
244 1298
245 284
246 522
247 19
248 334
249 259
250 162
251 50
252 117
253 1
254 49
255 226
256 3001
257 997
258 174
259 29
260 6
261 3
262 65
263 519
264 71
265 182
266 71
267 180
268 80
269 14
270 317
271 695
272 209
273 0
274 106
275 71
276 100
277 58
278 165
279 544
280 75
281 17
282 253
283 1980
284 66
285 60
286 203
287 155
288 199
289 101
290 1648
291 354
292 2402
293 847
294 30
295 434
296 680
297 252
298 357
299 151
300 404
301 350
302 481
303 406
304 2005
305 626
306 459
307 965
308 11
309 513
310 425
311 577
312 714
313 112
314 105
315 756
316 589
317 877
318 1686
319 74
320 281
321 396
322 107
323 169
324 8
325 35
326 138
327 60
328 26
329 14
330 80
331 435
332 113
333 935
334 1111
335 938
336 111
337 374
338 1408
339 897
340 8
341 59
342 71
343 27
344 96
345 36
346 300
347 58
348 793
349 255
350 428
351 1644
352 311
353 53
354 10
355 36
356 49
357 473
358 10
359 494
360 572
361 1342
362 1860
363 56
364 3
365 8
366 143
367 280
368 627
369 676
370 270
371 167
372 179
373 273
374 150
375 150
376 405
377 26
378 99
379 417
380 435
381 14
382 402
383 18
384 387
385 630
386 7
387 17
388 499
389 698
390 1138
391 735
392 1200
393 38
394 725
395 288
396 1272
397 461
398 3
399 805
400 40
401 364
402 215
403 218
404 665
405 555
406 1117
407 880
408 264
409 33
410 104
411 228
412 405
413 1690
414 1056
415 65
416 197
417 422
418 62
419 273
420 134
421 74
422 705
423 642
424 915
425 401
426 291
427 115
428 556
429 33
430 1352
431 67
432 131
433 252
434 31
435 66
436 1158
437 1686
438 2170
439 804
440 1312
441 1081
442 475
443 1735
444 272
445 270
446 210
447 54
448 848
449 299
450 574
451 386
452 614
453 996
454 1262
455 206
456 721
457 1534
458 865
459 11
460 55
461 1127
462 836
463 514
464 552
465 401
466 86
467 809
468 557
469 1159
470 1434
471 1541
472 932
473 550
474 1083
475 358
476 95
477 138
478 44
479 215
480 145
481 229
482 327
483 71
484 800
485 294
486 460
487 646
488 287
489 1235
490 306
491 215
492 1270
493 2225
494 181
495 477
496 270
497 142
498 1342
499 403
500 427
501 377
502 306
503 147
504 51
505 389
506 637
507 119
508 69
509 1853
510 125
511 236
512 881
513 1405
514 592
515 862
516 462
517 347
518 17
519 326
520 1570
521 1311
522 47
523 229
524 304
525 36
526 29
527 138
528 523
529 131
530 90
531 178
532 1076
533 1073
534 143
535 906
536 947
537 130
538 141
539 748
540 109
541 217
542 108
543 889
544 880
545 54
546 506
547 3
548 667
549 36
550 330
551 90
552 928
553 903
554 1321
555 1284
556 249
557 144
558 347
559 660
560 201
561 539
562 202
563 32
564 21
565 11
566 0
567 160
568 78
569 29
570 161
571 624
572 417
573 279
574 102
575 767
576 200
577 336
578 384
579 240
580 118
581 42
582 43
583 350
584 522
585 515
586 418
587 135
588 800
589 1728
590 38
591 34
592 360
593 53
594 67
595 160
596 147
597 93
598 939
599 1342
600 973
601 2078
602 417
603 327
604 211
605 133
606 449
607 484
608 859
609 220
610 588
611 340
612 1007
613 605
614 1535
615 1013
616 902
617 15
618 100
619 45
620 139
621 15
622 345
623 167
624 180
625 1222
626 532
627 1497
628 970
629 764
630 1288
631 173
632 291
633 228
634 336
635 213
636 590
637 40
638 287
639 631
640 86
641 552
642 538
643 1406
644 279
645 1104
646 567
647 69
648 76
649 12
650 4
651 376
652 498
653 312
654 258
655 325
656 201
657 87
658 1066
659 753
660 78
661 521
662 77
663 739
664 171
665 60
666 596
667 433
668 41
669 269
670 407
671 1045
672 124
673 75
674 146
675 39
676 746
677 1000
678 739
679 463
680 1143
681 973
682 45
683 250
684 140
685 405
686 114
687 13
688 25
689 270
690 1162
691 757
692 422
693 22
694 138
695 202
696 179
697 125
698 86
699 397
700 273
701 305
702 496
703 50
704 123
705 895
706 1234
707 557
708 45
709 586
710 35
711 7
712 108
713 85
714 1
715 98
716 436
717 1762
718 791
719 676
720 1630
721 365
722 172
723 21
724 284
725 174
726 384
727 268
728 252
729 621
730 405
731 843
732 160
733 365
734 471
735 214
736 563
737 425
738 1054
739 1168
740 407
741 280
742 29
743 203
744 859
745 31
746 14
747 10
748 684
749 297
750 1826
751 85
752 842
753 232
754 693
755 53
756 299
757 165
758 280
759 1026
760 547
761 160
762 398
763 172
764 1297
765 401
766 422
767 405
768 24
769 229
770 1345
771 190
772 83
773 0
774 294
775 543
776 329
777 295
778 276
779 35
780 9
781 103
782 306
783 169
784 434
785 202
786 790
787 532
788 122
789 1046
790 117
791 132
792 261
793 615
794 567
795 0
796 626
797 763
798 371
799 196
800 129
801 5
802 205
803 12
804 39
805 45
806 1290
807 492
808 277
809 869
810 461
811 114
812 365
813 377
814 119
815 44
816 0
817 0
818 212
819 972
820 972
821 1023
822 406
823 597
824 118
825 400
826 179
827 769
828 491
829 260
830 219
831 362
832 508
833 621
834 661
835 311
836 417
837 175
838 154
839 81
840 10
841 61
842 77
843 0
844 291
845 459
846 454
847 732
848 441
849 134
850 663
851 24
852 594
853 135
854 52
855 395
856 147
857 803
858 694
859 133
860 143
861 306
862 698
863 182
864 281
865 389
866 118
867 369
868 114
869 98
870 183
871 58
872 23
873 65
874 0
875 4
876 90
877 1227
878 476
879 352
880 1550
881 1027
882 153
883 112
884 528
885 48
886 118
887 105
888 370
889 1770
890 166
891 178
892 402
893 148
894 141
895 280
896 204
897 422
898 137
899 79
900 0
901 13
902 150
903 1961
904 832
905 171
906 856
907 1127
908 870
909 38
910 83
911 648
912 27
913 50
914 260
915 691
916 51
917 289
918 708
919 203
920 726
921 850
922 306
923 58
924 160
925 42
926 162
927 351
928 0
929 32
930 469
931 1443
932 498
933 1490
934 689
935 1097
936 166
937 115
938 624
939 251
940 913
941 365
942 0
943 72
944 792
945 1052
946 330
947 28
948 12
949 720
950 455
951 37
952 358
953 881
954 384
955 1499
956 1582
957 354
958 199
959 529
960 311
961 52
962 167
963 505
964 573
965 133
966 440
967 324
968 408
969 1017
970 441
971 14
972 352
973 849
974 260
975 480
976 77
977 48
978 1845
979 278
980 1628
981 1711
982 330
983 176
984 1102
985 897
986 258
987 93
988 0
989 17
990 56
991 167
992 173
993 1250
994 669
995 209
996 403
997 125
998 199
999 379
1000 171
1001 478
1002 795
1003 8
1004 7
1005 25
1006 12
1007 682
1008 1273
1009 5
1010 201
1011 112
1012 77
1013 0
1014 5
1015 17
1016 330
1017 968
1018 87
1019 878
1020 705
1021 1193
1022 738
1023 291
1024 485
1025 137
1026 557
1027 1478
1028 280
1029 92
1030 102
1031 778
1032 25
1033 64
1034 221
1035 423
1036 224
1037 97
1038 1136
1039 713
1040 1058
1041 576
1042 48
1043 335
1044 175
1045 238
1046 566
1047 392
1048 551
1049 91
1050 86
1051 6
1052 25
1053 20
1054 50
1055 201
1056 223
1057 429
1058 668
1059 1084
1060 1023
1061 240
1062 2
1063 72
1064 0
1065 80
1066 41
1067 271
1068 95
1069 264
1070 260
1071 138
1072 944
1073 353
1074 755
1075 64
1076 133
1077 11
1078 373
1079 77
1080 783
1081 471
1082 185
1083 378
1084 319
1085 118
1086 11
1087 82
1088 15
1089 40
1090 788
1091 1242
1092 935
1093 1400
1094 641
1095 95
1096 203
1097 84
1098 267
1099 1427
1100 38
1101 115
1102 126
1103 226
1104 81
1105 113
1106 1399
1107 1476
1108 281
1109 25
1110 2869
1111 668
1112 85
1113 488
1114 935
1115 105
1116 24
1117 137
1118 126
1119 995
1120 943
1121 826
1122 110
1123 44
1124 220
1125 38
1126 277
1127 11
1128 370
1129 569
1130 32
1131 28
1132 6
1133 414
1134 242
1135 146
1136 0
1137 0
1138 15
1139 662
1140 2834
1141 1709
1142 623
1143 18
1144 88
1145 8
1146 188
1147 6
1148 64
1149 1088
1150 1695
1151 146
1152 162
1153 259
1154 393
1155 1364
1156 892
1157 639
1158 188
1159 80
1160 171
1161 65
1162 349
1163 2
1164 25
1165 10
1166 259
1167 429
1168 938
1169 155
1170 958
1171 16
1172 14
1173 165
1174 34
1175 68
1176 612
1177 1375
1178 165
1179 1158
1180 97
1181 792
1182 562
1183 1057
1184 404
1185 863
1186 511
1187 318
1188 60
1189 24
1190 24
1191 443
1192 421
1193 33
1194 123
1195 42
1196 119
1197 38
1198 381
1199 353
1200 226
1201 29
1202 15
1203 1151
1204 108
1205 35
1206 199
1207 41
1208 312
1209 199
1210 783
1211 733
1212 1655
1213 127
1214 443
1215 927
1216 421
1217 1723
1218 839
1219 178
1220 530
1221 343
1222 140
1223 432
1224 341
1225 107
1226 290
1227 91
1228 417
1229 740
1230 243
1231 47
1232 217
1233 434
1234 492
1235 1442
1236 313
1237 306
1238 560
1239 24
1240 189
1241 6
1242 64
1243 560
1244 23
1245 274
1246 187
1247 563
1248 1304
1249 1981
1250 132
1251 853
1252 1358
1253 1831
1254 2826
1255 393
1256 349
1257 115
1258 847
1259 85
1260 299
1261 107
1262 324
1263 380
1264 875
1265 633
1266 431
1267 148
1268 50
1269 38
1270 71
1271 192
1272 366
1273 336
1274 2401
1275 1102
1276 91
1277 204
1278 204
1279 280
1280 38
1281 49
1282 26
1283 24
1284 18
1285 6
1286 590
1287 1211
1288 352
1289 929
1290 873
1291 955
1292 436
1293 519
1294 7134
1295 2548
1296 285
1297 73
1298 314
1299 866
1300 142
1301 8
1302 236
1303 473
1304 1314
1305 280
1306 154
1307 843
1308 616
1309 529
1310 125
1311 425
1312 13
1313 14
1314 21
1315 1207
1316 1036
1317 1107
1318 1401
1319 1284
1320 1274
1321 2181
1322 1225
1323 182
1324 167
1325 384
1326 86
1327 142
1328 6
1329 264
1330 146
1331 347
1332 1463
1333 406
1334 108
1335 356
1336 301
1337 840
1338 680
1339 2574
1340 3255
1341 495
1342 205
1343 875
1344 1043
1345 184
1346 147
1347 96
1348 75
1349 287
1350 1284
1351 111
1352 58
1353 1170
1354 119
1355 673
1356 569
1357 173
1358 207
1359 690
1360 99
1361 20
1362 26
1363 469
1364 1681
1365 2023
1366 475
1367 600
1368 605
1369 1345
1370 947
1371 951
1372 11
1373 131
1374 23
1375 19
1376 63
1377 107
1378 354
1379 1385
1380 1455
1381 197
1382 251
1383 267
1384 619
1385 321
1386 895
1387 2538
1388 756
1389 120
1390 830
1391 734
1392 147
1393 191
1394 100
1395 395
1396 430
1397 303
1398 8
1399 137
1400 953
1401 590
1402 451
1403 631
1404 524
1405 205
1406 248
1407 737
1408 717
1409 789
1410 690
1411 286
1412 248
1413 0
1414 148
1415 67
1416 630
1417 864
1418 561
1419 1400
1420 660
1421 1683
1422 431
1423 31
1424 172
1425 30
1426 158
1427 644
1428 1853
1429 2614
1430 1503
1431 1982
1432 1446
1433 657
1434 689
1435 913
1436 635
1437 1496
1438 26
1439 13
1440 425
1441 395
1442 2450
1443 456
1444 400
1445 971
1446 1238
1447 258
1448 379
1449 222
1450 192
1451 1562
1452 264
1453 896
1454 561
1455 68
1456 422
1457 1609
1458 61
1459 1561
1460 483
1461 259
1462 150
1463 285
1464 15
1465 263
1466 429
1467 418
1468 119
1469 97
1470 45
1471 8
1472 89
1473 89
1474 74
1475 507
1476 2267
1477 4155
1478 1676
1479 1253
1480 1709
1481 1367
1482 288
1483 1012
1484 727
1485 12
1486 197
1487 101
1488 738
1489 606
1490 2741
1491 647
1492 323
1493 699
1494 782
1495 164
1496 1250
1497 1538
1498 199
1499 537
1500 920
1501 268
1502 401
1503 172
1504 669
1505 1254
1506 170
1507 425
1508 1064
1509 239
1510 445
1511 63
1512 102
1513 230
1514 1588
1515 544
1516 301
1517 46
1518 3
1519 0
1520 18
1521 66
1522 74
1523 67
1524 646
1525 2367
1526 1705
1527 4724
1528 3487
1529 2349
1530 835
1531 40
1532 363
1533 1346
1534 119
1535 755
1536 468
1537 472
1538 859
1539 498
1540 52
1541 688
1542 147
1543 507
1544 2494
1545 1415
1546 1677
1547 790
1548 275
1549 559
1550 1140
1551 295
1552 280
1553 484
1554 295
1555 313
1556 1403
1557 2661
1558 240
1559 310
1560 551
1561 1666
1562 1076
1563 912
1564 32
1565 68
1566 442
1567 478
1568 1231
1569 28
1570 56
1571 249
1572 3463
1573 6819
1574 2301
1575 222
1576 2328
1577 1090
1578 678
1579 1477
1580 1828
1581 696
1582 890
1583 688
1584 454
1585 132
1586 21
1587 340
1588 1137
1589 131
1590 2291
1591 800
1592 570
1593 547
1594 560
1595 1867
1596 1269
1597 177
1598 64
1599 179
1600 1657
1601 569
1602 1688
1603 223
1604 179
1605 18
1606 92
1607 296
1608 9
1609 19
1610 28
1611 18
1612 465
1613 635
1614 359
1615 61
1616 779
1617 3001
1618 2260
1619 4001
1620 1851
1621 3049
1622 2506
1623 1033
1624 664
1625 108
1626 1942
1627 1001
1628 496
1629 1092
1630 628
1631 584
1632 672
1633 539
1634 1003
1635 315
1636 280
1637 471
1638 534
1639 668
1640 1028
1641 246
1642 31
1643 53
1644 97
1645 1914
1646 3322
1647 657
1648 1140
1649 528
1650 355
1651 1139
1652 2913
1653 112
1654 430
1655 1252
1656 1386
1657 413
1658 578
1659 892
1660 425
1661 602
1662 542
1663 182
1664 601
1665 955
1666 689
1667 1511
1668 1362
1669 26
1670 317
1671 340
1672 13
1673 89
1674 18
1675 44
1676 43
1677 3326
1678 2160
1679 1750
1680 1913
1681 712
1682 1121
1683 1105
1684 581
1685 1316
1686 862
1687 317
1688 519
1689 743
1690 304
1691 797
1692 221
1693 461
1694 771
1695 61
1696 343
1697 95
1698 205
1699 212
1700 100
1701 1611
1702 195
1703 518
1704 7
1705 28
1706 142
1707 421
1708 26
1709 579
1710 3083
1711 876
1712 600
1713 434
1714 456
1715 1351
1716 944
1717 667
1718 206
1719 410
1720 77
1721 475
1722 128
1723 113
1724 222
1725 136
1726 443
1727 335
1728 1106
1729 908
1730 76
1731 125
1732 48
1733 403
1734 200
1735 47
1736 310
1737 691
1738 1234
1739 1058
1740 788
1741 264
1742 992
1743 139
1744 487
1745 764
1746 390
1747 33
1748 79
1749 142
1750 279
1751 679
1752 1070
1753 118
1754 73
1755 367
1756 207
1757 283
1758 436
1759 23
1760 24
1761 1097
1762 351
1763 523
1764 542
1765 524
1766 332
1767 1144
1768 646
1769 22
1770 120
1771 312
1772 569
1773 1043
1774 534
1775 385
1776 393
1777 569
1778 1048
1779 23
1780 163
1781 9
1782 581
1783 40
1784 193
1785 320
1786 45
1787 753
1788 432
1789 187
1790 520
1791 33
1792 805
1793 344
1794 75
1795 0
1796 144
1797 1291
1798 1234
1799 2342
1800 1957
1801 593
1802 720
1803 208
1804 416
1805 1797
1806 1794
1807 394
1808 538
1809 31
1810 672
1811 303
1812 255
1813 248
1814 195
1815 226
1816 178
1817 29
1818 316
1819 86
1820 549
1821 367
1822 254
1823 365
1824 1412
1825 488
1826 137
1827 428
1828 599
1829 1062
1830 80
1831 838
1832 235
1833 848
1834 164
1835 1061
1836 478
1837 89
1838 398
1839 184
1840 342
1841 298
1842 129
1843 428
1844 1421
1845 1010
1846 303
1847 380
1848 894
1849 1518
1850 193
1851 140
1852 153
1853 627
1854 248
1855 759
1856 459
1857 170
1858 1158
1859 1386
1860 361
1861 877
1862 954
1863 40
1864 373
1865 143
1866 420
1867 3650
1868 824
1869 464
1870 124
1871 495
1872 1666
1873 864
1874 281
1875 109
1876 105
1877 403
1878 474
1879 323
1880 38
1881 854
1882 1401
1883 1628
1884 850
1885 392
1886 152
1887 160
1888 32
1889 700
1890 816
1891 253
1892 496
1893 573
1894 2322
1895 2334
1896 985
1897 265
1898 239
1899 190
1900 966
1901 709
1902 124
1903 1445
1904 520
1905 698
1906 451
1907 671
1908 403
1909 422
1910 462
1911 641
1912 1277
1913 622
1914 145
1915 53
1916 75
1917 706
1918 352
1919 803
1920 317
1921 591
1922 144
1923 641
1924 620
1925 683
1926 129
1927 144
1928 149
1929 189
1930 343
1931 593
1932 211
1933 87
1934 277
1935 719
1936 847
1937 128
1938 101
1939 201
1940 733
1941 659
1942 1731
1943 1360
1944 237
1945 284
1946 334
1947 49
1948 298
1949 265
1950 240
1951 861
1952 469
1953 903
1954 478
1955 1232
1956 215
1957 515
1958 681
1959 415
1960 242
1961 87
1962 13
1963 144
1964 1457
1965 1520
1966 138
1967 813
1968 1447
1969 644
1970 314
1971 640
1972 1283
1973 191
1974 358
1975 787
1976 334
1977 1
1978 75
1979 67
1980 786
1981 1359
1982 538
1983 138
1984 265
1985 1238
1986 571
1987 61
1988 87
1989 912
1990 474
1991 544
1992 478
1993 218
1994 567
1995 1244
1996 1916
1997 697
1998 345
1999 814
2000 848
2001 44
2002 145
2003 416
2004 1246
2005 599
2006 292
2007 439
2008 361
2009 495
2010 563
2011 662
2012 173
2013 129
2014 821
2015 617
2016 1197
2017 1511
2018 118
2019 1070
2020 400
2021 326
2022 225
2023 1099
2024 1758
2025 42
2026 406
2027 378
2028 411
2029 208
2030 711
2031 987
2032 670
2033 227
2034 674
2035 970
2036 1458
2037 505
2038 430
2039 361
2040 256
2041 178
2042 287
2043 988
2044 189
2045 445
2046 392
2047 409
2048 1153
2049 1471
2050 879
2051 896
2052 81
2053 110
2054 598
2055 1976
2056 293
2057 352
2058 379
2059 427
2060 424
2061 866
2062 592
2063 494
2064 151
2065 103
2066 900
2067 622
2068 48
2069 951
2070 266
2071 503
2072 1200
2073 974
2074 549
2075 706
2076 1092
2077 258
2078 17
2079 152
2080 727
2081 1269
2082 970
2083 651
2084 442
2085 326
2086 785
2087 544
2088 859
2089 683
2090 497
2091 328
2092 290
2093 340
2094 550
2095 1894
2096 543
2097 2142
2098 1046
2099 619
2100 263
2101 143
2102 33
2103 1487
2104 1393
2105 620
2106 26
2107 29
2108 203
2109 167
2110 1079
2111 698
2112 1067
2113 605
2114 361
2115 750
2116 472
2117 400
2118 1317
2119 1370
2120 233
2121 279
2122 92
2123 114
2124 1128
2125 146
2126 707
2127 726
2128 1067
2129 337
2130 501
2131 1177
2132 1405
2133 165
2134 12
2135 136
2136 38
2137 758
2138 1398
2139 396
2140 138
2141 22
2142 27
2143 37
2144 949
2145 1061
2146 443
2147 187
2148 1428
2149 633
2150 1549
2151 231
2152 1001
2153 1151
2154 895
2155 295
2156 67
2157 95
2158 75
2159 477
2160 1205
2161 1280
2162 9
2163 40
2164 240
2165 996
2166 513
2167 373
2168 256
2169 605
2170 227
2171 108
2172 816
2173 535
2174 36
2175 298
2176 37
2177 591
2178 105
2179 257
2180 115
2181 337
2182 261
2183 423
2184 144
2185 2
2186 10
2187 630
2188 341
2189 247
2190 826
2191 669
2192 250
2193 921
2194 145
2195 47
2196 15
2197 161
2198 76
2199 420
2200 260
2201 505
2202 647
2203 958
2204 175
2205 962
2206 911
2207 240
2208 46
2209 445
2210 401
2211 819
2212 1584
2213 1287
2214 194
2215 306
2216 59
2217 129
2218 60
2219 119
2220 487
2221 23
2222 27
2223 268
2224 661
2225 155
2226 103
2227 937
2228 769
2229 725
2230 889
2231 95
2232 337
2233 450
2234 34
2235 105
2236 44
2237 342
2238 127
2239 25
2240 1
2241 80
2242 43
2243 1120
2244 547
2245 118
2246 241
2247 908
2248 1522
2249 222
2250 1226
2251 586
2252 128
2253 395
2254 1280
2255 604
2256 787
2257 206
2258 36
2259 124
2260 791
2261 137
2262 66
2263 28
2264 34
2265 291
2266 1542
2267 1187
2268 1028
2269 1408
2270 1408
2271 805
2272 36
2273 185
2274 1732
2275 1165
2276 568
2277 1261
2278 370
2279 98
2280 70
2281 1092
2282 1386
2283 150
2284 0
2285 107
2286 795
2287 174
2288 286
2289 263
2290 1268
2291 1671
2292 157
2293 30
2294 1256
2295 1101
2296 307
2297 571
2298 341
2299 46
2300 554
2301 922
2302 420
2303 11
2304 255
2305 77
2306 192
2307 457
2308 1332
2309 453
2310 375
2311 368
2312 317
2313 278
2314 565
2315 322
2316 1490
2317 567
2318 7
2319 204
2320 1096
2321 639
2322 588
2323 0
2324 4
2325 139
2326 1243
2327 2077
2328 395
2329 79
2330 130
2331 53
2332 264
2333 263
2334 1968
2335 2458
2336 289
2337 69
2338 289
2339 677
2340 617
2341 161
2342 8
2343 0
2344 477
2345 874
2346 453
2347 670
2348 100
2349 437
2350 608
2351 984
2352 835
2353 1361
2354 782
2355 182
2356 544
2357 227
2358 74
2359 4
2360 28
2361 21
2362 32
2363 1255
2364 1074
2365 147
2366 905
2367 741
2368 191
2369 526
2370 876
2371 574
2372 514
2373 305
2374 40
2375 624
2376 912
2377 23
2378 10
2379 101
2380 192
2381 61
2382 1127
2383 586
2384 453
2385 1571
2386 403
2387 1165
2388 1885
2389 1093
2390 715
2391 1308
2392 166
2393 177
2394 1181
2395 415
2396 150
2397 27
2398 1011
2399 25
2400 114
2401 665
2402 2543
2403 182
2404 325
2405 845
2406 1147
2407 782
2408 448
2409 657
2410 385
2411 913
2412 617
2413 133
2414 5
2415 280
2416 93
2417 179
2418 38
2419 686
2420 1266
2421 1036
2422 2293
2423 302
2424 567
2425 733
2426 976
2427 1168
2428 1504
2429 294
2430 21
2431 309
2432 791
2433 6
2434 157
2435 355
2436 454
2437 245
2438 1473
2439 163
2440 539
2441 1168
2442 1180
2443 503
2444 572
2445 604
2446 87
2447 11
2448 12
2449 540
2450 61
2451 167
2452 82
2453 49
2454 436
2455 411
2456 652
2457 605
2458 110
2459 406
2460 89
2461 51
2462 4
2463 69
2464 374
2465 2335
2466 333
2467 2
2468 149
2469 184
2470 356
2471 240
2472 229
2473 52
2474 22
2475 25
2476 0
2477 138
2478 560
2479 35
2480 189
2481 280
2482 104
2483 251
2484 361
2485 563
2486 261
2487 830
2488 154
2489 187
2490 32
2491 16
2492 9
2493 14
2494 262
2495 572
2496 191
2497 346
2498 70
2499 358
2500 203
2501 161
2502 220
2503 1054
2504 47
2505 12
2506 64
2507 24
2508 19
2509 192
2510 121
2511 174
2512 140
2513 322
2514 0
2515 2
2516 100
2517 8
2518 0
2519 32
2520 141
2521 99
2522 119
2523 308
2524 14
2525 17
2526 552
2527 247
2528 4
2529 96
2530 162
2531 81
2532 42
2533 30
2534 927
2535 1076
2536 149
2537 311
2538 460
2539 88
2540 9
2541 86
2542 1211
2543 333
2544 406
2545 1024
2546 119
2547 46
2548 293
2549 150
2550 95
2551 42
2552 345
2553 665
2554 215
2555 9
2556 11
2557 70
2558 203
2559 172
2560 619
2561 491
2562 132
2563 347
2564 98
2565 111
2566 227
2567 82
2568 97
2569 43
2570 114
2571 80
2572 0
2573 213
2574 8
2575 517
2576 27
2577 35
2578 48
2579 19
2580 3
2581 6
2582 0
2583 0
2584 0
2585 0
2586 0
2587 0
2588 0
2589 0
2590 0
2591 0
2592 0
2593 0
2594 0
2595 0
2596 0
2597 0
2598 2
