0 17
1 0
2 1
3 0
4 4
5 7
6 0
7 0
8 0
9 0
10 3
11 12
12 0
13 6
14 21
15 8
16 16
17 5
18 1
19 34
20 0
21 4
22 2
23 22
24 0
25 11
26 0
27 1
28 0
29 1
30 0
31 0
32 0
33 7
34 0
35 14
36 0
37 3
38 2
39 1
40 2
41 0
42 1
43 1
44 18
45 0
46 0
47 0
48 2
49 13
50 8
51 2
52 11
53 14
54 14
55 0
56 2
57 11
58 16
59 0
60 3
61 16
62 12
63 1
64 1
65 32
66 3
67 10
68 5
69 0
70 4
71 3
72 0
73 0
74 14
75 19
76 0
77 12
78 24
79 24
80 3
81 0
82 10
83 6
84 0
85 0
86 9
87 32
88 27
89 1
90 0
91 0
92 2
93 6
94 3
95 0
96 3
97 18
98 3
99 18
100 0
101 0
102 10
103 14
104 2
105 4
106 16
107 3
108 14
109 12
110 2
111 5
112 8
113 1
114 10
115 5
116 18
117 2
118 1
119 7
120 0
121 9
122 30
123 8
124 2
125 0
126 2
127 2
128 2
129 8
130 2
131 6
132 1
133 0
134 1
135 24
136 11
137 52
138 6
139 5
140 25
141 21
142 3
143 2
144 0
145 1
146 16
147 3
148 24
149 14
150 4
151 0
152 0
153 6
154 4
155 7
156 1
157 7
158 53
159 9
160 3
161 3
162 0
163 11
164 8
165 13
166 19
167 11
168 5
169 2
170 27
171 13
172 4
173 2
174 21
175 38
176 24
177 2
178 5
179 0
180 23
181 2
182 58
183 26
184 11
185 12
186 49
187 41
188 25
189 1
190 3
191 0
192 0
193 0
194 0
195 0
196 23
197 12
198 1
199 23
200 15
201 14
202 6
203 22
204 14
205 35
206 50
207 14
208 7
209 0
210 29
211 1
212 3
213 12
214 0
215 21
216 0
217 5
218 9
219 40
220 9
221 32
222 26
223 27
224 45
225 25
226 21
227 3
228 0
229 5
230 0
231 0
232 0
233 2
234 0
235 4
236 0
237 0
238 15
239 61
240 1
241 57
242 33
243 4
244 31
245 5
246 12
247 0
248 9
249 6
250 4
251 0
252 2
253 0
254 0
255 6
256 82
257 29
258 5
259 0
260 0
261 0
262 1
263 14
264 2
265 6
266 1
267 4
268 1
269 0
270 8
271 18
272 4
273 0
274 2
275 1
276 2
277 1
278 3
279 12
280 2
281 0
282 5
283 58
284 1
285 1
286 5
287 2
288 4
289 1
290 45
291 11
292 60
293 21
294 0
295 10
296 15
297 5
298 10
299 3
300 10
301 7
302 14
303 8
304 54
305 17
306 10
307 31
308 0
309 15
310 9
311 13
312 19
313 1
314 2
315 22
316 20
317 22
318 48
319 2
320 5
321 9
322 2
323 4
324 0
325 1
326 4
327 1
328 0
329 0
330 2
331 11
332 3
333 24
334 26
335 24
336 3
337 11
338 36
339 22
340 0
341 0
342 1
343 0
344 2
345 0
346 9
347 0
348 20
349 6
350 9
351 41
352 8
353 1
354 0
355 0
356 0
357 10
358 0
359 14
360 13
361 35
362 44
363 1
364 0
365 0
366 2
367 4
368 16
369 22
370 8
371 5
372 5
373 8
374 3
375 3
376 8
377 0
378 1
379 12
380 11
381 0
382 12
383 0
384 11
385 14
386 0
387 0
388 15
389 20
390 33
391 23
392 33
393 0
394 17
395 5
396 34
397 10
398 0
399 23
400 0
401 11
402 4
403 6
404 19
405 15
406 32
407 25
408 7
409 0
410 2
411 6
412 13
413 45
414 31
415 1
416 4
417 10
418 1
419 6
420 5
421 1
422 19
423 13
424 22
425 10
426 8
427 2
428 14
429 0
430 39
431 2
432 4
433 6
434 0
435 1
436 30
437 43
438 56
439 21
440 34
441 27
442 10
443 41
444 6
445 8
446 4
447 0
448 24
449 6
450 19
451 9
452 16
453 26
454 29
455 3
456 22
457 43
458 23
459 0
460 0
461 29
462 24
463 15
464 15
465 9
466 1
467 21
468 14
469 32
470 40
471 39
472 22
473 17
474 26
475 10
476 2
477 3
478 2
479 6
480 3
481 8
482 7
483 1
484 19
485 7
486 13
487 18
488 6
489 35
490 8
491 6
492 30
493 61
494 4
495 16
496 7
497 5
498 32
499 11
500 13
501 9
502 6
503 4
504 1
505 10
506 17
507 2
508 2
509 50
510 5
511 8
512 22
513 41
514 16
515 26
516 12
517 7
518 0
519 10
520 36
521 33
522 1
523 6
524 5
525 1
526 0
527 3
528 12
529 3
530 3
531 4
532 32
533 30
534 3
535 22
536 25
537 4
538 3
539 17
540 4
541 6
542 3
543 21
544 25
545 1
546 11
547 0
548 16
549 0
550 8
551 2
552 24
553 28
554 35
555 34
556 6
557 3
558 9
559 15
560 4
561 12
562 4
563 0
564 0
565 0
566 0
567 5
568 2
569 0
570 5
571 17
572 8
573 8
574 1
575 20
576 7
577 8
578 13
579 6
580 2
581 0
582 1
583 8
584 12
585 13
586 11
587 3
588 20
589 47
590 1
591 1
592 9
593 0
594 1
595 5
596 2
597 1
598 27
599 34
600 27
601 58
602 9
603 10
604 7
605 4
606 15
607 12
608 22
609 4
610 16
611 9
612 24
613 15
614 42
615 27
616 25
617 0
618 1
619 1
620 4
621 0
622 7
623 4
624 4
625 31
626 13
627 36
628 26
629 20
630 34
631 5
632 9
633 4
634 7
635 6
636 14
637 0
638 6
639 17
640 1
641 13
642 14
643 34
644 8
645 27
646 15
647 2
648 1
649 0
650 0
651 9
652 12
653 6
654 8
655 8
656 4
657 2
658 28
659 22
660 3
661 11
662 0
663 19
664 3
665 1
666 11
667 12
668 1
669 5
670 8
671 23
672 2
673 1
674 3
675 0
676 19
677 27
678 20
679 10
680 27
681 25
682 0
683 5
684 4
685 11
686 2
687 0
688 0
689 5
690 32
691 24
692 12
693 0
694 2
695 6
696 5
697 3
698 3
699 13
700 7
701 8
702 14
703 0
704 3
705 26
706 35
707 14
708 1
709 18
710 1
711 0
712 4
713 1
714 0
715 3
716 13
717 42
718 18
719 16
720 46
721 8
722 5
723 0
724 6
725 4
726 11
727 5
728 6
729 18
730 9
731 24
732 3
733 10
734 14
735 5
736 17
737 11
738 30
739 30
740 11
741 8
742 0
743 3
744 17
745 0
746 0
747 0
748 14
749 8
750 50
751 1
752 22
753 2
754 14
755 1
756 9
757 3
758 5
759 27
760 15
761 4
762 14
763 5
764 35
765 11
766 12
767 9
768 0
769 4
770 39
771 6
772 1
773 0
774 7
775 12
776 6
777 8
778 9
779 1
780 0
781 3
782 11
783 4
784 12
785 4
786 19
787 14
788 2
789 32
790 3
791 3
792 8
793 14
794 14
795 0
796 15
797 22
798 7
799 5
800 3
801 0
802 2
803 0
804 0
805 1
806 37
807 12
808 7
809 23
810 13
811 3
812 11
813 14
814 3
815 1
816 0
817 0
818 5
819 20
820 27
821 29
822 11
823 16
824 3
825 13
826 4
827 20
828 12
829 7
830 5
831 9
832 12
833 15
834 16
835 6
836 11
837 4
838 4
839 1
840 0
841 0
842 2
843 0
844 7
845 11
846 12
847 21
848 15
849 3
850 18
851 0
852 14
853 1
854 2
855 10
856 3
857 19
858 16
859 3
860 3
861 7
862 20
863 2
864 8
865 12
866 3
867 12
868 2
869 2
870 6
871 2
872 0
873 1
874 0
875 0
876 3
877 26
878 12
879 8
880 38
881 28
882 5
883 3
884 14
885 1
886 2
887 1
888 8
889 48
890 3
891 4
892 8
893 3
894 4
895 6
896 5
897 6
898 2
899 1
900 0
901 0
902 4
903 51
904 18
905 4
906 23
907 30
908 21
909 0
910 2
911 12
912 0
913 1
914 6
915 21
916 2
917 6
918 19
919 5
920 17
921 25
922 8
923 1
924 4
925 1
926 3
927 9
928 0
929 0
930 12
931 36
932 9
933 41
934 18
935 28
936 4
937 3
938 20
939 6
940 22
941 10
942 0
943 2
944 19
945 28
946 10
947 0
948 0
949 16
950 11
951 0
952 10
953 22
954 9
955 39
956 45
957 7
958 5
959 14
960 11
961 1
962 5
963 14
964 17
965 4
966 13
967 7
968 8
969 23
970 11
971 0
972 10
973 22
974 5
975 11
976 1
977 1
978 50
979 6
980 40
981 47
982 9
983 5
984 29
985 25
986 6
987 1
988 0
989 0
990 1
991 3
992 5
993 33
994 16
995 6
996 8
997 2
998 6
999 11
1000 5
1001 12
1002 24
1003 0
1004 0
1005 0
1006 0
1007 16
1008 34
1009 0
1010 3
1011 2
1012 0
1013 0
1014 0
1015 0
1016 13
1017 25
1018 3
1019 19
1020 19
1021 30
1022 23
1023 9
1024 11
1025 3
1026 14
1027 36
1028 10
1029 2
1030 3
1031 21
1032 0
1033 1
1034 5
1035 13
1036 4
1037 3
1038 30
1039 18
1040 29
1041 14
1042 0
1043 9
1044 3
1045 5
1046 11
1047 10
1048 13
1049 2
1050 3
1051 0
1052 0
1053 0
1054 1
1055 3
1056 7
1057 10
1058 14
1059 26
1060 26
1061 4
1062 0
1063 1
1064 0
1065 2
1066 0
1067 7
1068 2
1069 6
1070 8
1071 4
1072 24
1073 8
1074 19
1075 2
1076 3
1077 0
1078 11
1079 1
1080 18
1081 13
1082 4
1083 7
1084 9
1085 2
1086 0
1087 1
1088 0
1089 0
1090 21
1091 32
1092 25
1093 36
1094 13
1095 2
1096 5
1097 2
1098 9
1099 39
1100 0
1101 2
1102 3
1103 6
1104 1
1105 4
1106 37
1107 35
1108 5
1109 0
1110 65
1111 20
1112 1
1113 11
1114 23
1115 3
1116 0
1117 4
1118 2
1119 26
1120 20
1121 23
1122 5
1123 0
1124 5
1125 0
1126 8
1127 0
1128 12
1129 18
1130 0
1131 0
1132 0
1133 8
1134 7
1135 3
1136 0
1137 0
1138 0
1139 16
1140 78
1141 42
1142 20
1143 0
1144 3
1145 0
1146 5
1147 0
1148 1
1149 31
1150 44
1151 4
1152 3
1153 5
1154 9
1155 37
1156 20
1157 15
1158 4
1159 1
1160 6
1161 2
1162 8
1163 0
1164 0
1165 0
1166 8
1167 11
1168 22
1169 3
1170 23
1171 0
1172 0
1173 3
1174 1
1175 2
1176 15
1177 36
1178 4
1179 31
1180 3
1181 16
1182 13
1183 27
1184 9
1185 23
1186 12
1187 9
1188 1
1189 0
1190 0
1191 12
1192 9
1193 0
1194 3
1195 1
1196 3
1197 1
1198 10
1199 8
1200 5
1201 1
1202 0
1203 30
1204 2
1205 2
1206 5
1207 0
1208 11
1209 4
1210 22
1211 18
1212 46
1213 3
1214 14
1215 21
1216 8
1217 44
1218 21
1219 5
1220 13
1221 7
1222 4
1223 11
1224 10
1225 2
1226 4
1227 2
1228 11
1229 21
1230 7
1231 0
1232 6
1233 9
1234 14
1235 38
1236 7
1237 6
1238 15
1239 0
1240 6
1241 0
1242 1
1243 15
1244 0
1245 7
1246 6
1247 18
1248 32
1249 51
1250 3
1251 24
1252 34
1253 46
1254 75
1255 10
1256 9
1257 3
1258 22
1259 1
1260 6
1261 2
1262 5
1263 7
1264 24
1265 18
1266 10
1267 3
1268 2
1269 1
1270 1
1271 3
1272 10
1273 10
1274 56
1275 25
1276 3
1277 3
1278 3
1279 7
1280 0
1281 1
1282 0
1283 0
1284 0
1285 0
1286 13
1287 29
1288 8
1289 24
1290 18
1291 24
1292 12
1293 14
1294 186
1295 69
1296 4
1297 2
1298 7
1299 22
1300 3
1301 0
1302 4
1303 11
1304 34
1305 7
1306 3
1307 21
1308 17
1309 12
1310 3
1311 10
1312 0
1313 0
1314 0
1315 34
1316 28
1317 27
1318 32
1319 36
1320 35
1321 62
1322 32
1323 5
1324 3
1325 8
1326 1
1327 3
1328 0
1329 8
1330 3
1331 10
1332 36
1333 10
1334 2
1335 7
1336 8
1337 31
1338 18
1339 67
1340 89
1341 11
1342 5
1343 21
1344 26
1345 5
1346 5
1347 2
1348 1
1349 6
1350 30
1351 3
1352 1
1353 31
1354 2
1355 13
1356 11
1357 5
1358 6
1359 21
1360 1
1361 0
1362 0
1363 15
1364 43
1365 52
1366 10
1367 14
1368 14
1369 38
1370 25
1371 30
1372 0
1373 2
1374 0
1375 0
1376 0
1377 3
1378 9
1379 38
1380 38
1381 6
1382 6
1383 7
1384 15
1385 8
1386 25
1387 61
1388 18
1389 2
1390 20
1391 17
1392 3
1393 6
1394 2
1395 11
1396 11
1397 8
1398 0
1399 3
1400 26
1401 14
1402 13
1403 19
1404 14
1405 6
1406 6
1407 19
1408 17
1409 18
1410 19
1411 9
1412 5
1413 0
1414 3
1415 1
1416 14
1417 24
1418 13
1419 39
1420 19
1421 48
1422 9
1423 0
1424 4
1425 0
1426 3
1427 15
1428 55
1429 67
1430 38
1431 56
1432 41
1433 17
1434 20
1435 27
1436 17
1437 35
1438 0
1439 0
1440 13
1441 10
1442 62
1443 10
1444 11
1445 25
1446 37
1447 6
1448 10
1449 7
1450 3
1451 40
1452 7
1453 24
1454 16
1455 3
1456 12
1457 39
1458 1
1459 36
1460 13
1461 9
1462 4
1463 7
1464 0
1465 5
1466 13
1467 10
1468 3
1469 2
1470 0
1471 0
1472 2
1473 1
1474 3
1475 11
1476 59
1477 112
1478 42
1479 36
1480 46
1481 37
1482 6
1483 26
1484 20
1485 0
1486 5
1487 2
1488 17
1489 14
1490 79
1491 16
1492 7
1493 17
1494 20
1495 7
1496 34
1497 42
1498 5
1499 13
1500 26
1501 6
1502 10
1503 4
1504 15
1505 32
1506 3
1507 11
1508 32
1509 5
1510 12
1511 1
1512 1
1513 4
1514 45
1515 14
1516 7
1517 1
1518 0
1519 0
1520 0
1521 1
1522 1
1523 1
1524 18
1525 64
1526 48
1527 129
1528 89
1529 65
1530 21
1531 1
1532 11
1533 34
1534 2
1535 19
1536 10
1537 8
1538 20
1539 15
1540 2
1541 17
1542 5
1543 10
1544 66
1545 37
1546 46
1547 19
1548 5
1549 12
1550 31
1551 6
1552 7
1553 15
1554 6
1555 6
1556 39
1557 72
1558 4
1559 8
1560 15
1561 42
1562 26
1563 25
1564 0
1565 2
1566 12
1567 12
1568 32
1569 0
1570 1
1571 4
1572 91
1573 167
1574 61
1575 6
1576 58
1577 27
1578 17
1579 46
1580 54
1581 17
1582 20
1583 14
1584 10
1585 3
1586 0
1587 8
1588 28
1589 3
1590 56
1591 19
1592 14
1593 14
1594 15
1595 51
1596 34
1597 5
1598 2
1599 5
1600 45
1601 11
1602 42
1603 6
1604 2
1605 0
1606 2
1607 7
1608 0
1609 0
1610 0
1611 0
1612 12
1613 17
1614 7
1615 1
1616 21
1617 76
1618 66
1619 109
1620 46
1621 73
1622 60
1623 22
1624 14
1625 4
1626 49
1627 25
1628 13
1629 25
1630 19
1631 13
1632 17
1633 16
1634 24
1635 6
1636 7
1637 10
1638 13
1639 18
1640 31
1641 6
1642 0
1643 1
1644 3
1645 52
1646 84
1647 20
1648 33
1649 13
1650 12
1651 29
1652 72
1653 2
1654 11
1655 35
1656 37
1657 8
1658 16
1659 24
1660 13
1661 15
1662 16
1663 5
1664 13
1665 26
1666 20
1667 43
1668 33
1669 0
1670 9
1671 8
1672 0
1673 1
1674 0
1675 0
1676 1
1677 79
1678 59
1679 51
1680 51
1681 17
1682 24
1683 31
1684 18
1685 35
1686 23
1687 9
1688 12
1689 18
1690 7
1691 20
1692 6
1693 14
1694 21
1695 1
1696 9
1697 3
1698 4
1699 7
1700 2
1701 48
1702 5
1703 14
1704 0
1705 0
1706 3
1707 11
1708 1
1709 14
1710 77
1711 23
1712 19
1713 11
1714 12
1715 35
1716 24
1717 19
1718 6
1719 12
1720 1
1721 14
1722 3
1723 3
1724 6
1725 2
1726 11
1727 6
1728 31
1729 25
1730 2
1731 3
1732 0
1733 9
1734 4
1735 0
1736 7
1737 19
1738 30
1739 26
1740 20
1741 8
1742 25
1743 3
1744 13
1745 23
1746 7
1747 0
1748 2
1749 3
1750 7
1751 17
1752 31
1753 2
1754 1
1755 8
1756 5
1757 7
1758 12
1759 0
1760 0
1761 28
1762 8
1763 16
1764 14
1765 16
1766 7
1767 32
1768 16
1769 0
1770 3
1771 10
1772 15
1773 24
1774 12
1775 7
1776 9
1777 15
1778 27
1779 0
1780 4
1781 0
1782 13
1783 1
1784 5
1785 7
1786 0
1787 20
1788 9
1789 5
1790 11
1791 1
1792 17
1793 11
1794 1
1795 0
1796 5
1797 35
1798 31
1799 68
1800 55
1801 15
1802 17
1803 5
1804 12
1805 49
1806 44
1807 11
1808 16
1809 0
1810 16
1811 7
1812 5
1813 6
1814 5
1815 7
1816 3
1817 0
1818 7
1819 2
1820 16
1821 9
1822 6
1823 7
1824 38
1825 13
1826 2
1827 10
1828 20
1829 29
1830 2
1831 22
1832 4
1833 20
1834 2
1835 30
1836 12
1837 2
1838 9
1839 4
1840 7
1841 9
1842 3
1843 11
1844 46
1845 26
1846 8
1847 8
1848 24
1849 33
1850 6
1851 2
1852 5
1853 17
1854 8
1855 19
1856 10
1857 4
1858 27
1859 38
1860 11
1861 25
1862 23
1863 0
1864 10
1865 4
1866 11
1867 97
1868 22
1869 12
1870 3
1871 12
1872 41
1873 23
1874 9
1875 2
1876 1
1877 9
1878 11
1879 8
1880 0
1881 22
1882 34
1883 45
1884 25
1885 11
1886 3
1887 5
1888 1
1889 17
1890 22
1891 7
1892 13
1893 15
1894 58
1895 53
1896 27
1897 6
1898 7
1899 3
1900 28
1901 18
1902 3
1903 41
1904 13
1905 17
1906 12
1907 18
1908 11
1909 11
1910 13
1911 15
1912 33
1913 15
1914 3
1915 1
1916 2
1917 13
1918 10
1919 20
1920 8
1921 19
1922 2
1923 19
1924 16
1925 17
1926 3
1927 3
1928 3
1929 5
1930 10
1931 16
1932 6
1933 1
1934 7
1935 18
1936 25
1937 4
1938 2
1939 7
1940 18
1941 18
1942 44
1943 35
1944 4
1945 6
1946 7
1947 0
1948 9
1949 6
1950 5
1951 19
1952 11
1953 23
1954 11
1955 35
1956 6
1957 10
1958 19
1959 9
1960 8
1961 3
1962 0
1963 3
1964 39
1965 41
1966 3
1967 25
1968 37
1969 15
1970 7
1971 14
1972 32
1973 3
1974 8
1975 21
1976 10
1977 0
1978 1
1979 1
1980 22
1981 36
1982 13
1983 3
1984 8
1985 35
1986 12
1987 1
1988 3
1989 24
1990 11
1991 18
1992 12
1993 5
1994 13
1995 36
1996 50
1997 19
1998 7
1999 20
2000 16
2001 1
2002 2
2003 11
2004 30
2005 18
2006 8
2007 9
2008 9
2009 13
2010 16
2011 18
2012 5
2013 3
2014 21
2015 14
2016 34
2017 41
2018 2
2019 29
2020 8
2021 11
2022 6
2023 31
2024 43
2025 1
2026 11
2027 8
2028 9
2029 6
2030 19
2031 25
2032 17
2033 4
2034 16
2035 27
2036 39
2037 10
2038 12
2039 7
2040 8
2041 8
2042 6
2043 27
2044 5
2045 10
2046 11
2047 11
2048 29
2049 38
2050 25
2051 24
2052 2
2053 2
2054 16
2055 50
2056 7
2057 10
2058 11
2059 10
2060 9
2061 22
2062 14
2063 12
2064 4
2065 2
2066 25
2067 17
2068 0
2069 25
2070 7
2071 14
2072 28
2073 23
2074 9
2075 19
2076 29
2077 6
2078 0
2079 4
2080 18
2081 33
2082 23
2083 17
2084 13
2085 7
2086 22
2087 14
2088 23
2089 20
2090 13
2091 11
2092 8
2093 10
2094 16
2095 54
2096 14
2097 62
2098 24
2099 16
2100 9
2101 3
2102 1
2103 38
2104 33
2105 16
2106 0
2107 0
2108 5
2109 5
2110 29
2111 19
2112 28
2113 12
2114 10
2115 17
2116 10
2117 9
2118 36
2119 35
2120 6
2121 6
2122 3
2123 2
2124 30
2125 2
2126 17
2127 20
2128 28
2129 7
2130 13
2131 31
2132 42
2133 3
2134 0
2135 5
2136 0
2137 17
2138 38
2139 8
2140 2
2141 0
2142 0
2143 0
2144 23
2145 28
2146 13
2147 5
2148 41
2149 17
2150 39
2151 6
2152 26
2153 27
2154 28
2155 7
2156 1
2157 2
2158 1
2159 11
2160 31
2161 34
2162 0
2163 1
2164 5
2165 24
2166 13
2167 11
2168 3
2169 20
2170 5
2171 2
2172 23
2173 12
2174 0
2175 7
2176 0
2177 16
2178 3
2179 6
2180 3
2181 8
2182 5
2183 13
2184 3
2185 0
2186 0
2187 17
2188 7
2189 7
2190 23
2191 18
2192 7
2193 25
2194 1
2195 1
2196 1
2197 4
2198 2
2199 11
2200 7
2201 13
2202 18
2203 24
2204 3
2205 31
2206 25
2207 5
2208 0
2209 15
2210 11
2211 21
2212 45
2213 33
2214 5
2215 8
2216 0
2217 2
2218 1
2219 2
2220 14
2221 0
2222 0
2223 7
2224 17
2225 2
2226 3
2227 24
2228 24
2229 18
2230 20
2231 2
2232 10
2233 10
2234 0
2235 3
2236 1
2237 7
2238 2
2239 0
2240 0
2241 1
2242 1
2243 26
2244 15
2245 3
2246 6
2247 24
2248 42
2249 4
2250 30
2251 14
2252 3
2253 8
2254 35
2255 13
2256 23
2257 4
2258 1
2259 3
2260 24
2261 3
2262 1
2263 0
2264 0
2265 9
2266 39
2267 34
2268 28
2269 36
2270 36
2271 22
2272 1
2273 6
2274 47
2275 32
2276 15
2277 34
2278 9
2279 2
2280 1
2281 30
2282 38
2283 2
2284 0
2285 4
2286 21
2287 6
2288 7
2289 5
2290 30
2291 49
2292 5
2293 0
2294 31
2295 31
2296 9
2297 15
2298 8
2299 1
2300 16
2301 28
2302 13
2303 0
2304 6
2305 0
2306 4
2307 9
2308 29
2309 10
2310 13
2311 10
2312 8
2313 7
2314 14
2315 9
2316 37
2317 14
2318 0
2319 3
2320 26
2321 16
2322 13
2323 0
2324 0
2325 4
2326 36
2327 53
2328 10
2329 3
2330 3
2331 1
2332 8
2333 8
2334 56
2335 64
2336 9
2337 2
2338 7
2339 17
2340 15
2341 4
2342 0
2343 0
2344 13
2345 24
2346 14
2347 18
2348 2
2349 9
2350 15
2351 23
2352 21
2353 38
2354 22
2355 4
2356 15
2357 7
2358 2
2359 0
2360 0
2361 0
2362 0
2363 33
2364 29
2365 4
2366 22
2367 18
2368 5
2369 12
2370 20
2371 13
2372 10
2373 6
2374 0
2375 16
2376 28
2377 0
2378 0
2379 2
2380 5
2381 0
2382 31
2383 15
2384 11
2385 42
2386 10
2387 27
2388 51
2389 28
2390 20
2391 33
2392 8
2393 3
2394 28
2395 12
2396 3
2397 1
2398 27
2399 0
2400 3
2401 16
2402 80
2403 6
2404 8
2405 21
2406 30
2407 24
2408 10
2409 19
2410 10
2411 24
2412 16
2413 4
2414 0
2415 6
2416 2
2417 4
2418 1
2419 21
2420 30
2421 26
2422 63
2423 7
2424 14
2425 20
2426 27
2427 32
2428 41
2429 7
2430 0
2431 7
2432 22
2433 0
2434 4
2435 10
2436 12
2437 6
2438 41
2439 4
2440 15
2441 31
2442 27
2443 12
2444 15
2445 17
2446 2
2447 0
2448 0
2449 12
2450 0
2451 4
2452 2
2453 2
2454 13
2455 11
2456 16
2457 16
2458 2
2459 11
2460 2
2461 1
2462 0
2463 1
2464 9
2465 63
2466 8
2467 0
2468 2
2469 4
2470 8
2471 5
2472 7
2473 0
2474 0
2475 0
2476 0
2477 3
2478 15
2479 0
2480 5
2481 6
2482 2
2483 7
2484 8
2485 15
2486 7
2487 20
2488 4
2489 6
2490 0
2491 0
2492 0
2493 0
2494 7
2495 13
2496 5
2497 6
2498 1
2499 11
2500 4
2501 4
2502 6
2503 29
2504 1
2505 0
2506 1
2507 0
2508 0
2509 5
2510 2
2511 5
2512 4
2513 8
2514 0
2515 0
2516 2
2517 0
2518 0
2519 0
2520 3
2521 2
2522 3
2523 8
2524 0
2525 0
2526 17
2527 4
2528 0
2529 1
2530 3
2531 1
2532 1
2533 0
2534 21
2535 24
2536 3
2537 5
2538 12
2539 0
2540 0
2541 0
2542 30
2543 9
2544 10
2545 28
2546 3
2547 0
2548 6
2549 3
2550 2
2551 1
2552 10
2553 16
2554 7
2555 0
2556 0
2557 1
2558 5
2559 4
2560 13
2561 12
2562 3
2563 10
2564 2
2565 2
2566 6
2567 3
2568 1
2569 0
2570 4
2571 2
2572 0
2573 6
2574 0
2575 12
2576 0
2577 0
2578 0
2579 0
2580 0
2581 0
2582 0
2583 0
2584 0
2585 0
2586 0
2587 0
2588 0
2589 0
2590 0
2591 0
2592 0
2593 0
2594 0
2595 0
2596 0
2597 0
2598 0
