0 12
1 0
2 0
3 0
4 3
5 7
6 0
7 0
8 0
9 0
10 3
11 9
12 0
13 6
14 21
15 6
16 11
17 2
18 1
19 29
20 0
21 4
22 1
23 19
24 0
25 8
26 0
27 0
28 0
29 2
30 0
31 0
32 0
33 9
34 0
35 13
36 1
37 2
38 1
39 2
40 4
41 0
42 1
43 0
44 14
45 0
46 0
47 0
48 0
49 14
50 8
51 2
52 9
53 10
54 11
55 1
56 1
57 9
58 14
59 0
60 4
61 12
62 12
63 1
64 0
65 31
66 4
67 14
68 5
69 0
70 2
71 2
72 0
73 0
74 16
75 21
76 0
77 8
78 17
79 23
80 1
81 0
82 9
83 4
84 0
85 0
86 0
87 30
88 21
89 1
90 0
91 1
92 1
93 11
94 2
95 0
96 2
97 13
98 2
99 16
100 0
101 0
102 9
103 11
104 4
105 5
106 15
107 3
108 15
109 11
110 1
111 0
112 8
113 3
114 8
115 4
116 16
117 3
118 1
119 5
120 0
121 6
122 0
123 7
124 0
125 1
126 0
127 0
128 4
129 5
130 2
131 9
132 2
133 0
134 0
135 25
136 10
137 52
138 3
139 3
140 24
141 17
142 0
143 0
144 0
145 0
146 13
147 2
148 20
149 10
150 3
151 0
152 0
153 7
154 3
155 8
156 2
157 6
158 44
159 8
160 3
161 3
162 0
163 7
164 11
165 9
166 12
167 10
168 4
169 0
170 18
171 10
172 5
173 4
174 15
175 38
176 26
177 3
178 6
179 0
180 23
181 0
182 57
183 23
184 10
185 7
186 42
187 36
188 20
189 4
190 4
191 0
192 0
193 0
194 0
195 0
196 20
197 10
198 1
199 18
200 12
201 12
202 4
203 20
204 10
205 26
206 54
207 10
208 6
209 0
210 32
211 1
212 5
213 10
214 0
215 23
216 1
217 7
218 10
219 34
220 7
221 29
222 25
223 29
224 41
225 20
226 19
227 0
228 0
229 5
230 0
231 0
232 0
233 1
234 0
235 0
236 0
237 0
238 11
239 57
240 0
241 53
242 31
243 4
244 30
245 7
246 12
247 0
248 0
249 5
250 6
251 0
252 3
253 0
254 0
255 4
256 78
257 24
258 4
259 0
260 0
261 0
262 1
263 11
264 3
265 4
266 0
267 4
268 2
269 0
270 6
271 20
272 4
273 0
274 1
275 3
276 0
277 0
278 3
279 12
280 1
281 0
282 8
283 49
284 1
285 0
286 3
287 3
288 4
289 3
290 40
291 8
292 56
293 18
294 0
295 11
296 15
297 7
298 4
299 5
300 10
301 8
302 8
303 9
304 50
305 17
306 11
307 23
308 0
309 17
310 8
311 12
312 16
313 1
314 3
315 20
316 13
317 22
318 42
319 2
320 9
321 8
322 1
323 2
324 0
325 0
326 3
327 1
328 1
329 0
330 1
331 10
332 2
333 22
334 26
335 29
336 2
337 8
338 38
339 16
340 0
341 0
342 1
343 0
344 2
345 0
346 8
347 0
348 22
349 8
350 7
351 42
352 9
353 0
354 0
355 0
356 0
357 13
358 0
359 13
360 12
361 29
362 44
363 1
364 0
365 0
366 5
367 8
368 13
369 19
370 6
371 3
372 4
373 0
374 3
375 2
376 10
377 0
378 3
379 9
380 12
381 0
382 10
383 0
384 9
385 14
386 0
387 0
388 14
389 17
390 23
391 19
392 36
393 0
394 18
395 5
396 28
397 0
398 0
399 21
400 0
401 11
402 3
403 4
404 15
405 15
406 27
407 21
408 5
409 0
410 1
411 5
412 9
413 40
414 25
415 0
416 4
417 8
418 1
419 7
420 3
421 0
422 17
423 16
424 21
425 0
426 5
427 5
428 15
429 0
430 35
431 2
432 2
433 5
434 1
435 0
436 25
437 42
438 50
439 23
440 28
441 24
442 14
443 43
444 6
445 6
446 4
447 1
448 16
449 8
450 14
451 10
452 14
453 27
454 30
455 4
456 16
457 37
458 25
459 0
460 0
461 28
462 20
463 12
464 15
465 10
466 1
467 18
468 16
469 30
470 33
471 35
472 21
473 12
474 25
475 7
476 1
477 2
478 0
479 2
480 3
481 4
482 0
483 1
484 17
485 6
486 10
487 18
488 5
489 31
490 9
491 4
492 29
493 56
494 5
495 14
496 4
497 2
498 34
499 7
500 9
501 7
502 7
503 4
504 1
505 12
506 17
507 2
508 2
509 45
510 3
511 7
512 22
513 35
514 11
515 24
516 10
517 8
518 0
519 6
520 41
521 32
522 1
523 3
524 7
525 0
526 0
527 3
528 13
529 4
530 3
531 3
532 23
533 25
534 2
535 23
536 21
537 5
538 4
539 14
540 0
541 3
542 3
543 19
544 19
545 0
546 12
547 0
548 16
549 1
550 6
551 2
552 21
553 0
554 30
555 30
556 6
557 3
558 9
559 17
560 4
561 12
562 5
563 0
564 0
565 0
566 0
567 5
568 0
569 0
570 4
571 10
572 11
573 6
574 2
575 14
576 6
577 6
578 10
579 0
580 2
581 1
582 2
583 8
584 15
585 11
586 11
587 3
588 20
589 46
590 0
591 0
592 10
593 1
594 0
595 4
596 0
597 1
598 21
599 34
600 20
601 54
602 8
603 0
604 3
605 4
606 11
607 8
608 20
609 6
610 10
611 6
612 24
613 13
614 33
615 23
616 23
617 0
618 2
619 0
620 5
621 0
622 8
623 2
624 6
625 34
626 15
627 35
628 21
629 17
630 30
631 0
632 4
633 5
634 7
635 5
636 0
637 0
638 7
639 15
640 0
641 14
642 13
643 27
644 6
645 24
646 14
647 1
648 2
649 0
650 0
651 10
652 12
653 8
654 8
655 6
656 6
657 2
658 22
659 22
660 2
661 11
662 1
663 17
664 3
665 1
666 16
667 13
668 0
669 5
670 9
671 26
672 1
673 2
674 2
675 0
676 18
677 23
678 16
679 8
680 22
681 24
682 0
683 5
684 0
685 11
686 0
687 0
688 0
689 7
690 27
691 17
692 10
693 0
694 2
695 3
696 2
697 2
698 3
699 9
700 5
701 10
702 9
703 0
704 4
705 24
706 33
707 14
708 0
709 16
710 0
711 0
712 2
713 2
714 0
715 2
716 9
717 44
718 18
719 14
720 37
721 8
722 3
723 0
724 5
725 5
726 5
727 6
728 6
729 13
730 10
731 22
732 0
733 9
734 13
735 3
736 9
737 8
738 24
739 27
740 9
741 7
742 0
743 4
744 23
745 0
746 0
747 0
748 0
749 6
750 45
751 2
752 21
753 6
754 15
755 1
756 7
757 2
758 5
759 28
760 8
761 4
762 9
763 4
764 31
765 10
766 12
767 8
768 0
769 3
770 31
771 5
772 2
773 0
774 9
775 12
776 6
777 9
778 6
779 0
780 0
781 1
782 0
783 3
784 11
785 4
786 19
787 12
788 2
789 27
790 3
791 0
792 5
793 16
794 17
795 0
796 16
797 24
798 11
799 4
800 2
801 0
802 5
803 0
804 0
805 0
806 29
807 12
808 5
809 20
810 10
811 3
812 11
813 10
814 1
815 0
816 0
817 0
818 5
819 18
820 26
821 26
822 6
823 13
824 1
825 10
826 0
827 16
828 11
829 9
830 6
831 7
832 15
833 15
834 14
835 7
836 11
837 4
838 2
839 1
840 0
841 0
842 0
843 0
844 7
845 10
846 15
847 18
848 12
849 2
850 18
851 0
852 16
853 2
854 0
855 9
856 2
857 20
858 13
859 4
860 2
861 6
862 12
863 5
864 5
865 9
866 3
867 9
868 0
869 2
870 3
871 1
872 0
873 0
874 0
875 0
876 2
877 28
878 7
879 8
880 39
881 24
882 4
883 3
884 12
885 1
886 3
887 2
888 9
889 41
890 5
891 4
892 10
893 4
894 3
895 6
896 2
897 7
898 3
899 2
900 0
901 0
902 1
903 44
904 20
905 2
906 23
907 28
908 22
909 0
910 2
911 14
912 0
913 0
914 4
915 19
916 0
917 9
918 17
919 0
920 16
921 21
922 6
923 2
924 3
925 0
926 3
927 10
928 0
929 0
930 11
931 34
932 12
933 0
934 17
935 25
936 5
937 2
938 14
939 5
940 20
941 10
942 0
943 2
944 19
945 24
946 8
947 0
948 0
949 16
950 12
951 0
952 9
953 21
954 9
955 35
956 35
957 8
958 5
959 13
960 6
961 1
962 4
963 13
964 11
965 3
966 12
967 10
968 12
969 26
970 9
971 1
972 10
973 19
974 0
975 8
976 2
977 1
978 48
979 0
980 37
981 40
982 7
983 4
984 26
985 22
986 8
987 2
988 0
989 0
990 1
991 3
992 6
993 28
994 18
995 3
996 7
997 2
998 4
999 8
1000 3
1001 10
1002 15
1003 0
1004 0
1005 0
1006 0
1007 19
1008 25
1009 0
1010 3
1011 2
1012 2
1013 0
1014 0
1015 0
1016 8
1017 26
1018 0
1019 20
1020 16
1021 28
1022 0
1023 6
1024 9
1025 4
1026 16
1027 40
1028 7
1029 0
1030 0
1031 17
1032 0
1033 0
1034 5
1035 13
1036 4
1037 0
1038 28
1039 16
1040 23
1041 18
1042 1
1043 10
1044 0
1045 8
1046 11
1047 10
1048 14
1049 0
1050 2
1051 0
1052 0
1053 0
1054 2
1055 3
1056 7
1057 10
1058 15
1059 22
1060 0
1061 6
1062 0
1063 0
1064 0
1065 0
1066 1
1067 7
1068 3
1069 4
1070 6
1071 0
1072 20
1073 8
1074 20
1075 1
1076 2
1077 0
1078 10
1079 1
1080 16
1081 12
1082 4
1083 8
1084 6
1085 2
1086 0
1087 1
1088 0
1089 0
1090 18
1091 26
1092 20
1093 32
1094 17
1095 0
1096 3
1097 0
1098 5
1099 36
1100 0
1101 3
1102 2
1103 6
1104 0
1105 2
1106 35
1107 33
1108 4
1109 0
1110 67
1111 14
1112 0
1113 12
1114 20
1115 0
1116 0
1117 3
1118 2
1119 23
1120 23
1121 20
1122 2
1123 0
1124 4
1125 0
1126 5
1127 0
1128 7
1129 16
1130 0
1131 0
1132 0
1133 9
1134 7
1135 3
1136 0
1137 0
1138 0
1139 17
1140 73
1141 40
1142 14
1143 0
1144 1
1145 0
1146 3
1147 0
1148 0
1149 27
1150 39
1151 3
1152 3
1153 6
1154 8
1155 32
1156 19
1157 14
1158 5
1159 2
1160 6
1161 0
1162 9
1163 0
1164 0
1165 0
1166 11
1167 8
1168 17
1169 4
1170 20
1171 0
1172 0
1173 4
1174 0
1175 2
1176 0
1177 32
1178 5
1179 23
1180 0
1181 18
1182 13
1183 25
1184 9
1185 22
1186 13
1187 6
1188 1
1189 0
1190 0
1191 11
1192 8
1193 0
1194 4
1195 1
1196 4
1197 0
1198 11
1199 6
1200 4
1201 0
1202 0
1203 26
1204 1
1205 0
1206 4
1207 0
1208 6
1209 3
1210 23
1211 17
1212 40
1213 3
1214 13
1215 23
1216 9
1217 35
1218 22
1219 2
1220 15
1221 9
1222 0
1223 8
1224 5
1225 2
1226 7
1227 1
1228 11
1229 20
1230 7
1231 0
1232 5
1233 10
1234 12
1235 31
1236 10
1237 9
1238 14
1239 0
1240 5
1241 0
1242 2
1243 14
1244 0
1245 8
1246 5
1247 12
1248 31
1249 48
1250 4
1251 17
1252 30
1253 39
1254 74
1255 9
1256 7
1257 3
1258 16
1259 1
1260 6
1261 0
1262 6
1263 9
1264 20
1265 17
1266 8
1267 3
1268 1
1269 0
1270 2
1271 3
1272 8
1273 9
1274 54
1275 26
1276 1
1277 4
1278 4
1279 8
1280 0
1281 0
1282 0
1283 0
1284 0
1285 0
1286 15
1287 27
1288 11
1289 29
1290 18
1291 23
1292 11
1293 13
1294 177
1295 55
1296 5
1297 0
1298 8
1299 21
1300 2
1301 0
1302 3
1303 10
1304 33
1305 8
1306 2
1307 17
1308 12
1309 13
1310 0
1311 9
1312 0
1313 0
1314 0
1315 31
1316 26
1317 31
1318 36
1319 35
1320 33
1321 56
1322 30
1323 6
1324 5
1325 6
1326 2
1327 3
1328 0
1329 6
1330 3
1331 7
1332 37
1333 9
1334 2
1335 7
1336 7
1337 19
1338 16
1339 54
1340 78
1341 14
1342 3
1343 20
1344 26
1345 3
1346 5
1347 2
1348 1
1349 4
1350 28
1351 2
1352 0
1353 0
1354 3
1355 12
1356 0
1357 3
1358 0
1359 17
1360 1
1361 0
1362 0
1363 15
1364 39
1365 43
1366 9
1367 13
1368 13
1369 32
1370 21
1371 17
1372 0
1373 2
1374 0
1375 0
1376 0
1377 3
1378 5
1379 31
1380 34
1381 4
1382 6
1383 6
1384 18
1385 7
1386 22
1387 56
1388 19
1389 2
1390 23
1391 19
1392 5
1393 5
1394 1
1395 12
1396 11
1397 8
1398 0
1399 2
1400 23
1401 15
1402 7
1403 17
1404 14
1405 0
1406 5
1407 16
1408 15
1409 15
1410 15
1411 7
1412 7
1413 0
1414 4
1415 0
1416 15
1417 21
1418 14
1419 38
1420 18
1421 41
1422 0
1423 1
1424 3
1425 0
1426 3
1427 15
1428 47
1429 62
1430 39
1431 54
1432 30
1433 13
1434 16
1435 24
1436 18
1437 33
1438 1
1439 0
1440 9
1441 7
1442 61
1443 10
1444 8
1445 25
1446 30
1447 6
1448 10
1449 5
1450 4
1451 41
1452 7
1453 20
1454 14
1455 0
1456 8
1457 34
1458 0
1459 37
1460 12
1461 9
1462 2
1463 4
1464 0
1465 8
1466 11
1467 9
1468 2
1469 0
1470 0
1471 0
1472 0
1473 2
1474 1
1475 12
1476 54
1477 98
1478 34
1479 31
1480 41
1481 33
1482 8
1483 29
1484 17
1485 0
1486 7
1487 2
1488 18
1489 13
1490 73
1491 15
1492 7
1493 17
1494 17
1495 4
1496 32
1497 40
1498 2
1499 11
1500 20
1501 7
1502 11
1503 4
1504 15
1505 30
1506 6
1507 6
1508 25
1509 5
1510 7
1511 2
1512 0
1513 4
1514 39
1515 15
1516 0
1517 1
1518 0
1519 0
1520 0
1521 0
1522 1
1523 1
1524 17
1525 54
1526 39
1527 111
1528 81
1529 54
1530 25
1531 0
1532 10
1533 35
1534 3
1535 16
1536 9
1537 10
1538 18
1539 17
1540 0
1541 14
1542 4
1543 12
1544 64
1545 35
1546 38
1547 18
1548 8
1549 14
1550 23
1551 6
1552 6
1553 12
1554 6
1555 10
1556 35
1557 59
1558 6
1559 7
1560 13
1561 38
1562 30
1563 21
1564 1
1565 2
1566 10
1567 11
1568 26
1569 0
1570 2
1571 5
1572 76
1573 171
1574 55
1575 6
1576 53
1577 25
1578 16
1579 43
1580 44
1581 14
1582 23
1583 13
1584 13
1585 2
1586 0
1587 9
1588 25
1589 4
1590 50
1591 17
1592 10
1593 14
1594 14
1595 43
1596 28
1597 5
1598 2
1599 3
1600 42
1601 13
1602 37
1603 6
1604 2
1605 0
1606 0
1607 6
1608 0
1609 0
1610 0
1611 0
1612 14
1613 17
1614 7
1615 1
1616 19
1617 78
1618 57
1619 101
1620 43
1621 68
1622 61
1623 22
1624 15
1625 1
1626 45
1627 25
1628 11
1629 31
1630 15
1631 16
1632 13
1633 13
1634 22
1635 9
1636 5
1637 14
1638 12
1639 17
1640 27
1641 5
1642 0
1643 1
1644 1
1645 40
1646 82
1647 17
1648 23
1649 14
1650 10
1651 25
1652 0
1653 2
1654 9
1655 28
1656 30
1657 11
1658 14
1659 21
1660 11
1661 12
1662 16
1663 4
1664 14
1665 25
1666 14
1667 39
1668 44
1669 0
1670 7
1671 7
1672 0
1673 2
1674 0
1675 0
1676 0
1677 78
1678 55
1679 0
1680 0
1681 19
1682 24
1683 26
1684 15
1685 30
1686 22
1687 6
1688 9
1689 17
1690 7
1691 21
1692 3
1693 10
1694 19
1695 1
1696 8
1697 2
1698 4
1699 4
1700 3
1701 41
1702 5
1703 12
1704 0
1705 0
1706 4
1707 11
1708 1
1709 16
1710 69
1711 26
1712 14
1713 12
1714 10
1715 36
1716 19
1717 20
1718 5
1719 10
1720 0
1721 14
1722 3
1723 3
1724 6
1725 2
1726 12
1727 7
1728 27
1729 26
1730 3
1731 4
1732 0
1733 10
1734 4
1735 0
1736 5
1737 15
1738 22
1739 26
1740 20
1741 5
1742 19
1743 0
1744 14
1745 21
1746 10
1747 0
1748 3
1749 6
1750 5
1751 17
1752 20
1753 0
1754 0
1755 8
1756 5
1757 7
1758 0
1759 0
1760 0
1761 28
1762 7
1763 13
1764 13
1765 11
1766 7
1767 27
1768 17
1769 0
1770 4
1771 5
1772 12
1773 24
1774 12
1775 11
1776 7
1777 14
1778 23
1779 0
1780 4
1781 0
1782 14
1783 0
1784 5
1785 10
1786 1
1787 15
1788 9
1789 5
1790 0
1791 0
1792 17
1793 8
1794 1
1795 0
1796 3
1797 32
1798 31
1799 53
1800 46
1801 13
1802 20
1803 5
1804 11
1805 46
1806 39
1807 10
1808 14
1809 0
1810 12
1811 8
1812 6
1813 7
1814 6
1815 5
1816 3
1817 0
1818 7
1819 2
1820 13
1821 8
1822 8
1823 9
1824 35
1825 0
1826 0
1827 13
1828 14
1829 27
1830 2
1831 19
1832 6
1833 14
1834 4
1835 23
1836 7
1837 3
1838 8
1839 5
1840 8
1841 8
1842 4
1843 13
1844 32
1845 22
1846 7
1847 10
1848 21
1849 35
1850 0
1851 3
1852 4
1853 14
1854 7
1855 21
1856 11
1857 4
1858 31
1859 0
1860 7
1861 21
1862 22
1863 1
1864 12
1865 3
1866 0
1867 86
1868 21
1869 8
1870 3
1871 13
1872 36
1873 17
1874 6
1875 3
1876 2
1877 9
1878 13
1879 7
1880 0
1881 17
1882 31
1883 38
1884 18
1885 8
1886 4
1887 3
1888 0
1889 0
1890 18
1891 8
1892 14
1893 13
1894 56
1895 51
1896 24
1897 7
1898 4
1899 5
1900 28
1901 14
1902 2
1903 32
1904 11
1905 19
1906 6
1907 10
1908 9
1909 10
1910 8
1911 14
1912 31
1913 17
1914 3
1915 0
1916 2
1917 15
1918 9
1919 18
1920 5
1921 13
1922 5
1923 16
1924 0
1925 17
1926 0
1927 2
1928 2
1929 3
1930 9
1931 17
1932 5
1933 2
1934 7
1935 17
1936 21
1937 4
1938 2
1939 5
1940 24
1941 16
1942 38
1943 36
1944 4
1945 6
1946 6
1947 0
1948 6
1949 6
1950 6
1951 17
1952 11
1953 24
1954 9
1955 30
1956 4
1957 13
1958 18
1959 10
1960 7
1961 0
1962 0
1963 2
1964 35
1965 38
1966 5
1967 19
1968 32
1969 17
1970 7
1971 12
1972 32
1973 3
1974 7
1975 21
1976 8
1977 0
1978 2
1979 1
1980 0
1981 33
1982 14
1983 3
1984 5
1985 27
1986 15
1987 0
1988 1
1989 23
1990 11
1991 15
1992 8
1993 4
1994 0
1995 30
1996 47
1997 17
1998 8
1999 20
2000 15
2001 0
2002 5
2003 10
2004 27
2005 16
2006 7
2007 12
2008 6
2009 12
2010 17
2011 0
2012 4
2013 0
2014 20
2015 18
2016 29
2017 38
2018 2
2019 26
2020 9
2021 7
2022 4
2023 28
2024 40
2025 0
2026 10
2027 9
2028 9
2029 4
2030 20
2031 24
2032 13
2033 7
2034 14
2035 25
2036 31
2037 13
2038 9
2039 0
2040 6
2041 4
2042 6
2043 24
2044 6
2045 11
2046 10
2047 7
2048 29
2049 31
2050 24
2051 22
2052 1
2053 1
2054 16
2055 46
2056 7
2057 8
2058 7
2059 11
2060 8
2061 21
2062 12
2063 11
2064 2
2065 0
2066 19
2067 17
2068 0
2069 23
2070 5
2071 12
2072 27
2073 23
2074 15
2075 17
2076 24
2077 4
2078 0
2079 3
2080 21
2081 32
2082 26
2083 20
2084 8
2085 6
2086 16
2087 13
2088 22
2089 19
2090 12
2091 8
2092 6
2093 6
2094 12
2095 44
2096 13
2097 47
2098 23
2099 14
2100 7
2101 4
2102 0
2103 35
2104 26
2105 12
2106 0
2107 0
2108 5
2109 3
2110 25
2111 15
2112 26
2113 11
2114 6
2115 20
2116 13
2117 0
2118 23
2119 31
2120 7
2121 5
2122 1
2123 3
2124 26
2125 3
2126 16
2127 0
2128 23
2129 8
2130 12
2131 28
2132 35
2133 4
2134 0
2135 4
2136 0
2137 18
2138 35
2139 8
2140 3
2141 0
2142 0
2143 0
2144 21
2145 26
2146 11
2147 5
2148 32
2149 14
2150 38
2151 6
2152 24
2153 29
2154 22
2155 7
2156 1
2157 2
2158 1
2159 13
2160 27
2161 27
2162 0
2163 1
2164 5
2165 22
2166 11
2167 10
2168 6
2169 16
2170 5
2171 3
2172 17
2173 14
2174 1
2175 7
2176 0
2177 16
2178 3
2179 4
2180 3
2181 8
2182 6
2183 9
2184 3
2185 0
2186 0
2187 0
2188 7
2189 4
2190 20
2191 16
2192 6
2193 23
2194 2
2195 0
2196 0
2197 2
2198 0
2199 12
2200 5
2201 11
2202 11
2203 21
2204 3
2205 23
2206 23
2207 7
2208 0
2209 11
2210 8
2211 17
2212 0
2213 30
2214 6
2215 7
2216 2
2217 2
2218 1
2219 2
2220 12
2221 0
2222 0
2223 5
2224 18
2225 2
2226 2
2227 26
2228 0
2229 18
2230 20
2231 2
2232 6
2233 10
2234 0
2235 2
2236 0
2237 7
2238 2
2239 0
2240 0
2241 1
2242 0
2243 25
2244 12
2245 3
2246 4
2247 21
2248 36
2249 5
2250 31
2251 12
2252 3
2253 10
2254 26
2255 12
2256 18
2257 4
2258 0
2259 1
2260 23
2261 3
2262 1
2263 0
2264 0
2265 7
2266 40
2267 26
2268 25
2269 36
2270 35
2271 18
2272 1
2273 5
2274 33
2275 27
2276 0
2277 34
2278 7
2279 3
2280 1
2281 25
2282 30
2283 2
2284 0
2285 0
2286 18
2287 3
2288 6
2289 5
2290 25
2291 41
2292 4
2293 0
2294 31
2295 21
2296 6
2297 12
2298 8
2299 0
2300 14
2301 21
2302 0
2303 0
2304 7
2305 1
2306 4
2307 12
2308 32
2309 11
2310 10
2311 9
2312 8
2313 7
2314 14
2315 7
2316 35
2317 11
2318 0
2319 3
2320 26
2321 18
2322 15
2323 0
2324 0
2325 4
2326 27
2327 51
2328 8
2329 0
2330 3
2331 0
2332 8
2333 6
2334 48
2335 55
2336 5
2337 2
2338 7
2339 15
2340 10
2341 4
2342 0
2343 0
2344 10
2345 18
2346 11
2347 15
2348 2
2349 9
2350 13
2351 21
2352 19
2353 33
2354 15
2355 4
2356 12
2357 0
2358 1
2359 0
2360 0
2361 0
2362 0
2363 28
2364 22
2365 4
2366 22
2367 18
2368 3
2369 15
2370 20
2371 16
2372 14
2373 6
2374 0
2375 14
2376 23
2377 0
2378 0
2379 2
2380 5
2381 0
2382 25
2383 13
2384 10
2385 37
2386 10
2387 29
2388 45
2389 23
2390 17
2391 33
2392 3
2393 3
2394 28
2395 9
2396 3
2397 0
2398 25
2399 0
2400 3
2401 14
2402 59
2403 6
2404 9
2405 20
2406 29
2407 16
2408 10
2409 15
2410 10
2411 18
2412 18
2413 2
2414 0
2415 6
2416 2
2417 4
2418 0
2419 15
2420 28
2421 21
2422 62
2423 8
2424 18
2425 17
2426 25
2427 26
2428 33
2429 7
2430 0
2431 8
2432 18
2433 0
2434 4
2435 6
2436 9
2437 6
2438 34
2439 3
2440 11
2441 28
2442 25
2443 12
2444 14
2445 10
2446 0
2447 0
2448 0
2449 0
2450 0
2451 3
2452 2
2453 0
2454 14
2455 10
2456 12
2457 0
2458 1
2459 0
2460 2
2461 0
2462 0
2463 1
2464 7
2465 53
2466 8
2467 0
2468 5
2469 3
2470 10
2471 5
2472 0
2473 1
2474 0
2475 0
2476 0
2477 2
2478 11
2479 1
2480 5
2481 7
2482 2
2483 9
2484 9
2485 14
2486 7
2487 23
2488 3
2489 5
2490 1
2491 0
2492 0
2493 0
2494 5
2495 11
2496 5
2497 8
2498 0
2499 9
2500 5
2501 4
2502 5
2503 27
2504 1
2505 0
2506 1
2507 0
2508 0
2509 5
2510 3
2511 5
2512 3
2513 9
2514 0
2515 0
2516 1
2517 0
2518 0
2519 0
2520 4
2521 0
2522 3
2523 9
2524 0
2525 0
2526 13
2527 5
2528 0
2529 0
2530 4
2531 0
2532 0
2533 0
2534 18
2535 29
2536 4
2537 5
2538 11
2539 0
2540 0
2541 2
2542 32
2543 6
2544 10
2545 26
2546 2
2547 1
2548 5
2549 4
2550 0
2551 0
2552 7
2553 14
2554 5
2555 0
2556 0
2557 0
2558 0
2559 5
2560 11
2561 12
2562 4
2563 7
2564 2
2565 2
2566 4
2567 2
2568 2
2569 0
2570 5
2571 1
2572 0
2573 5
2574 0
2575 9
2576 0
2577 0
2578 1
2579 0
2580 0
2581 0
2582 0
2583 0
2584 0
2585 0
2586 0
2587 0
2588 0
2589 0
2590 0
2591 0
2592 0
2593 0
2594 0
2595 0
2596 0
2597 0
2598 0
