0 38
1 0
2 2
3 0
4 14
5 27
6 0
7 0
8 0
9 1
10 8
11 37
12 5
13 24
14 58
15 17
16 48
17 6
18 2
19 108
20 0
21 14
22 6
23 52
24 0
25 19
26 0
27 0
28 0
29 1
30 0
31 2
32 0
33 26
34 0
35 40
36 0
37 4
38 1
39 4
40 11
41 1
42 1
43 0
44 44
45 0
46 0
47 0
48 2
49 45
50 23
51 6
52 30
53 42
54 37
55 0
56 4
57 23
58 47
59 1
60 7
61 51
62 38
63 3
64 5
65 86
66 10
67 38
68 14
69 0
70 3
71 5
72 0
73 0
74 43
75 72
76 3
77 26
78 72
79 66
80 5
81 0
82 26
83 12
84 3
85 0
86 21
87 108
88 82
89 1
90 0
91 1
92 4
93 30
94 11
95 0
96 4
97 31
98 9
99 56
100 0
101 0
102 38
103 38
104 2
105 14
106 43
107 12
108 35
109 43
110 0
111 15
112 26
113 3
114 24
115 13
116 49
117 6
118 1
119 27
120 0
121 17
122 81
123 23
124 4
125 0
126 5
127 6
128 11
129 17
130 4
131 22
132 5
133 0
134 1
135 74
136 39
137 139
138 11
139 4
140 61
141 62
142 9
143 5
144 0
145 0
146 47
147 11
148 65
149 26
150 20
151 0
152 0
153 13
154 10
155 21
156 7
157 13
158 157
159 19
160 13
161 8
162 0
163 27
164 26
165 36
166 54
167 34
168 15
169 13
170 59
171 38
172 14
173 10
174 60
175 118
176 71
177 8
178 19
179 1
180 72
181 4
182 187
183 88
184 37
185 24
186 136
187 121
188 61
189 5
190 8
191 0
192 0
193 0
194 1
195 0
196 65
197 37
198 2
199 58
200 43
201 44
202 16
203 70
204 46
205 100
206 153
207 26
208 21
209 0
210 114
211 0
212 11
213 33
214 0
215 65
216 3
217 23
218 25
219 83
220 25
221 94
222 96
223 80
224 132
225 70
226 53
227 6
228 0
229 14
230 0
231 0
232 0
233 4
234 0
235 9
236 0
237 0
238 39
239 162
240 5
241 97
242 94
243 9
244 91
245 20
246 35
247 0
248 28
249 22
250 9
251 0
252 9
253 0
254 4
255 16
256 255
257 82
258 12
259 1
260 0
261 0
262 4
263 45
264 0
265 13
266 3
267 11
268 3
269 0
270 21
271 61
272 11
273 0
274 2
275 6
276 0
277 1
278 12
279 44
280 2
281 0
282 16
283 157
284 0
285 1
286 16
287 12
288 15
289 8
290 128
291 19
292 201
293 69
294 1
295 35
296 56
297 20
298 23
299 10
300 32
301 25
302 38
303 24
304 127
305 39
306 36
307 80
308 0
309 46
310 30
311 55
312 36
313 9
314 8
315 59
316 53
317 64
318 135
319 2
320 15
321 24
322 6
323 12
324 0
325 1
326 7
327 4
328 0
329 0
330 1
331 33
332 2
333 69
334 85
335 83
336 7
337 31
338 102
339 62
340 0
341 1
342 2
343 0
344 5
345 0
346 24
347 1
348 66
349 18
350 27
351 143
352 21
353 1
354 0
355 0
356 0
357 38
358 0
359 37
360 37
361 110
362 147
363 2
364 0
365 0
366 8
367 21
368 45
369 58
370 11
371 11
372 11
373 19
374 11
375 13
376 32
377 0
378 6
379 35
380 41
381 0
382 29
383 1
384 30
385 52
386 0
387 0
388 31
389 48
390 96
391 55
392 100
393 0
394 55
395 20
396 99
397 29
398 0
399 54
400 2
401 40
402 13
403 15
404 57
405 37
406 94
407 67
408 20
409 0
410 11
411 18
412 31
413 133
414 88
415 2
416 15
417 35
418 4
419 21
420 1
421 2
422 42
423 54
424 76
425 31
426 14
427 1
428 43
429 0
430 79
431 6
432 5
433 17
434 0
435 2
436 72
437 128
438 173
439 63
440 93
441 91
442 30
443 139
444 28
445 19
446 18
447 1
448 65
449 20
450 55
451 30
452 49
453 89
454 97
455 13
456 60
457 121
458 76
459 0
460 1
461 97
462 53
463 44
464 45
465 35
466 1
467 76
468 45
469 100
470 122
471 120
472 74
473 46
474 79
475 34
476 3
477 1
478 3
479 11
480 9
481 19
482 24
483 1
484 55
485 21
486 35
487 48
488 18
489 98
490 26
491 10
492 96
493 185
494 11
495 40
496 12
497 9
498 93
499 31
500 32
501 26
502 25
503 10
504 3
505 33
506 43
507 5
508 2
509 154
510 9
511 15
512 80
513 119
514 42
515 76
516 35
517 29
518 1
519 24
520 135
521 100
522 1
523 20
524 14
525 1
526 0
527 8
528 45
529 8
530 7
531 12
532 82
533 81
534 6
535 58
536 73
537 7
538 10
539 49
540 7
541 20
542 7
543 67
544 72
545 1
546 43
547 0
548 54
549 0
550 30
551 6
552 65
553 73
554 94
555 97
556 26
557 7
558 29
559 55
560 11
561 41
562 15
563 0
564 0
565 0
566 0
567 12
568 2
569 1
570 7
571 41
572 33
573 21
574 4
575 54
576 19
577 27
578 29
579 16
580 2
581 0
582 2
583 24
584 42
585 42
586 34
587 9
588 62
589 136
590 0
591 0
592 31
593 2
594 0
595 12
596 6
597 4
598 82
599 88
600 69
601 157
602 31
603 22
604 16
605 8
606 33
607 36
608 66
609 19
610 52
611 25
612 75
613 42
614 120
615 83
616 75
617 0
618 3
619 3
620 9
621 0
622 23
623 9
624 16
625 103
626 50
627 121
628 78
629 64
630 97
631 14
632 29
633 21
634 30
635 17
636 47
637 1
638 16
639 47
640 3
641 38
642 39
643 116
644 21
645 80
646 42
647 4
648 6
649 0
650 0
651 24
652 36
653 17
654 19
655 20
656 18
657 1
658 85
659 64
660 3
661 44
662 2
663 62
664 6
665 4
666 47
667 27
668 1
669 17
670 24
671 80
672 13
673 3
674 8
675 0
676 57
677 74
678 59
679 32
680 92
681 72
682 1
683 15
684 11
685 36
686 6
687 0
688 0
689 16
690 94
691 53
692 33
693 0
694 9
695 3
696 8
697 9
698 5
699 30
700 16
701 26
702 38
703 0
704 5
705 49
706 107
707 39
708 1
709 41
710 0
711 0
712 6
713 4
714 0
715 4
716 32
717 141
718 66
719 61
720 137
721 27
722 11
723 0
724 22
725 5
726 27
727 24
728 24
729 53
730 25
731 57
732 1
733 20
734 39
735 15
736 46
737 31
738 88
739 93
740 36
741 24
742 0
743 7
744 68
745 2
746 0
747 0
748 44
749 22
750 152
751 2
752 69
753 16
754 49
755 2
756 18
757 9
758 20
759 91
760 33
761 13
762 39
763 12
764 86
765 32
766 23
767 30
768 0
769 18
770 79
771 15
772 3
773 0
774 23
775 42
776 19
777 13
778 26
779 0
780 0
781 10
782 24
783 5
784 37
785 11
786 67
787 31
788 5
789 87
790 3
791 6
792 23
793 49
794 47
795 0
796 38
797 61
798 26
799 18
800 6
801 0
802 16
803 0
804 0
805 1
806 83
807 44
808 25
809 71
810 31
811 7
812 26
813 30
814 4
815 1
816 0
817 0
818 17
819 79
820 83
821 86
822 28
823 41
824 4
825 35
826 13
827 61
828 40
829 22
830 18
831 31
832 39
833 55
834 52
835 20
836 34
837 15
838 9
839 2
840 0
841 5
842 3
843 0
844 20
845 34
846 25
847 70
848 37
849 9
850 48
851 0
852 47
853 12
854 3
855 38
856 8
857 48
858 54
859 4
860 12
861 26
862 60
863 9
864 11
865 33
866 8
867 29
868 4
869 1
870 15
871 3
872 1
873 0
874 0
875 0
876 3
877 93
878 33
879 27
880 118
881 81
882 8
883 5
884 39
885 4
886 6
887 4
888 25
889 104
890 6
891 4
892 31
893 14
894 14
895 21
896 16
897 28
898 9
899 0
900 0
901 0
902 13
903 159
904 78
905 16
906 67
907 91
908 76
909 0
910 4
911 39
912 0
913 0
914 14
915 60
916 0
917 26
918 65
919 18
920 55
921 75
922 17
923 2
924 13
925 1
926 5
927 27
928 0
929 0
930 44
931 96
932 39
933 118
934 54
935 78
936 15
937 5
938 45
939 17
940 53
941 30
942 0
943 1
944 62
945 70
946 29
947 0
948 0
949 51
950 40
951 2
952 27
953 70
954 27
955 107
956 136
957 21
958 17
959 41
960 24
961 2
962 13
963 37
964 48
965 3
966 36
967 29
968 27
969 83
970 31
971 0
972 26
973 64
974 23
975 38
976 3
977 1
978 150
979 21
980 140
981 148
982 20
983 12
984 79
985 68
986 20
987 2
988 0
989 0
990 1
991 12
992 15
993 95
994 54
995 12
996 26
997 7
998 19
999 29
1000 14
1001 33
1002 63
1003 0
1004 0
1005 0
1006 0
1007 60
1008 101
1009 0
1010 8
1011 8
1012 1
1013 0
1014 0
1015 0
1016 27
1017 65
1018 5
1019 67
1020 59
1021 94
1022 62
1023 22
1024 33
1025 12
1026 47
1027 122
1028 20
1029 4
1030 8
1031 52
1032 0
1033 2
1034 19
1035 40
1036 19
1037 8
1038 92
1039 58
1040 83
1041 46
1042 1
1043 29
1044 6
1045 22
1046 42
1047 30
1048 41
1049 0
1050 5
1051 0
1052 0
1053 0
1054 5
1055 11
1056 16
1057 37
1058 56
1059 90
1060 83
1061 17
1062 0
1063 3
1064 0
1065 6
1066 0
1067 13
1068 7
1069 19
1070 16
1071 10
1072 83
1073 27
1074 52
1075 7
1076 8
1077 0
1078 35
1079 5
1080 65
1081 36
1082 12
1083 29
1084 26
1085 8
1086 0
1087 3
1088 0
1089 0
1090 68
1091 101
1092 72
1093 113
1094 40
1095 5
1096 18
1097 6
1098 18
1099 94
1100 0
1101 6
1102 7
1103 19
1104 5
1105 5
1106 115
1107 114
1108 24
1109 0
1110 226
1111 47
1112 3
1113 35
1114 60
1115 5
1116 0
1117 3
1118 3
1119 87
1120 64
1121 64
1122 5
1123 2
1124 20
1125 1
1126 22
1127 0
1128 25
1129 40
1130 0
1131 0
1132 0
1133 32
1134 19
1135 7
1136 0
1137 0
1138 0
1139 53
1140 237
1141 131
1142 50
1143 0
1144 5
1145 0
1146 14
1147 0
1148 0
1149 84
1150 140
1151 13
1152 12
1153 10
1154 37
1155 113
1156 79
1157 51
1158 7
1159 2
1160 15
1161 4
1162 18
1163 0
1164 0
1165 0
1166 24
1167 15
1168 80
1169 8
1170 66
1171 0
1172 0
1173 12
1174 0
1175 2
1176 54
1177 112
1178 12
1179 82
1180 7
1181 56
1182 49
1183 91
1184 28
1185 50
1186 37
1187 23
1188 2
1189 0
1190 1
1191 35
1192 39
1193 0
1194 10
1195 2
1196 7
1197 0
1198 31
1199 30
1200 13
1201 1
1202 0
1203 101
1204 5
1205 2
1206 12
1207 0
1208 23
1209 10
1210 59
1211 45
1212 130
1213 10
1214 35
1215 57
1216 30
1217 146
1218 63
1219 12
1220 51
1221 23
1222 6
1223 34
1224 30
1225 5
1226 18
1227 2
1228 30
1229 58
1230 26
1231 1
1232 16
1233 36
1234 35
1235 121
1236 23
1237 31
1238 45
1239 0
1240 13
1241 0
1242 1
1243 51
1244 0
1245 19
1246 12
1247 39
1248 93
1249 153
1250 7
1251 65
1252 105
1253 129
1254 214
1255 28
1256 28
1257 6
1258 66
1259 8
1260 21
1261 4
1262 21
1263 31
1264 76
1265 57
1266 34
1267 9
1268 1
1269 0
1270 6
1271 7
1272 29
1273 30
1274 191
1275 81
1276 5
1277 14
1278 17
1279 21
1280 0
1281 2
1282 0
1283 0
1284 0
1285 0
1286 54
1287 81
1288 28
1289 60
1290 65
1291 72
1292 30
1293 40
1294 576
1295 203
1296 21
1297 2
1298 22
1299 67
1300 10
1301 0
1302 16
1303 32
1304 92
1305 21
1306 10
1307 68
1308 52
1309 42
1310 7
1311 32
1312 0
1313 0
1314 1
1315 88
1316 79
1317 88
1318 109
1319 103
1320 81
1321 179
1322 85
1323 11
1324 10
1325 26
1326 1
1327 10
1328 0
1329 17
1330 10
1331 31
1332 118
1333 28
1334 8
1335 25
1336 21
1337 82
1338 61
1339 154
1340 277
1341 45
1342 14
1343 63
1344 67
1345 11
1346 11
1347 6
1348 4
1349 22
1350 106
1351 5
1352 2
1353 89
1354 10
1355 53
1356 49
1357 12
1358 10
1359 40
1360 5
1361 0
1362 0
1363 38
1364 138
1365 162
1366 34
1367 51
1368 50
1369 92
1370 75
1371 77
1372 0
1373 8
1374 0
1375 0
1376 3
1377 6
1378 29
1379 112
1380 119
1381 16
1382 15
1383 19
1384 52
1385 27
1386 81
1387 207
1388 47
1389 11
1390 65
1391 57
1392 14
1393 12
1394 9
1395 35
1396 29
1397 25
1398 0
1399 7
1400 75
1401 45
1402 34
1403 40
1404 32
1405 17
1406 15
1407 60
1408 53
1409 66
1410 57
1411 21
1412 18
1413 0
1414 11
1415 3
1416 46
1417 52
1418 46
1419 104
1420 57
1421 124
1422 32
1423 0
1424 8
1425 0
1426 8
1427 47
1428 153
1429 209
1430 126
1431 171
1432 119
1433 41
1434 60
1435 74
1436 41
1437 123
1438 0
1439 0
1440 35
1441 34
1442 185
1443 30
1444 33
1445 77
1446 107
1447 17
1448 28
1449 18
1450 11
1451 120
1452 24
1453 81
1454 37
1455 3
1456 30
1457 111
1458 0
1459 136
1460 39
1461 20
1462 8
1463 23
1464 0
1465 21
1466 35
1467 32
1468 5
1469 7
1470 2
1471 0
1472 5
1473 8
1474 2
1475 42
1476 189
1477 350
1478 102
1479 78
1480 109
1481 113
1482 18
1483 90
1484 59
1485 0
1486 17
1487 2
1488 54
1489 51
1490 200
1491 50
1492 29
1493 56
1494 68
1495 14
1496 105
1497 100
1498 10
1499 41
1500 61
1501 22
1502 33
1503 8
1504 55
1505 104
1506 17
1507 30
1508 88
1509 14
1510 36
1511 4
1512 8
1513 16
1514 129
1515 46
1516 25
1517 3
1518 0
1519 0
1520 0
1521 5
1522 4
1523 2
1524 38
1525 185
1526 120
1527 374
1528 291
1529 183
1530 58
1531 0
1532 29
1533 78
1534 4
1535 59
1536 33
1537 42
1538 56
1539 53
1540 1
1541 47
1542 13
1543 35
1544 211
1545 123
1546 145
1547 68
1548 12
1549 46
1550 89
1551 21
1552 24
1553 29
1554 25
1555 24
1556 108
1557 213
1558 22
1559 24
1560 48
1561 138
1562 82
1563 77
1564 0
1565 5
1566 36
1567 36
1568 100
1569 0
1570 2
1571 13
1572 282
1573 547
1574 176
1575 19
1576 171
1577 80
1578 52
1579 129
1580 159
1581 55
1582 54
1583 51
1584 37
1585 2
1586 0
1587 26
1588 105
1589 10
1590 178
1591 52
1592 43
1593 44
1594 47
1595 154
1596 98
1597 11
1598 4
1599 12
1600 137
1601 48
1602 135
1603 15
1604 13
1605 0
1606 2
1607 21
1608 0
1609 0
1610 0
1611 0
1612 31
1613 48
1614 28
1615 3
1616 63
1617 236
1618 187
1619 344
1620 118
1621 239
1622 170
1623 82
1624 55
1625 6
1626 148
1627 91
1628 40
1629 96
1630 49
1631 30
1632 53
1633 49
1634 76
1635 26
1636 24
1637 30
1638 44
1639 49
1640 82
1641 17
1642 1
1643 2
1644 5
1645 147
1646 268
1647 51
1648 91
1649 36
1650 32
1651 96
1652 232
1653 5
1654 36
1655 89
1656 107
1657 29
1658 48
1659 71
1660 32
1661 40
1662 53
1663 9
1664 51
1665 72
1666 44
1667 124
1668 105
1669 0
1670 27
1671 19
1672 0
1673 6
1674 0
1675 0
1676 1
1677 258
1678 177
1679 146
1680 152
1681 56
1682 89
1683 85
1684 43
1685 84
1686 65
1687 24
1688 34
1689 57
1690 22
1691 49
1692 10
1693 39
1694 50
1695 4
1696 22
1697 3
1698 14
1699 12
1700 8
1701 132
1702 11
1703 35
1704 0
1705 0
1706 2
1707 29
1708 0
1709 44
1710 200
1711 77
1712 50
1713 32
1714 27
1715 106
1716 78
1717 61
1718 15
1719 32
1720 2
1721 44
1722 9
1723 5
1724 18
1725 5
1726 40
1727 24
1728 86
1729 76
1730 0
1731 10
1732 0
1733 30
1734 14
1735 1
1736 24
1737 53
1738 100
1739 94
1740 58
1741 14
1742 76
1743 10
1744 29
1745 63
1746 26
1747 0
1748 4
1749 16
1750 15
1751 63
1752 86
1753 3
1754 2
1755 28
1756 12
1757 19
1758 24
1759 0
1760 0
1761 85
1762 27
1763 40
1764 48
1765 47
1766 30
1767 72
1768 48
1769 0
1770 5
1771 19
1772 40
1773 82
1774 35
1775 33
1776 33
1777 45
1778 90
1779 0
1780 6
1781 0
1782 45
1783 0
1784 17
1785 18
1786 0
1787 61
1788 31
1789 7
1790 47
1791 0
1792 62
1793 25
1794 4
1795 0
1796 7
1797 93
1798 96
1799 196
1800 125
1801 39
1802 59
1803 12
1804 29
1805 137
1806 144
1807 24
1808 43
1809 0
1810 47
1811 26
1812 21
1813 20
1814 17
1815 19
1816 11
1817 1
1818 24
1819 2
1820 37
1821 29
1822 23
1823 29
1824 109
1825 38
1826 6
1827 32
1828 53
1829 85
1830 2
1831 57
1832 19
1833 57
1834 12
1835 69
1836 41
1837 7
1838 23
1839 13
1840 27
1841 25
1842 9
1843 32
1844 118
1845 75
1846 12
1847 34
1848 64
1849 117
1850 14
1851 5
1852 14
1853 56
1854 13
1855 60
1856 37
1857 9
1858 99
1859 115
1860 32
1861 62
1862 74
1863 0
1864 25
1865 9
1866 26
1867 237
1868 71
1869 36
1870 8
1871 39
1872 139
1873 71
1874 17
1875 6
1876 7
1877 33
1878 33
1879 28
1880 1
1881 64
1882 106
1883 126
1884 75
1885 26
1886 8
1887 11
1888 1
1889 62
1890 40
1891 17
1892 42
1893 37
1894 167
1895 150
1896 81
1897 24
1898 18
1899 17
1900 89
1901 57
1902 8
1903 93
1904 37
1905 54
1906 42
1907 58
1908 29
1909 37
1910 29
1911 50
1912 102
1913 46
1914 4
1915 0
1916 3
1917 55
1918 28
1919 49
1920 26
1921 47
1922 11
1923 46
1924 52
1925 54
1926 6
1927 4
1928 9
1929 11
1930 26
1931 44
1932 14
1933 6
1934 20
1935 52
1936 47
1937 8
1938 6
1939 10
1940 66
1941 56
1942 136
1943 112
1944 18
1945 15
1946 26
1947 4
1948 24
1949 13
1950 12
1951 64
1952 42
1953 70
1954 41
1955 110
1956 14
1957 28
1958 57
1959 29
1960 19
1961 3
1962 0
1963 16
1964 111
1965 116
1966 3
1967 53
1968 117
1969 46
1970 30
1971 28
1972 92
1973 9
1974 32
1975 59
1976 26
1977 0
1978 3
1979 1
1980 47
1981 107
1982 47
1983 8
1984 14
1985 81
1986 43
1987 0
1988 3
1989 68
1990 37
1991 47
1992 39
1993 18
1994 45
1995 95
1996 93
1997 56
1998 24
1999 68
2000 56
2001 0
2002 10
2003 33
2004 99
2005 48
2006 25
2007 40
2008 23
2009 37
2010 45
2011 55
2012 8
2013 10
2014 64
2015 50
2016 99
2017 90
2018 6
2019 63
2020 31
2021 29
2022 18
2023 105
2024 137
2025 0
2026 31
2027 26
2028 32
2029 21
2030 53
2031 84
2032 52
2033 20
2034 51
2035 81
2036 117
2037 40
2038 34
2039 26
2040 12
2041 12
2042 26
2043 60
2044 18
2045 25
2046 31
2047 31
2048 79
2049 116
2050 77
2051 78
2052 7
2053 5
2054 42
2055 173
2056 21
2057 31
2058 30
2059 33
2060 28
2061 61
2062 47
2063 33
2064 13
2065 3
2066 67
2067 54
2068 0
2069 64
2070 21
2071 41
2072 99
2073 78
2074 38
2075 60
2076 91
2077 24
2078 0
2079 11
2080 53
2081 85
2082 65
2083 57
2084 36
2085 22
2086 48
2087 45
2088 63
2089 59
2090 40
2091 28
2092 22
2093 30
2094 52
2095 156
2096 45
2097 166
2098 74
2099 54
2100 26
2101 10
2102 1
2103 110
2104 114
2105 44
2106 1
2107 0
2108 23
2109 16
2110 81
2111 44
2112 90
2113 48
2114 36
2115 50
2116 36
2117 28
2118 100
2119 88
2120 20
2121 19
2122 4
2123 6
2124 88
2125 9
2126 57
2127 63
2128 64
2129 29
2130 39
2131 97
2132 108
2133 15
2134 0
2135 16
2136 0
2137 55
2138 116
2139 22
2140 6
2141 0
2142 0
2143 1
2144 76
2145 83
2146 36
2147 16
2148 125
2149 49
2150 138
2151 17
2152 72
2153 47
2154 58
2155 26
2156 4
2157 2
2158 1
2159 29
2160 97
2161 95
2162 0
2163 0
2164 14
2165 53
2166 41
2167 24
2168 15
2169 49
2170 15
2171 3
2172 68
2173 31
2174 0
2175 26
2176 0
2177 45
2178 8
2179 25
2180 7
2181 21
2182 16
2183 36
2184 11
2185 0
2186 0
2187 52
2188 25
2189 21
2190 72
2191 54
2192 21
2193 73
2194 11
2195 2
2196 0
2197 10
2198 4
2199 31
2200 23
2201 37
2202 58
2203 78
2204 5
2205 85
2206 81
2207 18
2208 1
2209 35
2210 29
2211 66
2212 112
2213 84
2214 14
2215 25
2216 2
2217 5
2218 2
2219 1
2220 32
2221 0
2222 0
2223 20
2224 44
2225 9
2226 5
2227 80
2228 68
2229 57
2230 68
2231 3
2232 26
2233 35
2234 0
2235 3
2236 1
2237 20
2238 9
2239 0
2240 0
2241 6
2242 1
2243 91
2244 36
2245 1
2246 15
2247 71
2248 120
2249 17
2250 94
2251 43
2252 13
2253 33
2254 80
2255 45
2256 69
2257 15
2258 1
2259 9
2260 82
2261 9
2262 3
2263 0
2264 0
2265 25
2266 114
2267 89
2268 85
2269 112
2270 114
2271 68
2272 0
2273 11
2274 109
2275 95
2276 39
2277 95
2278 27
2279 2
2280 3
2281 87
2282 109
2283 9
2284 0
2285 8
2286 67
2287 11
2288 24
2289 22
2290 95
2291 133
2292 6
2293 0
2294 101
2295 90
2296 17
2297 44
2298 27
2299 0
2300 43
2301 55
2302 34
2303 0
2304 21
2305 4
2306 6
2307 36
2308 97
2309 30
2310 35
2311 25
2312 24
2313 23
2314 44
2315 20
2316 119
2317 34
2318 0
2319 12
2320 89
2321 46
2322 42
2323 0
2324 0
2325 8
2326 94
2327 177
2328 26
2329 7
2330 7
2331 0
2332 17
2333 19
2334 150
2335 205
2336 17
2337 1
2338 24
2339 46
2340 44
2341 13
2342 0
2343 0
2344 39
2345 61
2346 36
2347 67
2348 7
2349 34
2350 45
2351 77
2352 68
2353 102
2354 59
2355 15
2356 44
2357 12
2358 2
2359 0
2360 0
2361 0
2362 1
2363 81
2364 85
2365 9
2366 71
2367 64
2368 15
2369 38
2370 59
2371 39
2372 39
2373 22
2374 0
2375 51
2376 75
2377 0
2378 0
2379 8
2380 14
2381 1
2382 97
2383 48
2384 27
2385 120
2386 36
2387 82
2388 149
2389 67
2390 55
2391 109
2392 11
2393 12
2394 81
2395 25
2396 10
2397 0
2398 82
2399 0
2400 5
2401 53
2402 201
2403 12
2404 23
2405 72
2406 75
2407 56
2408 39
2409 46
2410 33
2411 79
2412 49
2413 6
2414 0
2415 22
2416 6
2417 13
2418 1
2419 52
2420 99
2421 81
2422 182
2423 29
2424 44
2425 61
2426 76
2427 104
2428 120
2429 20
2430 0
2431 19
2432 63
2433 0
2434 5
2435 32
2436 37
2437 21
2438 112
2439 11
2440 38
2441 97
2442 96
2443 43
2444 45
2445 41
2446 4
2447 0
2448 0
2449 45
2450 1
2451 7
2452 5
2453 1
2454 42
2455 25
2456 40
2457 34
2458 5
2459 29
2460 2
2461 2
2462 0
2463 3
2464 30
2465 177
2466 18
2467 0
2468 12
2469 15
2470 29
2471 21
2472 18
2473 2
2474 0
2475 0
2476 0
2477 9
2478 45
2479 1
2480 9
2481 25
2482 7
2483 15
2484 31
2485 45
2486 17
2487 71
2488 8
2489 18
2490 1
2491 0
2492 0
2493 0
2494 19
2495 37
2496 15
2497 25
2498 1
2499 32
2500 20
2501 10
2502 18
2503 85
2504 0
2505 0
2506 4
2507 0
2508 0
2509 17
2510 4
2511 8
2512 13
2513 30
2514 0
2515 0
2516 1
2517 0
2518 0
2519 0
2520 7
2521 5
2522 9
2523 29
2524 0
2525 0
2526 36
2527 18
2528 0
2529 6
2530 13
2531 5
2532 0
2533 0
2534 72
2535 79
2536 12
2537 24
2538 35
2539 3
2540 0
2541 1
2542 96
2543 29
2544 31
2545 85
2546 7
2547 0
2548 18
2549 8
2550 2
2551 1
2552 34
2553 58
2554 19
2555 0
2556 0
2557 3
2558 10
2559 7
2560 44
2561 35
2562 8
2563 32
2564 5
2565 3
2566 19
2567 3
2568 5
2569 1
2570 2
2571 3
2572 0
2573 10
2574 0
2575 38
2576 0
2577 0
2578 0
2579 0
2580 0
2581 0
2582 0
2583 0
2584 0
2585 0
2586 0
2587 0
2588 0
2589 0
2590 0
2591 0
2592 0
2593 0
2594 0
2595 0
2596 0
2597 0
2598 0
