0 1
1 0
2 0
3 0
4 0
5 0
6 0
7 0
8 0
9 0
10 0
11 1
12 0
13 0
14 2
15 0
16 1
17 0
18 0
19 4
20 0
21 0
22 0
23 2
24 0
25 0
26 0
27 0
28 0
29 0
30 0
31 0
32 0
33 0
34 0
35 1
36 0
37 0
38 0
39 0
40 0
41 0
42 0
43 0
44 1
45 0
46 0
47 0
48 0
49 1
50 0
51 0
52 1
53 1
54 1
55 0
56 0
57 0
58 1
59 0
60 0
61 1
62 1
63 0
64 0
65 3
66 0
67 1
68 0
69 0
70 0
71 0
72 0
73 0
74 1
75 2
76 0
77 1
78 2
79 2
80 0
81 0
82 0
83 0
84 0
85 0
86 1
87 3
88 3
89 0
90 0
91 0
92 0
93 1
94 0
95 0
96 0
97 1
98 0
99 2
100 0
101 0
102 1
103 1
104 0
105 0
106 2
107 0
108 1
109 1
110 0
111 0
112 0
113 0
114 1
115 0
116 1
117 0
118 0
119 0
120 0
121 0
122 3
123 0
124 0
125 0
126 0
127 0
128 0
129 0
130 0
131 0
132 0
133 0
134 0
135 2
136 1
137 6
138 0
139 0
140 2
141 2
142 0
143 0
144 0
145 0
146 1
147 0
148 2
149 1
150 0
151 0
152 0
153 0
154 0
155 0
156 0
157 0
158 5
159 0
160 0
161 0
162 0
163 1
164 1
165 1
166 1
167 0
168 0
169 0
170 2
171 1
172 0
173 0
174 2
175 4
176 3
177 0
178 0
179 0
180 2
181 0
182 6
183 3
184 1
185 1
186 4
187 4
188 2
189 0
190 0
191 0
192 0
193 0
194 0
195 0
196 2
197 1
198 0
199 2
200 1
201 1
202 0
203 2
204 1
205 3
206 5
207 1
208 0
209 0
210 3
211 0
212 0
213 1
214 0
215 3
216 0
217 0
218 0
219 4
220 1
221 3
222 3
223 3
224 5
225 2
226 2
227 0
228 0
229 0
230 0
231 0
232 0
233 0
234 0
235 0
236 0
237 0
238 1
239 6
240 0
241 5
242 3
243 0
244 3
245 0
246 1
247 0
248 1
249 0
250 0
251 0
252 0
253 0
254 0
255 0
256 8
257 2
258 0
259 0
260 0
261 0
262 0
263 1
264 0
265 0
266 0
267 0
268 0
269 0
270 1
271 2
272 0
273 0
274 0
275 0
276 0
277 0
278 0
279 1
280 0
281 0
282 0
283 5
284 0
285 0
286 0
287 0
288 0
289 0
290 5
291 1
292 6
293 2
294 0
295 1
296 1
297 0
298 0
299 0
300 1
301 0
302 1
303 1
304 5
305 1
306 1
307 2
308 0
309 1
310 1
311 1
312 2
313 0
314 0
315 1
316 1
317 2
318 5
319 0
320 0
321 1
322 0
323 0
324 0
325 0
326 0
327 0
328 0
329 0
330 0
331 1
332 0
333 2
334 3
335 3
336 0
337 1
338 4
339 2
340 0
341 0
342 0
343 0
344 0
345 0
346 0
347 0
348 2
349 0
350 1
351 4
352 0
353 0
354 0
355 0
356 0
357 1
358 0
359 1
360 1
361 4
362 5
363 0
364 0
365 0
366 0
367 0
368 1
369 1
370 0
371 0
372 0
373 0
374 0
375 0
376 1
377 0
378 0
379 1
380 1
381 0
382 1
383 0
384 1
385 1
386 0
387 0
388 1
389 2
390 3
391 2
392 3
393 0
394 2
395 0
396 3
397 1
398 0
399 2
400 0
401 1
402 0
403 0
404 1
405 1
406 3
407 2
408 0
409 0
410 0
411 0
412 1
413 5
414 3
415 0
416 0
417 1
418 0
419 0
420 0
421 0
422 2
423 1
424 2
425 1
426 0
427 0
428 1
429 0
430 4
431 0
432 0
433 0
434 0
435 0
436 3
437 5
438 6
439 2
440 3
441 3
442 1
443 5
444 0
445 0
446 0
447 0
448 2
449 0
450 1
451 1
452 1
453 3
454 3
455 0
456 2
457 4
458 2
459 0
460 0
461 3
462 2
463 1
464 1
465 1
466 0
467 2
468 1
469 3
470 4
471 4
472 2
473 1
474 3
475 1
476 0
477 0
478 0
479 0
480 0
481 0
482 0
483 0
484 2
485 0
486 1
487 2
488 0
489 3
490 1
491 0
492 3
493 6
494 0
495 1
496 0
497 0
498 3
499 1
500 1
501 1
502 0
503 0
504 0
505 1
506 2
507 0
508 0
509 5
510 0
511 0
512 2
513 4
514 1
515 2
516 1
517 1
518 0
519 0
520 3
521 3
522 0
523 0
524 0
525 0
526 0
527 0
528 1
529 0
530 0
531 0
532 3
533 3
534 0
535 2
536 2
537 0
538 0
539 2
540 0
541 0
542 0
543 2
544 2
545 0
546 1
547 0
548 2
549 0
550 0
551 0
552 2
553 2
554 4
555 3
556 0
557 0
558 1
559 1
560 0
561 1
562 0
563 0
564 0
565 0
566 0
567 0
568 0
569 0
570 0
571 1
572 1
573 0
574 0
575 2
576 0
577 1
578 0
579 0
580 0
581 0
582 0
583 1
584 1
585 1
586 1
587 0
588 2
589 5
590 0
591 0
592 1
593 0
594 0
595 0
596 0
597 0
598 2
599 4
600 2
601 6
602 1
603 1
604 0
605 0
606 1
607 1
608 2
609 0
610 1
611 1
612 2
613 1
614 3
615 3
616 2
617 0
618 0
619 0
620 0
621 0
622 0
623 0
624 0
625 3
626 1
627 4
628 2
629 2
630 3
631 0
632 0
633 0
634 1
635 0
636 1
637 0
638 0
639 1
640 0
641 1
642 1
643 4
644 0
645 3
646 1
647 0
648 0
649 0
650 0
651 1
652 1
653 0
654 0
655 0
656 0
657 0
658 3
659 2
660 0
661 1
662 0
663 2
664 0
665 0
666 1
667 1
668 0
669 0
670 1
671 3
672 0
673 0
674 0
675 0
676 2
677 2
678 2
679 1
680 3
681 2
682 0
683 0
684 0
685 1
686 0
687 0
688 0
689 0
690 3
691 2
692 1
693 0
694 0
695 0
696 0
697 0
698 0
699 0
700 0
701 0
702 1
703 0
704 0
705 2
706 3
707 1
708 0
709 1
710 0
711 0
712 0
713 0
714 0
715 0
716 1
717 5
718 2
719 2
720 5
721 1
722 0
723 0
724 0
725 0
726 1
727 0
728 0
729 1
730 1
731 2
732 0
733 1
734 1
735 0
736 1
737 1
738 2
739 3
740 1
741 0
742 0
743 0
744 2
745 0
746 0
747 0
748 2
749 0
750 5
751 0
752 2
753 0
754 1
755 0
756 0
757 0
758 0
759 3
760 1
761 0
762 1
763 0
764 4
765 1
766 1
767 1
768 0
769 0
770 3
771 0
772 0
773 0
774 0
775 1
776 0
777 0
778 0
779 0
780 0
781 0
782 0
783 0
784 1
785 0
786 2
787 1
788 0
789 3
790 0
791 0
792 0
793 1
794 1
795 0
796 1
797 2
798 1
799 0
800 0
801 0
802 0
803 0
804 0
805 0
806 3
807 1
808 0
809 2
810 1
811 0
812 1
813 1
814 0
815 0
816 0
817 0
818 0
819 2
820 2
821 2
822 1
823 1
824 0
825 1
826 0
827 2
828 1
829 0
830 0
831 1
832 1
833 1
834 1
835 0
836 1
837 0
838 0
839 0
840 0
841 0
842 0
843 0
844 0
845 1
846 1
847 2
848 1
849 0
850 1
851 0
852 1
853 0
854 0
855 1
856 0
857 2
858 2
859 0
860 0
861 0
862 2
863 0
864 0
865 1
866 0
867 1
868 0
869 0
870 0
871 0
872 0
873 0
874 0
875 0
876 0
877 3
878 1
879 0
880 4
881 2
882 0
883 0
884 1
885 0
886 0
887 0
888 1
889 5
890 0
891 0
892 1
893 0
894 0
895 0
896 0
897 1
898 0
899 0
900 0
901 0
902 0
903 5
904 2
905 0
906 2
907 3
908 2
909 0
910 0
911 1
912 0
913 0
914 0
915 2
916 0
917 0
918 2
919 0
920 2
921 2
922 0
923 0
924 0
925 0
926 0
927 1
928 0
929 0
930 1
931 4
932 1
933 4
934 2
935 3
936 0
937 0
938 1
939 0
940 2
941 1
942 0
943 0
944 2
945 2
946 0
947 0
948 0
949 1
950 1
951 0
952 1
953 2
954 1
955 4
956 4
957 0
958 0
959 1
960 0
961 0
962 0
963 1
964 1
965 0
966 1
967 1
968 1
969 3
970 1
971 0
972 1
973 2
974 0
975 1
976 0
977 0
978 5
979 0
980 4
981 5
982 1
983 0
984 2
985 2
986 0
987 0
988 0
989 0
990 0
991 0
992 0
993 3
994 1
995 0
996 1
997 0
998 0
999 1
1000 0
1001 1
1002 2
1003 0
1004 0
1005 0
1006 0
1007 2
1008 3
1009 0
1010 0
1011 0
1012 0
1013 0
1014 0
1015 0
1016 1
1017 3
1018 0
1019 2
1020 1
1021 3
1022 2
1023 0
1024 0
1025 0
1026 1
1027 4
1028 0
1029 0
1030 0
1031 2
1032 0
1033 0
1034 0
1035 1
1036 0
1037 0
1038 3
1039 2
1040 3
1041 1
1042 0
1043 0
1044 0
1045 0
1046 1
1047 1
1048 1
1049 0
1050 0
1051 0
1052 0
1053 0
1054 0
1055 0
1056 0
1057 1
1058 1
1059 3
1060 3
1061 0
1062 0
1063 0
1064 0
1065 0
1066 0
1067 0
1068 0
1069 0
1070 0
1071 0
1072 2
1073 1
1074 2
1075 0
1076 0
1077 0
1078 1
1079 0
1080 2
1081 1
1082 0
1083 1
1084 0
1085 0
1086 0
1087 0
1088 0
1089 0
1090 1
1091 3
1092 2
1093 3
1094 1
1095 0
1096 0
1097 0
1098 0
1099 4
1100 0
1101 0
1102 0
1103 0
1104 0
1105 0
1106 4
1107 4
1108 0
1109 0
1110 8
1111 2
1112 0
1113 1
1114 2
1115 0
1116 0
1117 0
1118 0
1119 2
1120 2
1121 2
1122 0
1123 0
1124 0
1125 0
1126 0
1127 0
1128 1
1129 1
1130 0
1131 0
1132 0
1133 1
1134 0
1135 0
1136 0
1137 0
1138 0
1139 2
1140 8
1141 5
1142 2
1143 0
1144 0
1145 0
1146 0
1147 0
1148 0
1149 3
1150 4
1151 0
1152 0
1153 0
1154 1
1155 4
1156 2
1157 2
1158 0
1159 0
1160 0
1161 0
1162 1
1163 0
1164 0
1165 0
1166 0
1167 1
1168 2
1169 0
1170 2
1171 0
1172 0
1173 0
1174 0
1175 0
1176 1
1177 4
1178 0
1179 3
1180 0
1181 2
1182 1
1183 3
1184 1
1185 2
1186 1
1187 1
1188 0
1189 0
1190 0
1191 1
1192 1
1193 0
1194 0
1195 0
1196 0
1197 0
1198 1
1199 1
1200 0
1201 0
1202 0
1203 3
1204 0
1205 0
1206 0
1207 0
1208 0
1209 0
1210 2
1211 2
1212 5
1213 0
1214 0
1215 2
1216 1
1217 5
1218 2
1219 0
1220 1
1221 0
1222 0
1223 1
1224 0
1225 0
1226 0
1227 0
1228 1
1229 2
1230 0
1231 0
1232 0
1233 1
1234 1
1235 4
1236 0
1237 1
1238 1
1239 0
1240 0
1241 0
1242 0
1243 1
1244 0
1245 0
1246 0
1247 1
1248 3
1249 5
1250 0
1251 2
1252 4
1253 4
1254 8
1255 1
1256 1
1257 0
1258 2
1259 0
1260 0
1261 0
1262 0
1263 1
1264 2
1265 1
1266 1
1267 0
1268 0
1269 0
1270 0
1271 0
1272 1
1273 1
1274 7
1275 3
1276 0
1277 0
1278 0
1279 0
1280 0
1281 0
1282 0
1283 0
1284 0
1285 0
1286 1
1287 3
1288 1
1289 2
1290 2
1291 2
1292 1
1293 1
1294 21
1295 7
1296 0
1297 0
1298 0
1299 2
1300 0
1301 0
1302 0
1303 1
1304 4
1305 0
1306 0
1307 2
1308 1
1309 1
1310 0
1311 1
1312 0
1313 0
1314 0
1315 3
1316 2
1317 3
1318 4
1319 3
1320 3
1321 6
1322 3
1323 0
1324 0
1325 1
1326 0
1327 0
1328 0
1329 0
1330 0
1331 1
1332 3
1333 1
1334 0
1335 1
1336 0
1337 2
1338 2
1339 7
1340 9
1341 1
1342 0
1343 2
1344 3
1345 0
1346 0
1347 0
1348 0
1349 0
1350 3
1351 0
1352 0
1353 3
1354 0
1355 1
1356 1
1357 0
1358 0
1359 2
1360 0
1361 0
1362 0
1363 1
1364 5
1365 5
1366 1
1367 1
1368 1
1369 3
1370 2
1371 2
1372 0
1373 0
1374 0
1375 0
1376 0
1377 0
1378 1
1379 4
1380 4
1381 0
1382 0
1383 0
1384 1
1385 0
1386 2
1387 7
1388 2
1389 0
1390 2
1391 2
1392 0
1393 0
1394 0
1395 1
1396 1
1397 0
1398 0
1399 0
1400 2
1401 1
1402 1
1403 1
1404 1
1405 0
1406 0
1407 2
1408 1
1409 2
1410 2
1411 0
1412 0
1413 0
1414 0
1415 0
1416 1
1417 2
1418 1
1419 4
1420 1
1421 5
1422 1
1423 0
1424 0
1425 0
1426 0
1427 1
1428 5
1429 7
1430 4
1431 6
1432 4
1433 1
1434 2
1435 2
1436 1
1437 4
1438 0
1439 0
1440 1
1441 1
1442 6
1443 1
1444 1
1445 2
1446 3
1447 0
1448 1
1449 0
1450 0
1451 4
1452 0
1453 2
1454 1
1455 0
1456 1
1457 4
1458 0
1459 4
1460 1
1461 0
1462 0
1463 0
1464 0
1465 0
1466 1
1467 1
1468 0
1469 0
1470 0
1471 0
1472 0
1473 0
1474 0
1475 1
1476 6
1477 12
1478 5
1479 3
1480 4
1481 4
1482 0
1483 3
1484 2
1485 0
1486 0
1487 0
1488 2
1489 1
1490 8
1491 2
1492 1
1493 2
1494 2
1495 0
1496 3
1497 4
1498 0
1499 1
1500 2
1501 0
1502 1
1503 0
1504 1
1505 3
1506 0
1507 1
1508 2
1509 0
1510 1
1511 0
1512 0
1513 0
1514 4
1515 1
1516 0
1517 0
1518 0
1519 0
1520 0
1521 0
1522 0
1523 0
1524 2
1525 6
1526 5
1527 14
1528 10
1529 7
1530 2
1531 0
1532 1
1533 4
1534 0
1535 2
1536 1
1537 1
1538 2
1539 1
1540 0
1541 1
1542 0
1543 1
1544 6
1545 4
1546 4
1547 2
1548 0
1549 1
1550 3
1551 0
1552 0
1553 1
1554 0
1555 0
1556 3
1557 7
1558 0
1559 0
1560 1
1561 4
1562 3
1563 2
1564 0
1565 0
1566 1
1567 1
1568 3
1569 0
1570 0
1571 0
1572 10
1573 20
1574 6
1575 0
1576 6
1577 3
1578 2
1579 4
1580 5
1581 2
1582 2
1583 2
1584 1
1585 0
1586 0
1587 1
1588 3
1589 0
1590 6
1591 2
1592 1
1593 1
1594 1
1595 5
1596 3
1597 0
1598 0
1599 0
1600 5
1601 1
1602 5
1603 0
1604 0
1605 0
1606 0
1607 0
1608 0
1609 0
1610 0
1611 0
1612 1
1613 1
1614 1
1615 0
1616 2
1617 8
1618 6
1619 12
1620 5
1621 8
1622 7
1623 2
1624 2
1625 0
1626 5
1627 3
1628 1
1629 3
1630 2
1631 1
1632 2
1633 1
1634 2
1635 0
1636 0
1637 1
1638 1
1639 1
1640 2
1641 0
1642 0
1643 0
1644 0
1645 5
1646 9
1647 1
1648 3
1649 1
1650 1
1651 3
1652 8
1653 0
1654 0
1655 3
1656 4
1657 1
1658 1
1659 2
1660 1
1661 1
1662 1
1663 0
1664 1
1665 2
1666 2
1667 4
1668 4
1669 0
1670 0
1671 1
1672 0
1673 0
1674 0
1675 0
1676 0
1677 10
1678 6
1679 5
1680 5
1681 2
1682 2
1683 3
1684 1
1685 3
1686 2
1687 1
1688 1
1689 2
1690 0
1691 2
1692 0
1693 1
1694 2
1695 0
1696 1
1697 0
1698 0
1699 0
1700 0
1701 4
1702 0
1703 1
1704 0
1705 0
1706 0
1707 1
1708 0
1709 1
1710 8
1711 2
1712 1
1713 1
1714 1
1715 3
1716 2
1717 1
1718 0
1719 1
1720 0
1721 1
1722 0
1723 0
1724 0
1725 0
1726 1
1727 0
1728 3
1729 2
1730 0
1731 0
1732 0
1733 1
1734 0
1735 0
1736 0
1737 2
1738 3
1739 3
1740 2
1741 0
1742 2
1743 0
1744 1
1745 2
1746 1
1747 0
1748 0
1749 0
1750 0
1751 2
1752 2
1753 0
1754 0
1755 0
1756 0
1757 0
1758 1
1759 0
1760 0
1761 3
1762 1
1763 1
1764 1
1765 1
1766 1
1767 3
1768 1
1769 0
1770 0
1771 0
1772 1
1773 3
1774 1
1775 1
1776 1
1777 1
1778 3
1779 0
1780 0
1781 0
1782 1
1783 0
1784 0
1785 0
1786 0
1787 2
1788 1
1789 0
1790 1
1791 0
1792 2
1793 0
1794 0
1795 0
1796 0
1797 4
1798 3
1799 7
1800 5
1801 1
1802 2
1803 0
1804 1
1805 5
1806 5
1807 1
1808 1
1809 0
1810 1
1811 0
1812 0
1813 0
1814 0
1815 0
1816 0
1817 0
1818 0
1819 0
1820 1
1821 1
1822 0
1823 1
1824 4
1825 1
1826 0
1827 1
1828 1
1829 3
1830 0
1831 2
1832 0
1833 2
1834 0
1835 3
1836 1
1837 0
1838 1
1839 0
1840 0
1841 0
1842 0
1843 1
1844 4
1845 3
1846 0
1847 1
1848 2
1849 4
1850 0
1851 0
1852 0
1853 1
1854 0
1855 2
1856 1
1857 0
1858 3
1859 4
1860 1
1861 2
1862 2
1863 0
1864 1
1865 0
1866 1
1867 10
1868 2
1869 1
1870 0
1871 1
1872 4
1873 2
1874 0
1875 0
1876 0
1877 1
1878 1
1879 1
1880 0
1881 2
1882 3
1883 4
1884 2
1885 1
1886 0
1887 0
1888 0
1889 2
1890 2
1891 0
1892 1
1893 1
1894 6
1895 7
1896 2
1897 0
1898 0
1899 0
1900 3
1901 2
1902 0
1903 4
1904 1
1905 2
1906 1
1907 1
1908 1
1909 1
1910 1
1911 1
1912 3
1913 1
1914 0
1915 0
1916 0
1917 2
1918 1
1919 2
1920 0
1921 1
1922 0
1923 2
1924 1
1925 2
1926 0
1927 0
1928 0
1929 0
1930 1
1931 1
1932 0
1933 0
1934 0
1935 2
1936 2
1937 0
1938 0
1939 0
1940 2
1941 2
1942 5
1943 4
1944 0
1945 0
1946 0
1947 0
1948 1
1949 0
1950 0
1951 2
1952 1
1953 2
1954 1
1955 3
1956 0
1957 1
1958 2
1959 1
1960 0
1961 0
1962 0
1963 0
1964 4
1965 4
1966 0
1967 2
1968 4
1969 1
1970 0
1971 1
1972 3
1973 0
1974 0
1975 2
1976 1
1977 0
1978 0
1979 0
1980 2
1981 4
1982 1
1983 0
1984 0
1985 3
1986 1
1987 0
1988 0
1989 2
1990 1
1991 1
1992 1
1993 0
1994 1
1995 3
1996 5
1997 2
1998 1
1999 2
2000 2
2001 0
2002 0
2003 1
2004 3
2005 1
2006 0
2007 1
2008 1
2009 1
2010 1
2011 2
2012 0
2013 0
2014 1
2015 1
2016 3
2017 4
2018 0
2019 3
2020 1
2021 0
2022 0
2023 3
2024 4
2025 0
2026 1
2027 1
2028 1
2029 0
2030 1
2031 3
2032 2
2033 0
2034 2
2035 3
2036 4
2037 1
2038 0
2039 1
2040 0
2041 0
2042 0
2043 3
2044 0
2045 1
2046 1
2047 1
2048 3
2049 4
2050 2
2051 2
2052 0
2053 0
2054 1
2055 6
2056 0
2057 1
2058 1
2059 1
2060 1
2061 2
2062 1
2063 1
2064 0
2065 0
2066 2
2067 1
2068 0
2069 2
2070 0
2071 1
2072 3
2073 3
2074 1
2075 2
2076 3
2077 0
2078 0
2079 0
2080 2
2081 3
2082 2
2083 1
2084 1
2085 0
2086 2
2087 1
2088 2
2089 2
2090 1
2091 1
2092 0
2093 1
2094 1
2095 5
2096 1
2097 6
2098 3
2099 1
2100 0
2101 0
2102 0
2103 4
2104 4
2105 1
2106 0
2107 0
2108 0
2109 0
2110 3
2111 2
2112 3
2113 1
2114 1
2115 2
2116 1
2117 1
2118 3
2119 4
2120 0
2121 0
2122 0
2123 0
2124 3
2125 0
2126 2
2127 1
2128 3
2129 1
2130 1
2131 3
2132 4
2133 0
2134 0
2135 0
2136 0
2137 2
2138 3
2139 0
2140 0
2141 0
2142 0
2143 0
2144 2
2145 3
2146 1
2147 0
2148 4
2149 1
2150 4
2151 0
2152 2
2153 3
2154 2
2155 0
2156 0
2157 0
2158 0
2159 1
2160 3
2161 3
2162 0
2163 0
2164 0
2165 3
2166 1
2167 1
2168 0
2169 1
2170 0
2171 0
2172 2
2173 1
2174 0
2175 0
2176 0
2177 1
2178 0
2179 0
2180 0
2181 1
2182 0
2183 1
2184 0
2185 0
2186 0
2187 2
2188 1
2189 0
2190 2
2191 1
2192 0
2193 2
2194 0
2195 0
2196 0
2197 0
2198 0
2199 1
2200 0
2201 1
2202 2
2203 2
2204 0
2205 2
2206 2
2207 0
2208 0
2209 1
2210 1
2211 2
2212 4
2213 3
2214 0
2215 0
2216 0
2217 0
2218 0
2219 0
2220 1
2221 0
2222 0
2223 0
2224 1
2225 0
2226 0
2227 2
2228 2
2229 2
2230 2
2231 0
2232 1
2233 1
2234 0
2235 0
2236 0
2237 1
2238 0
2239 0
2240 0
2241 0
2242 0
2243 3
2244 1
2245 0
2246 0
2247 2
2248 4
2249 0
2250 3
2251 1
2252 0
2253 1
2254 3
2255 1
2256 2
2257 0
2258 0
2259 0
2260 2
2261 0
2262 0
2263 0
2264 0
2265 0
2266 4
2267 3
2268 3
2269 4
2270 4
2271 2
2272 0
2273 0
2274 5
2275 3
2276 1
2277 3
2278 1
2279 0
2280 0
2281 3
2282 4
2283 0
2284 0
2285 0
2286 2
2287 0
2288 0
2289 0
2290 3
2291 4
2292 0
2293 0
2294 3
2295 3
2296 0
2297 1
2298 1
2299 0
2300 1
2301 2
2302 1
2303 0
2304 0
2305 0
2306 0
2307 1
2308 3
2309 1
2310 1
2311 1
2312 0
2313 0
2314 1
2315 0
2316 4
2317 1
2318 0
2319 0
2320 3
2321 1
2322 1
2323 0
2324 0
2325 0
2326 3
2327 6
2328 1
2329 0
2330 0
2331 0
2332 0
2333 0
2334 5
2335 7
2336 0
2337 0
2338 0
2339 1
2340 1
2341 0
2342 0
2343 0
2344 1
2345 2
2346 1
2347 2
2348 0
2349 1
2350 1
2351 2
2352 2
2353 4
2354 2
2355 0
2356 1
2357 0
2358 0
2359 0
2360 0
2361 0
2362 0
2363 3
2364 3
2365 0
2366 2
2367 2
2368 0
2369 1
2370 2
2371 1
2372 1
2373 0
2374 0
2375 1
2376 2
2377 0
2378 0
2379 0
2380 0
2381 0
2382 3
2383 1
2384 1
2385 4
2386 1
2387 3
2388 5
2389 3
2390 2
2391 4
2392 0
2393 0
2394 3
2395 1
2396 0
2397 0
2398 3
2399 0
2400 0
2401 2
2402 7
2403 0
2404 1
2405 2
2406 3
2407 2
2408 1
2409 1
2410 1
2411 2
2412 1
2413 0
2414 0
2415 0
2416 0
2417 0
2418 0
2419 2
2420 3
2421 3
2422 7
2423 1
2424 1
2425 2
2426 2
2427 3
2428 4
2429 0
2430 0
2431 1
2432 2
2433 0
2434 0
2435 1
2436 1
2437 0
2438 4
2439 0
2440 1
2441 3
2442 3
2443 1
2444 1
2445 1
2446 0
2447 0
2448 0
2449 1
2450 0
2451 0
2452 0
2453 0
2454 1
2455 1
2456 2
2457 1
2458 0
2459 1
2460 0
2461 0
2462 0
2463 0
2464 1
2465 7
2466 0
2467 0
2468 0
2469 0
2470 1
2471 0
2472 0
2473 0
2474 0
2475 0
2476 0
2477 0
2478 1
2479 0
2480 0
2481 0
2482 0
2483 0
2484 1
2485 1
2486 0
2487 2
2488 0
2489 0
2490 0
2491 0
2492 0
2493 0
2494 0
2495 1
2496 0
2497 1
2498 0
2499 1
2500 0
2501 0
2502 0
2503 3
2504 0
2505 0
2506 0
2507 0
2508 0
2509 0
2510 0
2511 0
2512 0
2513 0
2514 0
2515 0
2516 0
2517 0
2518 0
2519 0
2520 0
2521 0
2522 0
2523 1
2524 0
2525 0
2526 1
2527 0
2528 0
2529 0
2530 0
2531 0
2532 0
2533 0
2534 2
2535 3
2536 0
2537 0
2538 1
2539 0
2540 0
2541 0
2542 3
2543 1
2544 1
2545 3
2546 0
2547 0
2548 0
2549 0
2550 0
2551 0
2552 1
2553 1
2554 0
2555 0
2556 0
2557 0
2558 0
2559 0
2560 1
2561 1
2562 0
2563 1
2564 0
2565 0
2566 0
2567 0
2568 0
2569 0
2570 0
2571 0
2572 0
2573 0
2574 0
2575 1
2576 0
2577 0
2578 0
2579 0
2580 0
2581 0
2582 0
2583 0
2584 0
2585 0
2586 0
2587 0
2588 0
2589 0
2590 0
2591 0
2592 0
2593 0
2594 0
2595 0
2596 0
2597 0
2598 0
