0 75
1 0
2 8
3 3
4 23
5 48
6 2
7 3
8 0
9 4
10 17
11 63
12 11
13 42
14 117
15 44
16 78
17 15
18 8
19 194
20 1
21 27
22 14
23 129
24 0
25 46
26 4
27 5
28 4
29 14
30 2
31 7
32 1
33 40
34 7
35 72
36 6
37 20
38 11
39 13
40 26
41 6
42 9
43 8
44 98
45 2
46 7
47 4
48 8
49 87
50 44
51 12
52 77
53 76
54 74
55 7
56 15
57 52
58 80
59 7
60 17
61 99
62 72
63 9
64 13
65 190
66 21
67 63
68 33
69 3
70 15
71 16
72 5
73 3
74 72
75 131
76 6
77 61
78 131
79 126
80 13
81 3
82 54
83 28
84 9
85 4
86 56
87 187
88 161
89 6
90 5
91 5
92 9
93 56
94 16
95 0
96 16
97 90
98 20
99 97
100 0
101 8
102 66
103 70
104 15
105 28
106 100
107 28
108 86
109 79
110 6
111 32
112 44
113 13
114 60
115 30
116 92
117 14
118 10
119 45
120 2
121 39
122 164
123 42
124 16
125 4
126 12
127 15
128 21
129 39
130 18
131 44
132 11
133 0
134 7
135 139
136 73
137 326
138 23
139 23
140 121
141 102
142 18
143 19
144 2
145 6
146 87
147 19
148 111
149 71
150 28
151 0
152 0
153 33
154 26
155 43
156 18
157 32
158 305
159 43
160 18
161 21
162 2
163 52
164 51
165 68
166 100
167 55
168 30
169 22
170 131
171 79
172 29
173 21
174 114
175 225
176 150
177 16
178 41
179 2
180 140
181 12
182 332
183 159
184 69
185 54
186 257
187 233
188 121
189 16
190 26
191 0
192 0
193 6
194 3
195 0
196 121
197 73
198 11
199 105
200 82
201 71
202 28
203 125
204 83
205 174
206 284
207 65
208 37
209 2
210 200
211 6
212 26
213 63
214 0
215 150
216 9
217 34
218 47
219 226
220 50
221 171
222 167
223 151
224 258
225 141
226 126
227 21
228 2
229 26
230 5
231 3
232 0
233 14
234 0
235 22
236 0
237 2
238 78
239 299
240 12
241 295
242 176
243 29
244 188
245 44
246 79
247 3
248 48
249 35
250 27
251 8
252 18
253 0
254 6
255 32
256 443
257 152
258 24
259 4
260 0
261 0
262 9
263 78
264 12
265 31
266 9
267 28
268 11
269 1
270 50
271 108
272 31
273 0
274 14
275 11
276 13
277 8
278 24
279 82
280 10
281 3
282 41
283 279
284 8
285 9
286 31
287 21
288 31
289 15
290 252
291 60
292 345
293 116
294 5
295 68
296 97
297 38
298 45
299 24
300 60
301 47
302 72
303 57
304 304
305 95
306 68
307 153
308 0
309 76
310 61
311 86
312 110
313 16
314 19
315 103
316 96
317 118
318 260
319 10
320 41
321 54
322 14
323 24
324 0
325 6
326 23
327 11
328 4
329 2
330 12
331 58
332 19
333 138
334 165
335 147
336 16
337 64
338 212
339 131
340 2
341 7
342 10
343 3
344 12
345 6
346 43
347 8
348 120
349 40
350 60
351 247
352 42
353 9
354 0
355 4
356 4
357 64
358 1
359 71
360 78
361 204
362 271
363 8
364 0
365 1
366 23
367 39
368 87
369 101
370 40
371 25
372 23
373 38
374 20
375 24
376 59
377 3
378 14
379 63
380 67
381 2
382 61
383 4
384 54
385 93
386 1
387 3
388 78
389 106
390 169
391 110
392 181
393 5
394 103
395 44
396 186
397 62
398 0
399 116
400 8
401 57
402 31
403 34
404 98
405 77
406 173
407 134
408 39
409 4
410 15
411 33
412 58
413 251
414 156
415 9
416 30
417 55
418 10
419 41
420 18
421 10
422 104
423 100
424 135
425 61
426 48
427 20
428 86
429 5
430 201
431 11
432 18
433 35
434 5
435 11
436 165
437 251
438 325
439 123
440 188
441 153
442 72
443 258
444 44
445 38
446 30
447 7
448 128
449 44
450 95
451 56
452 89
453 162
454 177
455 29
456 109
457 223
458 142
459 0
460 6
461 165
462 125
463 80
464 84
465 61
466 13
467 130
468 83
469 178
470 214
471 229
472 145
473 86
474 155
475 56
476 11
477 20
478 8
479 31
480 19
481 34
482 48
483 9
484 123
485 42
486 70
487 101
488 41
489 177
490 51
491 34
492 185
493 331
494 31
495 75
496 42
497 21
498 197
499 63
500 56
501 54
502 46
503 21
504 7
505 62
506 102
507 14
508 11
509 285
510 23
511 38
512 132
513 219
514 86
515 135
516 69
517 51
518 3
519 50
520 225
521 187
522 8
523 33
524 42
525 5
526 4
527 20
528 77
529 21
530 13
531 24
532 166
533 154
534 17
535 131
536 134
537 21
538 21
539 105
540 17
541 35
542 15
543 121
544 133
545 7
546 74
547 1
548 104
549 5
550 49
551 13
552 133
553 135
554 207
555 182
556 37
557 20
558 51
559 94
560 27
561 76
562 27
563 4
564 3
565 2
566 0
567 23
568 9
569 4
570 22
571 96
572 54
573 39
574 13
575 102
576 29
577 51
578 58
579 35
580 14
581 3
582 10
583 49
584 86
585 69
586 62
587 21
588 127
589 261
590 8
591 5
592 56
593 7
594 9
595 26
596 22
597 14
598 146
599 208
600 138
601 302
602 61
603 49
604 34
605 22
606 67
607 68
608 127
609 37
610 93
611 48
612 147
613 95
614 216
615 155
616 142
617 3
618 13
619 5
620 22
621 3
622 45
623 24
624 29
625 180
626 82
627 225
628 149
629 115
630 179
631 26
632 45
633 35
634 55
635 33
636 85
637 5
638 43
639 96
640 13
641 82
642 77
643 203
644 41
645 161
646 88
647 12
648 13
649 1
650 0
651 58
652 81
653 39
654 38
655 46
656 30
657 13
658 163
659 117
660 11
661 76
662 9
663 107
664 21
665 11
666 89
667 66
668 6
669 40
670 65
671 147
672 17
673 11
674 22
675 6
676 112
677 148
678 100
679 62
680 169
681 139
682 7
683 35
684 22
685 66
686 17
687 2
688 3
689 41
690 169
691 106
692 64
693 2
694 19
695 25
696 26
697 17
698 14
699 57
700 37
701 44
702 72
703 7
704 20
705 132
706 192
707 78
708 6
709 87
710 5
711 1
712 14
713 13
714 0
715 12
716 63
717 262
718 121
719 102
720 242
721 53
722 30
723 3
724 39
725 26
726 58
727 36
728 38
729 92
730 57
731 126
732 22
733 55
734 71
735 29
736 87
737 68
738 157
739 177
740 65
741 42
742 4
743 29
744 119
745 4
746 2
747 0
748 105
749 42
750 276
751 11
752 123
753 33
754 97
755 9
756 46
757 23
758 41
759 154
760 78
761 25
762 68
763 25
764 191
765 59
766 61
767 54
768 3
769 32
770 198
771 28
772 13
773 0
774 47
775 80
776 45
777 47
778 45
779 6
780 1
781 14
782 47
783 24
784 68
785 30
786 112
787 78
788 14
789 161
790 19
791 22
792 43
793 95
794 87
795 0
796 90
797 115
798 57
799 31
800 16
801 0
802 31
803 2
804 7
805 5
806 178
807 73
808 43
809 128
810 74
811 14
812 58
813 59
814 17
815 5
816 0
817 0
818 31
819 139
820 148
821 148
822 63
823 87
824 17
825 62
826 26
827 117
828 71
829 40
830 34
831 54
832 75
833 89
834 95
835 41
836 61
837 28
838 26
839 9
840 2
841 14
842 11
843 0
844 36
845 66
846 67
847 112
848 71
849 21
850 92
851 2
852 87
853 18
854 8
855 61
856 20
857 116
858 103
859 17
860 21
861 47
862 96
863 26
864 37
865 61
866 17
867 52
868 15
869 13
870 27
871 8
872 3
873 10
874 0
875 0
876 14
877 174
878 68
879 53
880 225
881 149
882 23
883 17
884 83
885 9
886 18
887 14
888 50
889 265
890 24
891 21
892 56
893 27
894 22
895 49
896 28
897 59
898 18
899 11
900 0
901 2
902 21
903 294
904 132
905 26
906 125
907 169
908 128
909 5
910 11
911 92
912 4
913 6
914 38
915 113
916 6
917 41
918 112
919 30
920 107
921 136
922 45
923 9
924 24
925 5
926 21
927 49
928 0
929 5
930 68
931 213
932 70
933 217
934 97
935 160
936 27
937 18
938 88
939 37
940 137
941 56
942 0
943 9
944 122
945 152
946 53
947 4
948 0
949 105
950 69
951 7
952 57
953 130
954 53
955 221
956 239
957 47
958 27
959 82
960 45
961 7
962 27
963 75
964 90
965 21
966 66
967 53
968 64
969 157
970 62
971 3
972 55
973 128
974 39
975 71
976 14
977 8
978 277
979 44
980 243
981 256
982 46
983 26
984 159
985 135
986 40
987 12
988 0
989 3
990 8
991 23
992 31
993 197
994 102
995 27
996 55
997 15
998 30
999 58
1000 25
1001 68
1002 119
1003 2
1004 0
1005 3
1006 1
1007 106
1008 191
1009 1
1010 30
1011 16
1012 9
1013 0
1014 0
1015 3
1016 53
1017 150
1018 15
1019 128
1020 108
1021 174
1022 114
1023 46
1024 63
1025 22
1026 80
1027 216
1028 43
1029 16
1030 15
1031 115
1032 4
1033 8
1034 34
1035 65
1036 34
1037 17
1038 178
1039 105
1040 159
1041 87
1042 5
1043 55
1044 22
1045 36
1046 76
1047 60
1048 80
1049 12
1050 12
1051 0
1052 3
1053 4
1054 7
1055 29
1056 40
1057 59
1058 92
1059 150
1060 157
1061 34
1062 0
1063 9
1064 0
1065 12
1066 9
1067 40
1068 14
1069 38
1070 38
1071 21
1072 142
1073 52
1074 106
1075 12
1076 15
1077 1
1078 67
1079 11
1080 124
1081 74
1082 27
1083 53
1084 45
1085 18
1086 0
1087 10
1088 2
1089 4
1090 120
1091 189
1092 140
1093 200
1094 96
1095 16
1096 36
1097 12
1098 41
1099 221
1100 6
1101 14
1102 16
1103 36
1104 10
1105 20
1106 210
1107 207
1108 39
1109 3
1110 409
1111 103
1112 12
1113 78
1114 135
1115 13
1116 2
1117 20
1118 19
1119 155
1120 139
1121 124
1122 17
1123 7
1124 33
1125 5
1126 41
1127 1
1128 53
1129 80
1130 4
1131 3
1132 0
1133 57
1134 37
1135 22
1136 0
1137 0
1138 2
1139 102
1140 426
1141 252
1142 98
1143 2
1144 13
1145 1
1146 27
1147 0
1148 7
1149 159
1150 250
1151 22
1152 27
1153 35
1154 62
1155 211
1156 130
1157 100
1158 25
1159 10
1160 29
1161 9
1162 52
1163 0
1164 5
1165 0
1166 42
1167 61
1168 145
1169 22
1170 141
1171 1
1172 2
1173 25
1174 6
1175 9
1176 96
1177 203
1178 29
1179 173
1180 16
1181 112
1182 83
1183 157
1184 59
1185 129
1186 73
1187 52
1188 9
1189 3
1190 3
1191 67
1192 69
1193 4
1194 16
1195 6
1196 19
1197 4
1198 58
1199 58
1200 31
1201 5
1202 2
1203 171
1204 15
1205 7
1206 30
1207 6
1208 46
1209 28
1210 122
1211 104
1212 256
1213 20
1214 67
1215 137
1216 63
1217 254
1218 124
1219 24
1220 78
1221 43
1222 20
1223 59
1224 53
1225 15
1226 39
1227 13
1228 58
1229 114
1230 39
1231 6
1232 34
1233 62
1234 77
1235 228
1236 47
1237 53
1238 80
1239 3
1240 31
1241 0
1242 9
1243 91
1244 3
1245 43
1246 27
1247 83
1248 192
1249 287
1250 19
1251 118
1252 197
1253 262
1254 412
1255 61
1256 47
1257 18
1258 118
1259 14
1260 43
1261 16
1262 48
1263 53
1264 140
1265 106
1266 65
1267 20
1268 6
1269 6
1270 10
1271 27
1272 54
1273 56
1274 350
1275 159
1276 13
1277 31
1278 34
1279 40
1280 4
1281 6
1282 4
1283 3
1284 2
1285 1
1286 94
1287 188
1288 54
1289 151
1290 135
1291 134
1292 67
1293 79
1294 1050
1295 368
1296 40
1297 10
1298 48
1299 126
1300 21
1301 0
1302 33
1303 65
1304 196
1305 42
1306 24
1307 112
1308 87
1309 80
1310 17
1311 67
1312 1
1313 1
1314 3
1315 167
1316 148
1317 159
1318 211
1319 184
1320 189
1321 341
1322 193
1323 28
1324 21
1325 51
1326 12
1327 21
1328 0
1329 41
1330 18
1331 52
1332 220
1333 57
1334 17
1335 50
1336 40
1337 137
1338 105
1339 371
1340 493
1341 75
1342 32
1343 123
1344 152
1345 30
1346 24
1347 17
1348 13
1349 38
1350 195
1351 17
1352 8
1353 176
1354 21
1355 93
1356 88
1357 25
1358 30
1359 101
1360 15
1361 2
1362 3
1363 74
1364 252
1365 300
1366 60
1367 89
1368 85
1369 196
1370 138
1371 142
1372 0
1373 20
1374 2
1375 2
1376 10
1377 17
1378 49
1379 202
1380 214
1381 27
1382 33
1383 41
1384 90
1385 48
1386 130
1387 379
1388 109
1389 19
1390 122
1391 105
1392 26
1393 28
1394 14
1395 64
1396 64
1397 47
1398 0
1399 20
1400 139
1401 87
1402 70
1403 95
1404 77
1405 34
1406 37
1407 105
1408 100
1409 122
1410 100
1411 42
1412 37
1413 0
1414 22
1415 12
1416 93
1417 131
1418 82
1419 216
1420 99
1421 248
1422 65
1423 5
1424 24
1425 4
1426 23
1427 95
1428 281
1429 371
1430 226
1431 308
1432 212
1433 90
1434 106
1435 136
1436 94
1437 226
1438 5
1439 1
1440 62
1441 61
1442 354
1443 60
1444 61
1445 134
1446 194
1447 44
1448 58
1449 33
1450 28
1451 225
1452 44
1453 138
1454 83
1455 13
1456 61
1457 237
1458 8
1459 234
1460 73
1461 38
1462 23
1463 39
1464 2
1465 38
1466 68
1467 58
1468 18
1469 15
1470 6
1471 0
1472 13
1473 15
1474 12
1475 74
1476 342
1477 624
1478 245
1479 194
1480 261
1481 210
1482 44
1483 156
1484 112
1485 2
1486 34
1487 13
1488 107
1489 90
1490 398
1491 104
1492 52
1493 105
1494 115
1495 29
1496 183
1497 231
1498 31
1499 77
1500 145
1501 40
1502 61
1503 26
1504 103
1505 183
1506 29
1507 60
1508 161
1509 36
1510 62
1511 9
1512 13
1513 29
1514 243
1515 83
1516 48
1517 8
1518 0
1519 0
1520 3
1521 8
1522 11
1523 10
1524 101
1525 342
1526 250
1527 699
1528 518
1529 359
1530 124
1531 6
1532 57
1533 193
1534 17
1535 112
1536 68
1537 69
1538 129
1539 84
1540 7
1541 101
1542 25
1543 71
1544 383
1545 220
1546 256
1547 119
1548 38
1549 86
1550 176
1551 43
1552 40
1553 75
1554 40
1555 47
1556 215
1557 386
1558 41
1559 42
1560 80
1561 243
1562 162
1563 145
1564 4
1565 12
1566 64
1567 66
1568 191
1569 4
1570 7
1571 37
1572 509
1573 1000
1574 350
1575 34
1576 334
1577 148
1578 102
1579 226
1580 281
1581 107
1582 132
1583 102
1584 69
1585 19
1586 4
1587 53
1588 171
1589 19
1590 340
1591 119
1592 85
1593 81
1594 86
1595 267
1596 192
1597 27
1598 10
1599 26
1600 251
1601 77
1602 241
1603 32
1604 22
1605 3
1606 13
1607 39
1608 1
1609 3
1610 4
1611 0
1612 75
1613 90
1614 52
1615 9
1616 122
1617 432
1618 343
1619 617
1620 275
1621 454
1622 367
1623 146
1624 102
1625 17
1626 288
1627 162
1628 72
1629 171
1630 96
1631 81
1632 94
1633 77
1634 134
1635 43
1636 42
1637 69
1638 77
1639 88
1640 152
1641 32
1642 4
1643 10
1644 14
1645 280
1646 506
1647 96
1648 175
1649 82
1650 52
1651 170
1652 430
1653 17
1654 58
1655 190
1656 203
1657 55
1658 85
1659 132
1660 64
1661 90
1662 87
1663 24
1664 90
1665 142
1666 103
1667 226
1668 206
1669 5
1670 46
1671 50
1672 1
1673 13
1674 3
1675 7
1676 6
1677 500
1678 331
1679 261
1680 279
1681 100
1682 159
1683 162
1684 88
1685 195
1686 125
1687 51
1688 69
1689 112
1690 45
1691 115
1692 29
1693 68
1694 110
1695 10
1696 53
1697 13
1698 26
1699 35
1700 16
1701 242
1702 27
1703 74
1704 0
1705 3
1706 18
1707 63
1708 4
1709 83
1710 448
1711 144
1712 87
1713 66
1714 66
1715 205
1716 136
1717 101
1718 30
1719 61
1720 10
1721 74
1722 18
1723 17
1724 31
1725 21
1726 66
1727 47
1728 166
1729 136
1730 10
1731 20
1732 7
1733 60
1734 27
1735 6
1736 46
1737 101
1738 179
1739 160
1740 115
1741 40
1742 141
1743 17
1744 67
1745 116
1746 54
1747 4
1748 13
1749 23
1750 40
1751 105
1752 153
1753 17
1754 9
1755 51
1756 32
1757 41
1758 64
1759 4
1760 4
1761 165
1762 48
1763 73
1764 76
1765 81
1766 50
1767 172
1768 95
1769 3
1770 19
1771 42
1772 85
1773 160
1774 74
1775 57
1776 60
1777 84
1778 151
1779 4
1780 25
1781 1
1782 91
1783 8
1784 30
1785 47
1786 7
1787 113
1788 61
1789 27
1790 79
1791 5
1792 110
1793 52
1794 9
1795 0
1796 25
1797 201
1798 184
1799 357
1800 288
1801 85
1802 106
1803 30
1804 63
1805 272
1806 270
1807 61
1808 77
1809 4
1810 95
1811 47
1812 34
1813 41
1814 29
1815 36
1816 22
1817 5
1818 44
1819 13
1820 84
1821 58
1822 43
1823 53
1824 200
1825 70
1826 18
1827 68
1828 94
1829 161
1830 12
1831 126
1832 32
1833 119
1834 22
1835 166
1836 64
1837 16
1838 57
1839 29
1840 47
1841 46
1842 21
1843 67
1844 196
1845 149
1846 46
1847 58
1848 131
1849 223
1850 28
1851 16
1852 27
1853 91
1854 37
1855 112
1856 63
1857 24
1858 171
1859 211
1860 58
1861 138
1862 139
1863 7
1864 58
1865 20
1866 64
1867 553
1868 127
1869 63
1870 19
1871 73
1872 246
1873 128
1874 40
1875 14
1876 18
1877 59
1878 67
1879 51
1880 5
1881 126
1882 201
1883 246
1884 134
1885 54
1886 23
1887 24
1888 5
1889 104
1890 118
1891 37
1892 78
1893 83
1894 347
1895 349
1896 145
1897 40
1898 36
1899 29
1900 155
1901 94
1902 20
1903 220
1904 73
1905 100
1906 75
1907 103
1908 57
1909 67
1910 63
1911 96
1912 186
1913 91
1914 17
1915 8
1916 13
1917 114
1918 50
1919 120
1920 45
1921 92
1922 22
1923 99
1924 94
1925 103
1926 17
1927 19
1928 23
1929 27
1930 53
1931 88
1932 31
1933 13
1934 44
1935 104
1936 129
1937 17
1938 16
1939 30
1940 119
1941 98
1942 255
1943 209
1944 31
1945 40
1946 47
1947 8
1948 50
1949 39
1950 39
1951 118
1952 77
1953 127
1954 68
1955 195
1956 29
1957 69
1958 102
1959 55
1960 40
1961 15
1962 2
1963 20
1964 216
1965 231
1966 23
1967 121
1968 202
1969 90
1970 46
1971 85
1972 194
1973 25
1974 52
1975 117
1976 48
1977 0
1978 11
1979 9
1980 107
1981 201
1982 86
1983 22
1984 39
1985 181
1986 84
1987 9
1988 15
1989 137
1990 72
1991 87
1992 75
1993 36
1994 78
1995 181
1996 283
1997 104
1998 49
1999 124
2000 121
2001 5
2002 21
2003 61
2004 179
2005 91
2006 45
2007 71
2008 46
2009 71
2010 83
2011 108
2012 19
2013 21
2014 121
2015 93
2016 178
2017 223
2018 18
2019 161
2020 57
2021 47
2022 36
2023 164
2024 257
2025 6
2026 63
2027 56
2028 60
2029 33
2030 102
2031 141
2032 94
2033 32
2034 98
2035 145
2036 211
2037 75
2038 66
2039 52
2040 32
2041 27
2042 42
2043 150
2044 32
2045 66
2046 56
2047 61
2048 181
2049 211
2050 138
2051 132
2052 13
2053 16
2054 91
2055 296
2056 44
2057 54
2058 58
2059 62
2060 59
2061 129
2062 85
2063 71
2064 21
2065 15
2066 139
2067 94
2068 5
2069 138
2070 39
2071 78
2072 167
2073 150
2074 74
2075 110
2076 159
2077 37
2078 2
2079 20
2080 93
2081 192
2082 133
2083 101
2084 65
2085 47
2086 119
2087 84
2088 125
2089 107
2090 77
2091 53
2092 42
2093 47
2094 81
2095 276
2096 82
2097 320
2098 147
2099 86
2100 40
2101 21
2102 5
2103 217
2104 199
2105 92
2106 3
2107 4
2108 34
2109 27
2110 151
2111 106
2112 160
2113 89
2114 61
2115 101
2116 71
2117 59
2118 193
2119 202
2120 34
2121 40
2122 12
2123 14
2124 171
2125 21
2126 107
2127 108
2128 153
2129 52
2130 73
2131 172
2132 219
2133 27
2134 0
2135 21
2136 5
2137 111
2138 215
2139 57
2140 18
2141 3
2142 3
2143 5
2144 139
2145 153
2146 61
2147 30
2148 210
2149 92
2150 229
2151 31
2152 144
2153 179
2154 141
2155 44
2156 9
2157 16
2158 10
2159 66
2160 185
2161 183
2162 1
2163 7
2164 36
2165 145
2166 73
2167 59
2168 36
2169 88
2170 32
2171 15
2172 118
2173 80
2174 6
2175 51
2176 4
2177 91
2178 17
2179 36
2180 20
2181 49
2182 36
2183 63
2184 21
2185 0
2186 2
2187 99
2188 49
2189 40
2190 126
2191 97
2192 39
2193 140
2194 23
2195 7
2196 2
2197 19
2198 11
2199 66
2200 40
2201 73
2202 92
2203 146
2204 24
2205 141
2206 148
2207 36
2208 6
2209 67
2210 53
2211 119
2212 217
2213 187
2214 30
2215 45
2216 8
2217 17
2218 7
2219 20
2220 76
2221 3
2222 3
2223 41
2224 95
2225 22
2226 16
2227 151
2228 117
2229 110
2230 125
2231 14
2232 51
2233 68
2234 3
2235 17
2236 7
2237 49
2238 18
2239 3
2240 0
2241 11
2242 6
2243 159
2244 82
2245 16
2246 31
2247 131
2248 225
2249 32
2250 173
2251 78
2252 24
2253 59
2254 186
2255 91
2256 122
2257 34
2258 6
2259 20
2260 132
2261 22
2262 11
2263 4
2264 4
2265 43
2266 227
2267 170
2268 157
2269 211
2270 210
2271 117
2272 5
2273 25
2274 246
2275 181
2276 84
2277 193
2278 53
2279 14
2280 10
2281 155
2282 208
2283 24
2284 0
2285 18
2286 110
2287 25
2288 40
2289 43
2290 180
2291 260
2292 20
2293 4
2294 192
2295 162
2296 44
2297 88
2298 52
2299 6
2300 85
2301 131
2302 69
2303 3
2304 37
2305 9
2306 25
2307 67
2308 194
2309 63
2310 61
2311 56
2312 46
2313 43
2314 87
2315 47
2316 228
2317 72
2318 0
2319 28
2320 159
2321 100
2322 82
2323 0
2324 0
2325 22
2326 188
2327 311
2328 59
2329 12
2330 21
2331 9
2332 36
2333 40
2334 295
2335 364
2336 43
2337 9
2338 45
2339 97
2340 83
2341 26
2342 1
2343 0
2344 70
2345 137
2346 71
2347 112
2348 16
2349 62
2350 84
2351 146
2352 126
2353 195
2354 112
2355 26
2356 80
2357 31
2358 12
2359 0
2360 4
2361 0
2362 4
2363 186
2364 161
2365 22
2366 135
2367 105
2368 30
2369 74
2370 128
2371 87
2372 68
2373 46
2374 5
2375 89
2376 127
2377 3
2378 2
2379 18
2380 28
2381 6
2382 166
2383 95
2384 64
2385 226
2386 64
2387 168
2388 272
2389 158
2390 112
2391 195
2392 28
2393 24
2394 171
2395 62
2396 22
2397 5
2398 153
2399 4
2400 13
2401 95
2402 380
2403 29
2404 45
2405 130
2406 176
2407 120
2408 67
2409 91
2410 61
2411 136
2412 92
2413 20
2414 0
2415 41
2416 12
2417 25
2418 6
2419 103
2420 191
2421 156
2422 350
2423 48
2424 88
2425 109
2426 142
2427 184
2428 223
2429 45
2430 2
2431 47
2432 123
2433 0
2434 20
2435 59
2436 68
2437 36
2438 218
2439 25
2440 83
2441 184
2442 176
2443 78
2444 86
2445 94
2446 15
2447 0
2448 1
2449 80
2450 8
2451 23
2452 13
2453 8
2454 68
2455 63
2456 98
2457 88
2458 14
2459 57
2460 12
2461 7
2462 0
2463 9
2464 56
2465 344
2466 51
2467 1
2468 23
2469 26
2470 55
2471 37
2472 35
2473 9
2474 3
2475 3
2476 0
2477 18
2478 88
2479 7
2480 27
2481 41
2482 14
2483 40
2484 61
2485 89
2486 40
2487 127
2488 22
2489 32
2490 5
2491 2
2492 0
2493 3
2494 37
2495 75
2496 27
2497 48
2498 11
2499 57
2500 30
2501 25
2502 33
2503 155
2504 7
2505 0
2506 11
2507 3
2508 4
2509 30
2510 14
2511 25
2512 23
2513 46
2514 0
2515 0
2516 12
2517 0
2518 0
2519 4
2520 21
2521 10
2522 17
2523 54
2524 3
2525 2
2526 82
2527 39
2528 0
2529 16
2530 26
2531 12
2532 5
2533 3
2534 132
2535 157
2536 22
2537 45
2538 66
2539 12
2540 0
2541 12
2542 186
2543 51
2544 63
2545 158
2546 15
2547 7
2548 41
2549 22
2550 12
2551 7
2552 57
2553 98
2554 36
2555 1
2556 0
2557 11
2558 31
2559 26
2560 85
2561 75
2562 20
2563 56
2564 15
2565 17
2566 33
2567 16
2568 16
2569 6
2570 17
2571 11
2572 0
2573 28
2574 2
2575 71
2576 4
2577 5
2578 5
2579 3
2580 0
2581 0
2582 0
2583 0
2584 0
2585 0
2586 0
2587 0
2588 0
2589 0
2590 0
2591 0
2592 0
2593 0
2594 0
2595 0
2596 0
2597 0
2598 1
