0 222
1 677
2 255
3 457
4 511
5 406
6 304
7 242
8 782
9 593
10 263
11 229
12 265
13 239
14 234
15 409
16 234
17 481
18 238
19 235
20 242
21 234
22 476
23 227
24 620
25 501
26 219
27 228
28 566
29 309
30 239
31 219
32 770
33 252
34 1054
35 239
36 499
37 404
38 231
39 231
40 234
41 226
42 237
43 238
44 265
45 521
46 228
47 525
48 426
49 234
50 232
51 418
52 234
53 230
54 234
55 232
56 225
57 235
58 245
59 236
60 423
61 235
62 232
63 554
64 233
65 232
66 481
67 237
68 232
69 571
70 236
71 228
72 647
73 701
74 233
75 236
76 234
77 234
78 475
79 234
80 234
81 574
82 396
83 227
84 493
85 421
86 242
87 230
88 233
89 298
90 224
91 422
92 226
93 410
94 219
95 228
96 223
97 231
98 772
99 230
100 233
101 687
102 289
103 232
104 233
105 530
106 577
107 290
108 332
109 233
110 230
111 532
112 241
113 216
114 245
115 231
116 405
117 236
118 482
119 278
120 222
121 546
122 235
123 227
124 237
125 236
126 280
127 276
128 224
129 220
130 225
131 229
132 307
133 543
134 649
135 479
136 227
137 237
138 235
139 423
140 273
141 230
142 305
143 216
144 229
145 526
146 228
147 274
148 404
149 237
150 420
151 0
152 492
153 228
154 226
155 231
156 231
157 274
158 227
159 237
160 310
161 277
162 482
163 461
164 404
165 235
166 236
167 233
168 419
169 417
170 520
171 232
172 235
173 219
174 243
175 241
176 220
177 218
178 715
179 309
180 234
181 535
182 232
183 480
184 222
185 232
186 414
187 416
188 403
189 232
190 410
191 436
192 407
193 230
194 656
195 422
196 578
197 236
198 460
199 230
200 224
201 644
202 235
203 234
204 233
205 417
206 483
207 411
208 402
209 237
210 412
211 537
212 542
213 494
214 264
215 236
216 232
217 458
218 232
219 415
220 269
221 416
222 275
223 239
224 271
225 239
226 404
227 274
228 233
229 234
230 410
231 518
232 0
233 218
234 0
235 402
236 463
237 300
238 536
239 235
240 497
241 262
242 217
243 235
244 419
245 222
246 240
247 499
248 629
249 772
250 404
251 408
252 408
253 566
254 231
255 232
256 230
257 260
258 537
259 464
260 261
261 235
262 405
263 415
264 563
265 516
266 517
267 455
268 227
269 228
270 411
271 303
272 218
273 236
274 410
275 303
276 234
277 462
278 243
279 302
280 457
281 228
282 222
283 224
284 233
285 236
286 466
287 486
288 410
289 334
290 235
291 220
292 222
293 219
294 259
295 229
296 464
297 233
298 414
299 532
300 393
301 236
302 307
303 220
304 730
305 237
306 234
307 230
308 479
309 227
310 454
311 422
312 307
313 571
314 236
315 230
316 258
317 234
318 580
319 311
320 231
321 222
322 501
323 302
324 468
325 562
326 305
327 571
328 540
329 570
330 558
331 225
332 477
333 230
334 589
335 234
336 234
337 496
338 234
339 225
340 406
341 235
342 494
343 405
344 237
345 398
346 228
347 419
348 414
349 456
350 279
351 224
352 415
353 240
354 236
355 303
356 307
357 459
358 484
359 542
360 573
361 483
362 277
363 231
364 229
365 234
366 455
367 231
368 233
369 458
370 691
371 259
372 443
373 281
374 230
375 239
376 413
377 544
378 303
379 230
380 401
381 309
382 232
383 461
384 421
385 281
386 408
387 415
388 530
389 410
390 561
391 395
392 223
393 404
394 421
395 237
396 309
397 217
398 465
399 235
400 527
401 401
402 403
403 407
404 235
405 507
406 457
407 545
408 497
409 458
410 239
411 230
412 232
413 282
414 272
415 461
416 628
417 519
418 279
419 457
420 414
421 235
422 461
423 525
424 235
425 421
426 379
427 217
428 459
429 231
430 237
431 232
432 235
433 538
434 509
435 305
436 548
437 235
438 220
439 573
440 457
441 534
442 229
443 235
444 228
445 232
446 493
447 231
448 236
449 419
450 236
451 230
452 226
453 231
454 423
455 236
456 232
457 231
458 230
459 233
460 237
461 232
462 235
463 221
464 232
465 230
466 464
467 581
468 233
469 230
470 234
471 497
472 411
473 424
474 235
475 303
476 479
477 237
478 233
479 238
480 231
481 481
482 231
483 433
484 423
485 482
486 475
487 418
488 228
489 480
490 523
491 278
492 231
493 232
494 231
495 273
496 233
497 229
498 233
499 418
500 230
501 229
502 235
503 238
504 235
505 236
506 241
507 431
508 234
509 230
510 426
511 239
512 234
513 236
514 492
515 480
516 234
517 306
518 229
519 240
520 234
521 232
522 229
523 275
524 231
525 444
526 239
527 229
528 239
529 231
530 305
531 236
532 405
533 222
534 228
535 403
536 564
537 345
538 218
539 231
540 230
541 481
542 233
543 233
544 305
545 259
546 229
547 781
548 405
549 242
550 235
551 237
552 338
553 240
554 499
555 276
556 281
557 233
558 307
559 233
560 228
561 232
562 250
563 305
564 236
565 230
566 0
567 237
568 236
569 232
570 363
571 488
572 543
573 555
574 417
575 258
576 273
577 238
578 392
579 230
580 232
581 407
582 238
583 271
584 275
585 277
586 307
587 228
588 308
589 257
590 459
591 235
592 233
593 238
594 419
595 231
596 233
597 412
598 524
599 238
600 223
601 432
602 232
603 474
604 413
605 236
606 234
607 253
608 234
609 238
610 330
611 221
612 271
613 239
614 235
615 234
616 222
617 237
618 233
619 235
620 232
621 233
622 238
623 234
624 234
625 238
626 229
627 459
628 225
629 225
630 300
631 242
632 233
633 238
634 229
635 239
636 234
637 230
638 474
639 274
640 278
641 277
642 234
643 241
644 219
645 239
646 228
647 544
648 239
649 236
650 229
651 234
652 235
653 232
654 580
655 595
656 500
657 501
658 237
659 234
660 1043
661 420
662 244
663 265
664 458
665 308
666 275
667 483
668 408
669 238
670 226
671 665
672 288
673 235
674 275
675 251
676 232
677 273
678 275
679 308
680 306
681 239
682 229
683 238
684 237
685 237
686 252
687 230
688 231
689 631
690 543
691 228
692 495
693 214
694 477
695 236
696 415
697 419
698 276
699 232
700 312
701 508
702 304
703 253
704 727
705 419
706 422
707 255
708 230
709 308
710 229
711 303
712 482
713 234
714 233
715 784
716 557
717 227
718 475
719 221
720 229
721 233
722 233
723 274
724 255
725 220
726 307
727 233
728 403
729 494
730 478
731 335
732 223
733 232
734 220
735 235
736 233
737 236
738 253
739 227
740 307
741 245
742 492
743 234
744 239
745 232
746 235
747 231
748 279
749 308
750 374
751 473
752 227
753 308
754 531
755 553
756 447
757 496
758 235
759 305
760 232
761 229
762 233
763 284
764 276
765 229
766 229
767 234
768 247
769 230
770 232
771 237
772 233
773 0
774 229
775 420
776 475
777 484
778 237
779 233
780 235
781 405
782 425
783 479
784 307
785 444
786 228
787 226
788 457
789 289
790 484
791 305
792 234
793 229
794 483
795 0
796 232
797 231
798 272
799 236
800 220
801 229
802 261
803 257
804 303
805 500
806 478
807 406
808 234
809 237
810 495
811 545
812 773
813 221
814 566
815 228
816 0
817 277
818 277
819 306
820 239
821 256
822 231
823 480
824 642
825 585
826 544
827 478
828 237
829 232
830 238
831 234
832 238
833 229
834 474
835 281
836 231
837 232
838 233
839 235
840 304
841 306
842 225
843 0
844 1011
845 217
846 491
847 238
848 310
849 754
850 236
851 481
852 465
853 235
854 221
855 482
856 235
857 495
858 492
859 240
860 274
861 233
862 225
863 651
864 225
865 307
866 232
867 230
868 476
869 304
870 229
871 274
872 309
873 278
874 405
875 457
876 474
877 230
878 306
879 525
880 261
881 763
882 481
883 237
884 462
885 732
886 483
887 221
888 478
889 485
890 234
891 303
892 456
893 222
894 232
895 454
896 300
897 235
898 229
899 236
900 0
901 594
902 425
903 521
904 421
905 226
906 482
907 233
908 237
909 756
910 223
911 574
912 473
913 504
914 477
915 495
916 235
917 481
918 236
919 456
920 231
921 230
922 260
923 255
924 234
925 236
926 258
927 389
928 0
929 420
930 237
931 275
932 307
933 465
934 425
935 467
936 420
937 222
938 582
939 471
940 367
941 222
942 519
943 222
944 456
945 481
946 223
947 242
948 483
949 308
950 229
951 223
952 789
953 631
954 476
955 231
956 309
957 632
958 524
959 407
960 233
961 458
962 466
963 498
964 221
965 741
966 476
967 233
968 473
969 278
970 217
971 226
972 458
973 221
974 228
975 234
976 307
977 220
978 450
979 445
980 235
981 222
982 586
983 706
984 233
985 509
986 306
987 428
988 281
989 273
990 236
991 308
992 477
993 424
994 479
995 234
996 220
997 237
998 230
999 545
1000 735
1001 230
1002 304
1003 309
1004 234
1005 225
1006 241
1007 481
1008 258
1009 257
1010 217
1011 644
1012 243
1013 219
1014 627
1015 729
1016 592
1017 455
1018 229
1019 222
1020 413
1021 518
1022 494
1023 306
1024 455
1025 650
1026 547
1027 536
1028 229
1029 231
1030 305
1031 232
1032 232
1033 230
1034 481
1035 708
1036 239
1037 680
1038 234
1039 235
1040 233
1041 306
1042 219
1043 306
1044 774
1045 223
1046 233
1047 234
1048 507
1049 509
1050 230
1051 238
1052 234
1053 272
1054 546
1055 232
1056 458
1057 304
1058 228
1059 482
1060 231
1061 482
1062 243
1063 492
1064 0
1065 401
1066 235
1067 387
1068 772
1069 225
1070 233
1071 234
1072 235
1073 232
1074 243
1075 292
1076 630
1077 492
1078 222
1079 492
1080 539
1081 306
1082 632
1083 281
1084 222
1085 223
1086 232
1087 309
1088 681
1089 586
1090 225
1091 647
1092 231
1093 219
1094 221
1095 222
1096 220
1097 218
1098 668
1099 407
1100 489
1101 419
1102 228
1103 235
1104 222
1105 230
1106 309
1107 228
1108 231
1109 383
1110 222
1111 273
1112 676
1113 675
1114 594
1115 226
1116 259
1117 647
1118 220
1119 235
1120 501
1121 279
1122 234
1123 219
1124 589
1125 273
1126 220
1127 227
1128 240
1129 506
1130 243
1131 274
1132 235
1133 278
1134 238
1135 458
1136 258
1137 414
1138 223
1139 242
1140 408
1141 223
1142 503
1143 555
1144 547
1145 479
1146 235
1147 304
1148 448
1149 552
1150 458
1151 308
1152 234
1153 242
1154 236
1155 634
1156 434
1157 421
1158 221
1159 672
1160 243
1161 236
1162 236
1163 302
1164 482
1165 628
1166 582
1167 235
1168 235
1169 486
1170 305
1171 753
1172 464
1173 223
1174 219
1175 555
1176 520
1177 760
1178 421
1179 540
1180 505
1181 482
1182 220
1183 518
1184 224
1185 308
1186 421
1187 246
1188 230
1189 236
1190 222
1191 278
1192 283
1193 303
1194 232
1195 233
1196 228
1197 225
1198 218
1199 239
1200 221
1201 553
1202 419
1203 239
1204 407
1205 477
1206 482
1207 735
1208 537
1209 461
1210 275
1211 477
1212 482
1213 558
1214 606
1215 227
1216 405
1217 260
1218 235
1219 531
1220 459
1221 468
1222 510
1223 220
1224 259
1225 405
1226 276
1227 220
1228 276
1229 231
1230 236
1231 238
1232 227
1233 308
1234 231
1235 557
1236 292
1237 290
1238 482
1239 303
1240 239
1241 484
1242 235
1243 415
1244 418
1245 223
1246 479
1247 222
1248 235
1249 536
1250 752
1251 235
1252 427
1253 1332
1254 443
1255 532
1256 233
1257 530
1258 219
1259 627
1260 232
1261 223
1262 232
1263 220
1264 233
1265 245
1266 229
1267 231
1268 237
1269 228
1270 253
1271 221
1272 306
1273 221
1274 457
1275 237
1276 221
1277 221
1278 305
1279 306
1280 301
1281 608
1282 590
1283 599
1284 589
1285 274
1286 309
1287 393
1288 241
1289 482
1290 773
1291 227
1292 459
1293 459
1294 628
1295 417
1296 278
1297 236
1298 696
1299 224
1300 223
1301 235
1302 232
1303 234
1304 237
1305 235
1306 219
1307 234
1308 236
1309 234
1310 232
1311 480
1312 240
1313 311
1314 228
1315 598
1316 222
1317 308
1318 241
1319 305
1320 218
1321 259
1322 276
1323 476
1324 223
1325 481
1326 492
1327 589
1328 592
1329 480
1330 478
1331 225
1332 479
1333 231
1334 478
1335 240
1336 480
1337 417
1338 498
1339 229
1340 227
1341 230
1342 536
1343 273
1344 417
1345 231
1346 235
1347 237
1348 260
1349 225
1350 259
1351 774
1352 216
1353 236
1354 236
1355 276
1356 239
1357 233
1358 226
1359 475
1360 232
1361 418
1362 232
1363 475
1364 234
1365 233
1366 563
1367 479
1368 569
1369 483
1370 281
1371 293
1372 585
1373 480
1374 497
1375 709
1376 412
1377 477
1378 222
1379 228
1380 479
1381 310
1382 276
1383 482
1384 421
1385 229
1386 422
1387 423
1388 685
1389 441
1390 221
1391 553
1392 408
1393 234
1394 229
1395 473
1396 226
1397 233
1398 222
1399 478
1400 307
1401 234
1402 219
1403 482
1404 238
1405 402
1406 414
1407 304
1408 454
1409 225
1410 232
1411 229
1412 288
1413 302
1414 233
1415 275
1416 479
1417 224
1418 223
1419 429
1420 474
1421 425
1422 472
1423 477
1424 475
1425 629
1426 220
1427 242
1428 418
1429 591
1430 236
1431 229
1432 496
1433 229
1434 243
1435 278
1436 543
1437 425
1438 231
1439 239
1440 403
1441 226
1442 235
1443 237
1444 233
1445 232
1446 237
1447 234
1448 231
1449 311
1450 234
1451 233
1452 536
1453 416
1454 235
1455 713
1456 229
1457 222
1458 223
1459 230
1460 274
1461 303
1462 220
1463 309
1464 271
1465 232
1466 405
1467 224
1468 223
1469 479
1470 474
1471 475
1472 511
1473 225
1474 243
1475 480
1476 453
1477 223
1478 659
1479 493
1480 273
1481 494
1482 630
1483 280
1484 423
1485 544
1486 424
1487 501
1488 456
1489 224
1490 237
1491 233
1492 228
1493 230
1494 233
1495 233
1496 231
1497 233
1498 231
1499 480
1500 232
1501 276
1502 308
1503 225
1504 235
1505 235
1506 225
1507 513
1508 274
1509 221
1510 233
1511 240
1512 218
1513 224
1514 234
1515 416
1516 471
1517 218
1518 222
1519 206
1520 474
1521 480
1522 306
1523 230
1524 235
1525 494
1526 500
1527 704
1528 481
1529 474
1530 417
1531 482
1532 542
1533 529
1534 651
1535 598
1536 218
1537 220
1538 226
1539 235
1540 232
1541 238
1542 237
1543 231
1544 230
1545 256
1546 305
1547 239
1548 225
1549 220
1550 310
1551 233
1552 303
1553 418
1554 310
1555 221
1556 546
1557 310
1558 230
1559 230
1560 231
1561 305
1562 220
1563 277
1564 305
1565 284
1566 446
1567 278
1568 595
1569 482
1570 233
1571 225
1572 478
1573 242
1574 234
1575 233
1576 230
1577 235
1578 261
1579 484
1580 289
1581 294
1582 241
1583 505
1584 408
1585 224
1586 235
1587 235
1588 226
1589 222
1590 232
1591 230
1592 235
1593 236
1594 229
1595 220
1596 216
1597 303
1598 482
1599 221
1600 591
1601 494
1602 289
1603 271
1604 235
1605 223
1606 280
1607 233
1608 219
1609 220
1610 307
1611 304
1612 482
1613 424
1614 223
1615 483
1616 220
1617 486
1618 481
1619 242
1620 481
1621 477
1622 633
1623 225
1624 242
1625 438
1626 410
1627 287
1628 216
1629 545
1630 234
1631 234
1632 237
1633 237
1634 236
1635 275
1636 236
1637 402
1638 235
1639 546
1640 234
1641 237
1642 227
1643 477
1644 479
1645 219
1646 223
1647 220
1648 221
1649 222
1650 482
1651 479
1652 219
1653 480
1654 482
1655 479
1656 427
1657 244
1658 222
1659 237
1660 237
1661 221
1662 231
1663 235
1664 278
1665 302
1666 230
1667 281
1668 488
1669 221
1670 290
1671 300
1672 227
1673 231
1674 479
1675 222
1676 281
1677 644
1678 233
1679 225
1680 277
1681 480
1682 475
1683 573
1684 231
1685 230
1686 324
1687 277
1688 346
1689 457
1690 723
1691 233
1692 230
1693 234
1694 219
1695 234
1696 234
1697 230
1698 240
1699 219
1700 224
1701 223
1702 244
1703 310
1704 421
1705 421
1706 543
1707 280
1708 233
1709 477
1710 480
1711 233
1712 474
1713 708
1714 679
1715 239
1716 217
1717 478
1718 782
1719 229
1720 221
1721 403
1722 562
1723 230
1724 236
1725 232
1726 227
1727 232
1728 222
1729 274
1730 222
1731 306
1732 223
1733 235
1734 485
1735 221
1736 304
1737 726
1738 482
1739 241
1740 220
1741 422
1742 475
1743 222
1744 301
1745 218
1746 282
1747 223
1748 275
1749 452
1750 229
1751 307
1752 230
1753 223
1754 406
1755 475
1756 221
1757 461
1758 420
1759 223
1760 419
1761 731
1762 236
1763 285
1764 470
1765 225
1766 233
1767 486
1768 532
1769 405
1770 223
1771 432
1772 220
1773 427
1774 453
1775 230
1776 494
1777 222
1778 478
1779 242
1780 224
1781 302
1782 224
1783 545
1784 483
1785 700
1786 425
1787 237
1788 428
1789 478
1790 218
1791 229
1792 236
1793 471
1794 418
1795 244
1796 441
1797 480
1798 231
1799 219
1800 240
1801 221
1802 224
1803 480
1804 226
1805 308
1806 232
1807 222
1808 278
1809 404
1810 415
1811 237
1812 218
1813 233
1814 287
1815 422
1816 273
1817 415
1818 480
1819 223
1820 238
1821 236
1822 223
1823 492
1824 479
1825 473
1826 236
1827 483
1828 481
1829 218
1830 420
1831 534
1832 222
1833 425
1834 222
1835 237
1836 226
1837 234
1838 222
1839 224
1840 630
1841 470
1842 227
1843 229
1844 513
1845 419
1846 481
1847 419
1848 448
1849 220
1850 223
1851 499
1852 217
1853 405
1854 218
1855 230
1856 233
1857 478
1858 222
1859 233
1860 231
1861 234
1862 237
1863 223
1864 304
1865 291
1866 426
1867 241
1868 223
1869 281
1870 223
1871 419
1872 482
1873 233
1874 236
1875 235
1876 236
1877 295
1878 222
1879 470
1880 235
1881 235
1882 217
1883 222
1884 241
1885 225
1886 224
1887 220
1888 219
1889 414
1890 221
1891 222
1892 234
1893 420
1894 420
1895 237
1896 224
1897 282
1898 220
1899 418
1900 518
1901 423
1902 417
1903 228
1904 227
1905 277
1906 280
1907 222
1908 223
1909 220
1910 222
1911 285
1912 223
1913 219
1914 221
1915 227
1916 425
1917 231
1918 231
1919 235
1920 223
1921 232
1922 416
1923 230
1924 222
1925 474
1926 220
1927 222
1928 277
1929 455
1930 457
1931 223
1932 294
1933 216
1934 223
1935 217
1936 649
1937 275
1938 221
1939 232
1940 240
1941 291
1942 231
1943 473
1944 234
1945 237
1946 222
1947 226
1948 222
1949 224
1950 218
1951 483
1952 238
1953 407
1954 224
1955 421
1956 417
1957 220
1958 425
1959 417
1960 233
1961 460
1962 219
1963 242
1964 220
1965 226
1966 472
1967 276
1968 220
1969 225
1970 223
1971 217
1972 220
1973 228
1974 221
1975 219
1976 455
1977 421
1978 499
1979 223
1980 458
1981 236
1982 224
1983 221
1984 226
1985 222
1986 222
1987 492
1988 421
1989 226
1990 450
1991 547
1992 470
1993 222
1994 218
1995 222
1996 223
1997 223
1998 227
1999 231
2000 234
2001 239
2002 223
2003 233
2004 233
2005 226
2006 412
2007 415
2008 224
2009 237
2010 225
2011 480
2012 412
2013 478
2014 414
2015 480
2016 241
2017 277
2018 227
2019 232
2020 226
2021 231
2022 223
2023 222
2024 230
2025 239
2026 224
2027 216
2028 218
2029 223
2030 243
2031 222
2032 470
2033 479
2034 420
2035 462
2036 238
2037 235
2038 221
2039 460
2040 268
2041 279
2042 305
2043 484
2044 218
2045 231
2046 221
2047 226
2048 239
2049 234
2050 234
2051 223
2052 222
2053 219
2054 234
2055 239
2056 268
2057 482
2058 417
2059 480
2060 419
2061 416
2062 543
2063 225
2064 280
2065 478
2066 423
2067 226
2068 216
2069 226
2070 241
2071 221
2072 223
2073 219
2074 223
2075 220
2076 234
2077 218
2078 222
2079 223
2080 226
2081 230
2082 292
2083 223
2084 284
2085 289
2086 221
2087 480
2088 420
2089 223
2090 224
2091 223
2092 479
2093 420
2094 230
2095 221
2096 223
2097 218
2098 307
2099 216
2100 222
2101 219
2102 218
2103 224
2104 224
2105 223
2106 233
2107 232
2108 247
2109 225
2110 485
2111 225
2112 423
2113 235
2114 449
2115 290
2116 512
2117 236
2118 221
2119 218
2120 544
2121 254
2122 548
2123 419
2124 234
2125 223
2126 228
2127 223
2128 417
2129 242
2130 240
2131 307
2132 220
2133 408
2134 410
2135 223
2136 420
2137 474
2138 225
2139 417
2140 219
2141 220
2142 221
2143 222
2144 225
2145 235
2146 239
2147 218
2148 279
2149 242
2150 238
2151 282
2152 223
2153 283
2154 422
2155 240
2156 237
2157 426
2158 220
2159 224
2160 307
2161 280
2162 1042
2163 222
2164 228
2165 222
2166 231
2167 224
2168 224
2169 230
2170 224
2171 513
2172 240
2173 464
2174 482
2175 244
2176 246
2177 424
2178 221
2179 222
2180 220
2181 217
2182 219
2183 224
2184 226
2185 281
2186 237
2187 280
2188 229
2189 220
2190 223
2191 278
2192 507
2193 222
2194 221
2195 226
2196 223
2197 219
2198 215
2199 441
2200 244
2201 219
2202 222
2203 224
2204 234
2205 220
2206 225
2207 221
2208 477
2209 480
2210 240
2211 513
2212 444
2213 221
2214 221
2215 455
2216 222
2217 235
2218 532
2219 223
2220 219
2221 221
2222 594
2223 243
2224 479
2225 219
2226 220
2227 224
2228 531
2229 224
2230 525
2231 220
2232 539
2233 257
2234 224
2235 559
2236 602
2237 544
2238 244
2239 476
2240 227
2241 235
2242 225
2243 220
2244 224
2245 419
2246 281
2247 514
2248 419
2249 479
2250 410
2251 508
2252 302
2253 239
2254 547
2255 524
2256 524
2257 776
2258 220
2259 241
2260 224
2261 221
2262 224
2263 540
2264 225
2265 309
2266 220
2267 227
2268 227
2269 290
2270 494
2271 421
2272 453
2273 236
2274 226
2275 479
2276 560
2277 494
2278 440
2279 509
2280 226
2281 220
2282 222
2283 214
2284 0
2285 244
2286 237
2287 222
2288 225
2289 222
2290 452
2291 458
2292 282
2293 480
2294 221
2295 233
2296 224
2297 530
2298 445
2299 651
2300 419
2301 223
2302 538
2303 631
2304 240
2305 220
2306 456
2307 507
2308 224
2309 222
2310 279
2311 457
2312 445
2313 446
2314 222
2315 461
2316 220
2317 434
2318 439
2319 451
2320 504
2321 220
2322 218
2323 0
2324 219
2325 223
2326 226
2327 223
2328 223
2329 456
2330 279
2331 226
2332 231
2333 507
2334 503
2335 458
2336 222
2337 223
2338 442
2339 443
2340 217
2341 231
2342 220
2343 0
2344 221
2345 217
2346 224
2347 221
2348 225
2349 233
2350 223
2351 595
2352 533
2353 221
2354 473
2355 218
2356 224
2357 240
2358 287
2359 227
2360 222
2361 224
2362 245
2363 232
2364 226
2365 224
2366 222
2367 476
2368 224
2369 239
2370 463
2371 456
2372 463
2373 507
2374 547
2375 524
2376 523
2377 280
2378 239
2379 458
2380 235
2381 224
2382 548
2383 225
2384 222
2385 227
2386 552
2387 480
2388 761
2389 225
2390 226
2391 547
2392 545
2393 302
2394 508
2395 283
2396 234
2397 220
2398 218
2399 222
2400 430
2401 223
2402 224
2403 770
2404 220
2405 221
2406 763
2407 226
2408 289
2409 235
2410 219
2411 475
2412 230
2413 532
2414 264
2415 243
2416 219
2417 417
2418 292
2419 219
2420 225
2421 219
2422 699
2423 437
2424 218
2425 487
2426 228
2427 242
2428 454
2429 223
2430 522
2431 224
2432 467
2433 495
2434 219
2435 219
2436 222
2437 225
2438 223
2439 223
2440 277
2441 220
2442 228
2443 243
2444 504
2445 233
2446 224
2447 549
2448 222
2449 296
2450 225
2451 496
2452 225
2453 545
2454 551
2455 543
2456 221
2457 455
2458 553
2459 240
2460 546
2461 410
2462 732
2463 221
2464 222
2465 459
2466 216
2467 419
2468 240
2469 423
2470 506
2471 217
2472 418
2473 219
2474 224
2475 553
2476 0
2477 221
2478 234
2479 237
2480 236
2481 525
2482 218
2483 228
2484 219
2485 219
2486 221
2487 456
2488 451
2489 483
2490 768
2491 232
2492 221
2493 241
2494 221
2495 223
2496 219
2497 222
2498 220
2499 222
2500 223
2501 227
2502 224
2503 494
2504 221
2505 306
2506 661
2507 277
2508 222
2509 217
2510 225
2511 232
2512 282
2513 225
2514 0
2515 230
2516 222
2517 233
2518 243
2519 602
2520 229
2521 271
2522 543
2523 255
2524 588
2525 420
2526 423
2527 235
2528 456
2529 602
2530 220
2531 346
2532 422
2533 696
2534 473
2535 736
2536 548
2537 294
2538 221
2539 223
2540 222
2541 278
2542 458
2543 232
2544 236
2545 306
2546 479
2547 220
2548 420
2549 493
2550 499
2551 233
2552 405
2553 221
2554 230
2555 228
2556 502
2557 514
2558 423
2559 236
2560 217
2561 230
2562 236
2563 220
2564 455
2565 216
2566 421
2567 517
2568 223
2569 226
2570 222
2571 236
2572 0
2573 601
2574 236
2575 411
2576 224
2577 225
2578 221
2579 219
2580 220
