0 23
1 0
2 27
3 0
4 57
5 44
6 0
7 0
8 0
9 64
10 28
11 25
12 29
13 26
14 25
15 45
16 25
17 53
18 24
19 26
20 0
21 25
22 52
23 25
24 0
25 55
26 22
27 0
28 62
29 34
30 0
31 22
32 0
33 27
34 86
35 26
36 47
37 44
38 25
39 25
40 25
41 0
42 24
43 26
44 28
45 0
46 23
47 0
48 43
49 26
50 26
51 46
52 25
53 25
54 25
55 23
56 25
57 25
58 27
59 25
60 46
61 25
62 25
63 61
64 25
65 25
66 52
67 26
68 25
69 0
70 25
71 24
72 0
73 0
74 25
75 26
76 24
77 25
78 53
79 26
80 26
81 0
82 44
83 24
84 53
85 0
86 26
87 25
88 25
89 30
90 23
91 37
92 25
93 45
94 24
95 0
96 24
97 25
98 85
99 25
100 0
101 76
102 31
103 25
104 25
105 59
106 63
107 31
108 36
109 25
110 25
111 58
112 26
113 23
114 27
115 25
116 45
117 26
118 53
119 30
120 0
121 60
122 25
123 24
124 26
125 0
126 30
127 30
128 24
129 23
130 24
131 25
132 34
133 0
134 72
135 52
136 25
137 26
138 26
139 46
140 30
141 25
142 33
143 23
144 0
145 49
146 25
147 30
148 44
149 25
150 45
151 0
152 0
153 25
154 25
155 25
156 25
157 30
158 24
159 26
160 34
161 30
162 0
163 50
164 44
165 25
166 25
167 24
168 46
169 46
170 56
171 25
172 25
173 24
174 27
175 25
176 24
177 24
178 78
179 0
180 25
181 59
182 25
183 53
184 24
185 25
186 45
187 45
188 44
189 24
190 44
191 0
192 0
193 0
194 0
195 0
196 63
197 26
198 48
199 26
200 24
201 71
202 25
203 25
204 25
205 46
206 54
207 46
208 44
209 0
210 45
211 60
212 60
213 55
214 0
215 26
216 25
217 50
218 25
219 46
220 29
221 46
222 29
223 26
224 30
225 26
226 44
227 30
228 0
229 25
230 0
231 0
232 0
233 23
234 0
235 44
236 0
237 32
238 58
239 25
240 55
241 29
242 23
243 26
244 46
245 23
246 26
247 0
248 69
249 85
250 44
251 44
252 44
253 0
254 25
255 25
256 25
257 28
258 59
259 48
260 0
261 0
262 42
263 45
264 63
265 57
266 49
267 50
268 25
269 0
270 46
271 33
272 23
273 0
274 45
275 33
276 25
277 51
278 26
279 33
280 50
281 0
282 24
283 24
284 25
285 25
286 52
287 54
288 45
289 37
290 26
291 24
292 24
293 24
294 26
295 25
296 51
297 26
298 46
299 59
300 42
301 26
302 34
303 24
304 81
305 26
306 25
307 25
308 0
309 24
310 50
311 46
312 33
313 63
314 26
315 24
316 28
317 25
318 63
319 32
320 25
321 24
322 55
323 33
324 0
325 63
326 33
327 63
328 56
329 0
330 62
331 24
332 53
333 24
334 65
335 26
336 25
337 55
338 25
339 24
340 0
341 0
342 50
343 0
344 26
345 0
346 25
347 45
348 45
349 50
350 30
351 24
352 45
353 26
354 0
355 32
356 0
357 51
358 0
359 60
360 63
361 51
362 30
363 25
364 0
365 0
366 50
367 24
368 25
369 51
370 76
371 27
372 49
373 30
374 25
375 25
376 46
377 0
378 33
379 25
380 44
381 0
382 25
383 0
384 47
385 31
386 0
387 0
388 59
389 45
390 61
391 43
392 24
393 0
394 45
395 26
396 34
397 24
398 0
399 25
400 58
401 44
402 44
403 44
404 25
405 56
406 50
407 60
408 55
409 0
410 26
411 25
412 25
413 30
414 30
415 50
416 69
417 58
418 30
419 50
420 46
421 26
422 51
423 58
424 25
425 46
426 41
427 24
428 51
429 0
430 25
431 23
432 26
433 59
434 0
435 33
436 60
437 26
438 24
439 64
440 50
441 58
442 26
443 25
444 25
445 25
446 55
447 25
448 26
449 46
450 26
451 25
452 24
453 25
454 46
455 26
456 25
457 25
458 25
459 0
460 23
461 26
462 26
463 23
464 25
465 24
466 51
467 63
468 25
469 25
470 25
471 55
472 46
473 46
474 25
475 33
476 52
477 26
478 25
479 26
480 25
481 53
482 25
483 48
484 46
485 53
486 53
487 45
488 24
489 53
490 57
491 30
492 25
493 26
494 25
495 30
496 25
497 25
498 24
499 46
500 25
501 24
502 26
503 26
504 25
505 25
506 26
507 47
508 24
509 25
510 46
511 26
512 25
513 25
514 55
515 52
516 25
517 34
518 0
519 26
520 26
521 24
522 0
523 30
524 25
525 46
526 0
527 24
528 25
529 25
530 33
531 26
532 44
533 24
534 25
535 45
536 62
537 38
538 24
539 26
540 25
541 54
542 24
543 25
544 33
545 26
546 25
547 0
548 44
549 0
550 25
551 25
552 38
553 26
554 54
555 30
556 30
557 25
558 33
559 26
560 25
561 25
562 27
563 33
564 0
565 0
566 0
567 25
568 25
569 21
570 39
571 53
572 60
573 62
574 45
575 28
576 29
577 26
578 43
579 25
580 25
581 0
582 25
583 30
584 30
585 30
586 33
587 25
588 33
589 28
590 50
591 25
592 26
593 25
594 47
595 26
596 25
597 45
598 58
599 25
600 24
601 48
602 25
603 51
604 46
605 25
606 25
607 27
608 25
609 26
610 36
611 24
612 30
613 26
614 25
615 25
616 23
617 0
618 25
619 26
620 26
621 0
622 25
623 26
624 26
625 26
626 25
627 50
628 24
629 24
630 33
631 26
632 25
633 25
634 25
635 26
636 25
637 0
638 52
639 29
640 30
641 30
642 25
643 26
644 24
645 26
646 25
647 60
648 25
649 0
650 0
651 25
652 26
653 26
654 64
655 65
656 55
657 55
658 25
659 25
660 53
661 46
662 26
663 29
664 50
665 31
666 30
667 54
668 44
669 26
670 24
671 73
672 31
673 24
674 30
675 27
676 25
677 29
678 30
679 33
680 33
681 26
682 25
683 26
684 26
685 25
686 27
687 0
688 0
689 70
690 60
691 25
692 54
693 0
694 52
695 25
696 45
697 46
698 30
699 25
700 33
701 55
702 33
703 25
704 80
705 46
706 47
707 27
708 0
709 33
710 25
711 0
712 53
713 25
714 0
715 116
716 62
717 25
718 52
719 23
720 24
721 25
722 25
723 0
724 28
725 24
726 34
727 25
728 45
729 55
730 53
731 37
732 24
733 25
734 24
735 25
736 26
737 25
738 28
739 24
740 33
741 26
742 51
743 26
744 26
745 25
746 0
747 0
748 30
749 34
750 41
751 52
752 24
753 33
754 58
755 61
756 49
757 55
758 25
759 33
760 24
761 25
762 25
763 31
764 30
765 25
766 25
767 26
768 0
769 25
770 25
771 25
772 25
773 0
774 25
775 46
776 52
777 54
778 25
779 0
780 0
781 44
782 46
783 53
784 33
785 49
786 25
787 24
788 51
789 32
790 53
791 33
792 26
793 25
794 53
795 0
796 26
797 26
798 29
799 25
800 24
801 0
802 29
803 0
804 0
805 52
806 53
807 44
808 25
809 26
810 55
811 60
812 86
813 23
814 61
815 24
816 0
817 0
818 30
819 33
820 25
821 28
822 25
823 53
824 72
825 65
826 60
827 53
828 25
829 26
830 26
831 25
832 25
833 24
834 53
835 30
836 24
837 25
838 25
839 26
840 0
841 34
842 24
843 0
844 140
845 23
846 54
847 26
848 34
849 83
850 25
851 0
852 51
853 25
854 22
855 54
856 26
857 54
858 54
859 26
860 30
861 26
862 25
863 72
864 24
865 33
866 25
867 25
868 52
869 33
870 25
871 25
872 0
873 30
874 0
875 0
876 53
877 25
878 33
879 58
880 28
881 83
882 53
883 25
884 51
885 0
886 54
887 24
888 52
889 53
890 25
891 33
892 50
893 24
894 25
895 50
896 33
897 25
898 25
899 25
900 0
901 60
902 47
903 58
904 46
905 24
906 53
907 25
908 26
909 0
910 24
911 63
912 0
913 56
914 52
915 54
916 23
917 54
918 25
919 50
920 25
921 25
922 29
923 27
924 25
925 24
926 28
927 43
928 0
929 0
930 25
931 30
932 33
933 51
934 47
935 51
936 46
937 24
938 64
939 52
940 40
941 23
942 0
943 24
944 50
945 52
946 24
947 26
948 0
949 33
950 25
951 20
952 86
953 69
954 51
955 25
956 34
957 69
958 58
959 44
960 26
961 51
962 51
963 55
964 24
965 51
966 52
967 25
968 51
969 30
970 24
971 0
972 51
973 24
974 25
975 25
976 33
977 24
978 50
979 49
980 25
981 24
982 65
983 78
984 26
985 55
986 34
987 47
988 0
989 0
990 24
991 33
992 53
993 45
994 52
995 26
996 24
997 26
998 24
999 60
1000 81
1001 25
1002 33
1003 0
1004 0
1005 0
1006 0
1007 53
1008 28
1009 0
1010 24
1011 72
1012 24
1013 0
1014 0
1015 0
1016 66
1017 50
1018 24
1019 23
1020 45
1021 58
1022 55
1023 33
1024 50
1025 72
1026 60
1027 57
1028 25
1029 25
1030 33
1031 25
1032 0
1033 23
1034 52
1035 79
1036 26
1037 74
1038 25
1039 25
1040 25
1041 34
1042 24
1043 34
1044 85
1045 24
1046 25
1047 25
1048 55
1049 48
1050 25
1051 0
1052 0
1053 0
1054 58
1055 25
1056 51
1057 33
1058 25
1059 53
1060 25
1061 52
1062 0
1063 42
1064 0
1065 43
1066 25
1067 42
1068 85
1069 25
1070 25
1071 25
1072 25
1073 26
1074 26
1075 32
1076 69
1077 0
1078 25
1079 54
1080 60
1081 33
1082 70
1083 31
1084 24
1085 24
1086 0
1087 33
1088 0
1089 0
1090 24
1091 72
1092 25
1093 24
1094 24
1095 24
1096 24
1097 24
1098 74
1099 44
1100 0
1101 46
1102 24
1103 25
1104 23
1105 25
1106 33
1107 24
1108 24
1109 0
1110 23
1111 29
1112 70
1113 74
1114 66
1115 24
1116 0
1117 72
1118 22
1119 25
1120 55
1121 30
1122 26
1123 24
1124 64
1125 30
1126 24
1127 0
1128 26
1129 56
1130 0
1131 0
1132 0
1133 30
1134 26
1135 51
1136 0
1137 0
1138 0
1139 26
1140 45
1141 25
1142 55
1143 0
1144 59
1145 0
1146 26
1147 0
1148 43
1149 61
1150 50
1151 34
1152 25
1153 26
1154 25
1155 70
1156 48
1157 46
1158 24
1159 74
1160 26
1161 25
1162 25
1163 0
1164 0
1165 0
1166 64
1167 26
1168 26
1169 54
1170 33
1171 83
1172 0
1173 24
1174 22
1175 62
1176 57
1177 84
1178 46
1179 60
1180 56
1181 52
1182 24
1183 57
1184 24
1185 33
1186 46
1187 26
1188 24
1189 0
1190 0
1191 30
1192 30
1193 0
1194 25
1195 23
1196 25
1197 0
1198 24
1199 26
1200 24
1201 0
1202 0
1203 26
1204 45
1205 52
1206 52
1207 82
1208 59
1209 51
1210 29
1211 53
1212 53
1213 62
1214 67
1215 25
1216 44
1217 29
1218 25
1219 59
1220 51
1221 51
1222 57
1223 23
1224 28
1225 44
1226 30
1227 24
1228 29
1229 25
1230 26
1231 25
1232 25
1233 34
1234 25
1235 61
1236 31
1237 31
1238 52
1239 0
1240 26
1241 0
1242 26
1243 45
1244 0
1245 25
1246 52
1247 23
1248 25
1249 59
1250 52
1251 26
1252 45
1253 117
1254 48
1255 59
1256 26
1257 58
1258 24
1259 69
1260 25
1261 24
1262 25
1263 24
1264 26
1265 26
1266 25
1267 25
1268 25
1269 25
1270 27
1271 24
1272 33
1273 24
1274 50
1275 25
1276 24
1277 24
1278 33
1279 33
1280 0
1281 63
1282 0
1283 0
1284 0
1285 0
1286 33
1287 43
1288 26
1289 53
1290 84
1291 24
1292 50
1293 50
1294 70
1295 46
1296 30
1297 25
1298 76
1299 24
1300 23
1301 0
1302 25
1303 25
1304 26
1305 24
1306 23
1307 26
1308 25
1309 26
1310 24
1311 53
1312 0
1313 0
1314 0
1315 66
1316 24
1317 33
1318 26
1319 33
1320 24
1321 27
1322 30
1323 53
1324 24
1325 53
1326 55
1327 64
1328 0
1329 53
1330 53
1331 24
1332 53
1333 25
1334 53
1335 26
1336 52
1337 46
1338 54
1339 26
1340 25
1341 25
1342 59
1343 30
1344 45
1345 24
1346 25
1347 26
1348 28
1349 24
1350 28
1351 25
1352 23
1353 25
1354 25
1355 31
1356 26
1357 26
1358 25
1359 52
1360 25
1361 0
1362 0
1363 51
1364 25
1365 26
1366 61
1367 53
1368 62
1369 53
1370 30
1371 32
1372 0
1373 52
1374 54
1375 0
1376 45
1377 52
1378 24
1379 25
1380 52
1381 34
1382 30
1383 53
1384 46
1385 24
1386 47
1387 47
1388 74
1389 49
1390 24
1391 121
1392 44
1393 26
1394 25
1395 52
1396 25
1397 25
1398 0
1399 51
1400 33
1401 25
1402 23
1403 54
1404 25
1405 45
1406 46
1407 33
1408 50
1409 24
1410 24
1411 25
1412 31
1413 0
1414 25
1415 29
1416 52
1417 24
1418 24
1419 47
1420 52
1421 47
1422 52
1423 49
1424 52
1425 64
1426 23
1427 26
1428 46
1429 65
1430 26
1431 24
1432 55
1433 25
1434 27
1435 30
1436 61
1437 47
1438 0
1439 0
1440 44
1441 24
1442 25
1443 25
1444 25
1445 25
1446 25
1447 25
1448 25
1449 34
1450 26
1451 25
1452 58
1453 46
1454 26
1455 78
1456 25
1457 24
1458 22
1459 25
1460 30
1461 33
1462 24
1463 34
1464 0
1465 24
1466 45
1467 24
1468 24
1469 52
1470 52
1471 0
1472 55
1473 25
1474 26
1475 53
1476 50
1477 24
1478 72
1479 55
1480 30
1481 55
1482 69
1483 31
1484 46
1485 0
1486 46
1487 55
1488 50
1489 24
1490 25
1491 26
1492 25
1493 25
1494 25
1495 26
1496 25
1497 25
1498 25
1499 54
1500 25
1501 30
1502 33
1503 23
1504 25
1505 26
1506 25
1507 57
1508 30
1509 24
1510 25
1511 24
1512 23
1513 24
1514 26
1515 46
1516 52
1517 24
1518 0
1519 0
1520 52
1521 53
1522 33
1523 25
1524 25
1525 55
1526 55
1527 78
1528 53
1529 53
1530 46
1531 52
1532 60
1533 59
1534 71
1535 65
1536 23
1537 24
1538 24
1539 25
1540 22
1541 26
1542 26
1543 25
1544 26
1545 27
1546 33
1547 26
1548 24
1549 24
1550 34
1551 25
1552 34
1553 46
1554 34
1555 24
1556 60
1557 34
1558 25
1559 25
1560 24
1561 33
1562 24
1563 30
1564 0
1565 30
1566 50
1567 30
1568 65
1569 0
1570 25
1571 25
1572 52
1573 26
1574 25
1575 25
1576 25
1577 25
1578 28
1579 52
1580 31
1581 32
1582 26
1583 55
1584 45
1585 25
1586 25
1587 25
1588 24
1589 24
1590 25
1591 25
1592 26
1593 26
1594 25
1595 24
1596 23
1597 33
1598 53
1599 24
1600 66
1601 55
1602 31
1603 30
1604 25
1605 0
1606 31
1607 25
1608 0
1609 0
1610 29
1611 0
1612 53
1613 46
1614 24
1615 50
1616 24
1617 53
1618 52
1619 26
1620 52
1621 52
1622 70
1623 24
1624 26
1625 48
1626 44
1627 31
1628 23
1629 60
1630 25
1631 26
1632 26
1633 25
1634 25
1635 29
1636 26
1637 44
1638 26
1639 61
1640 25
1641 26
1642 24
1643 52
1644 53
1645 23
1646 24
1647 24
1648 23
1649 24
1650 51
1651 52
1652 24
1653 53
1654 53
1655 52
1656 46
1657 27
1658 24
1659 25
1660 25
1661 23
1662 25
1663 25
1664 30
1665 33
1666 24
1667 30
1668 53
1669 23
1670 32
1671 33
1672 0
1673 25
1674 0
1675 24
1676 30
1677 71
1678 25
1679 25
1680 30
1681 52
1682 53
1683 64
1684 25
1685 24
1686 35
1687 30
1688 38
1689 51
1690 80
1691 25
1692 25
1693 26
1694 24
1695 24
1696 25
1697 25
1698 26
1699 25
1700 24
1701 24
1702 26
1703 34
1704 0
1705 0
1706 59
1707 31
1708 0
1709 53
1710 52
1711 25
1712 52
1713 78
1714 74
1715 26
1716 23
1717 52
1718 86
1719 24
1720 24
1721 44
1722 61
1723 25
1724 25
1725 25
1726 25
1727 25
1728 23
1729 30
1730 24
1731 33
1732 24
1733 26
1734 53
1735 24
1736 33
1737 80
1738 53
1739 26
1740 23
1741 46
1742 52
1743 25
1744 33
1745 23
1746 31
1747 0
1748 30
1749 50
1750 25
1751 33
1752 25
1753 24
1754 43
1755 52
1756 24
1757 50
1758 47
1759 0
1760 45
1761 81
1762 25
1763 30
1764 51
1765 24
1766 25
1767 54
1768 58
1769 0
1770 24
1771 47
1772 25
1773 46
1774 50
1775 25
1776 54
1777 24
1778 53
1779 24
1780 24
1781 0
1782 24
1783 60
1784 53
1785 78
1786 44
1787 26
1788 47
1789 52
1790 23
1791 0
1792 25
1793 53
1794 46
1795 0
1796 48
1797 53
1798 25
1799 24
1800 26
1801 25
1802 24
1803 52
1804 25
1805 34
1806 25
1807 24
1808 29
1809 41
1810 46
1811 25
1812 23
1813 26
1814 31
1815 46
1816 31
1817 0
1818 52
1819 22
1820 26
1821 26
1822 24
1823 54
1824 53
1825 53
1826 25
1827 53
1828 52
1829 24
1830 45
1831 59
1832 24
1833 47
1834 24
1835 26
1836 24
1837 25
1838 24
1839 24
1840 70
1841 51
1842 24
1843 25
1844 55
1845 45
1846 52
1847 45
1848 49
1849 24
1850 23
1851 56
1852 23
1853 44
1854 24
1855 24
1856 25
1857 53
1858 24
1859 25
1860 25
1861 25
1862 25
1863 24
1864 34
1865 31
1866 47
1867 26
1868 24
1869 30
1870 24
1871 46
1872 53
1873 25
1874 25
1875 26
1876 26
1877 32
1878 24
1879 52
1880 25
1881 26
1882 23
1883 24
1884 25
1885 24
1886 24
1887 24
1888 23
1889 45
1890 24
1891 24
1892 25
1893 47
1894 46
1895 25
1896 24
1897 30
1898 23
1899 46
1900 58
1901 46
1902 46
1903 24
1904 24
1905 30
1906 30
1907 24
1908 24
1909 24
1910 23
1911 30
1912 24
1913 24
1914 24
1915 24
1916 46
1917 25
1918 25
1919 25
1920 25
1921 26
1922 46
1923 25
1924 24
1925 52
1926 24
1927 24
1928 30
1929 51
1930 50
1931 24
1932 31
1933 23
1934 24
1935 24
1936 71
1937 30
1938 24
1939 25
1940 26
1941 32
1942 25
1943 52
1944 25
1945 26
1946 24
1947 24
1948 24
1949 24
1950 23
1951 53
1952 26
1953 45
1954 24
1955 46
1956 46
1957 24
1958 47
1959 46
1960 25
1961 50
1962 0
1963 26
1964 24
1965 24
1966 52
1967 30
1968 24
1969 24
1970 24
1971 24
1972 24
1973 25
1974 23
1975 23
1976 50
1977 0
1978 24
1979 24
1980 51
1981 25
1982 24
1983 23
1984 24
1985 24
1986 23
1987 53
1988 47
1989 25
1990 49
1991 60
1992 51
1993 24
1994 24
1995 24
1996 24
1997 24
1998 24
1999 25
2000 25
2001 0
2002 24
2003 25
2004 26
2005 25
2006 46
2007 46
2008 24
2009 25
2010 24
2011 53
2012 45
2013 53
2014 45
2015 53
2016 26
2017 30
2018 24
2019 25
2020 25
2021 26
2022 24
2023 24
2024 25
2025 23
2026 25
2027 23
2028 24
2029 24
2030 26
2031 24
2032 52
2033 54
2034 46
2035 51
2036 26
2037 25
2038 24
2039 50
2040 29
2041 30
2042 33
2043 53
2044 23
2045 25
2046 24
2047 25
2048 26
2049 26
2050 25
2051 24
2052 24
2053 24
2054 25
2055 26
2056 29
2057 53
2058 46
2059 52
2060 46
2061 46
2062 60
2063 25
2064 31
2065 51
2066 47
2067 24
2068 0
2069 25
2070 26
2071 24
2072 24
2073 24
2074 24
2075 24
2076 26
2077 23
2078 0
2079 23
2080 25
2081 25
2082 31
2083 24
2084 31
2085 31
2086 25
2087 52
2088 46
2089 24
2090 24
2091 24
2092 52
2093 46
2094 25
2095 24
2096 24
2097 23
2098 32
2099 23
2100 24
2101 24
2102 0
2103 24
2104 24
2105 25
2106 0
2107 0
2108 27
2109 24
2110 53
2111 24
2112 46
2113 25
2114 49
2115 31
2116 56
2117 26
2118 24
2119 23
2120 60
2121 28
2122 60
2123 46
2124 25
2125 24
2126 24
2127 24
2128 46
2129 26
2130 26
2131 33
2132 24
2133 45
2134 0
2135 24
2136 42
2137 53
2138 24
2139 46
2140 24
2141 0
2142 0
2143 21
2144 24
2145 26
2146 26
2147 24
2148 30
2149 26
2150 26
2151 30
2152 24
2153 31
2154 45
2155 26
2156 26
2157 47
2158 23
2159 24
2160 33
2161 31
2162 0
2163 22
2164 24
2165 24
2166 25
2167 25
2168 24
2169 25
2170 24
2171 56
2172 26
2173 50
2174 0
2175 27
2176 26
2177 47
2178 24
2179 24
2180 24
2181 23
2182 23
2183 24
2184 25
2185 0
2186 0
2187 30
2188 24
2189 24
2190 23
2191 30
2192 56
2193 23
2194 24
2195 24
2196 0
2197 24
2198 23
2199 49
2200 26
2201 24
2202 23
2203 24
2204 25
2205 24
2206 24
2207 24
2208 52
2209 53
2210 26
2211 56
2212 48
2213 24
2214 24
2215 50
2216 24
2217 26
2218 59
2219 24
2220 24
2221 0
2222 0
2223 27
2224 52
2225 24
2226 24
2227 24
2228 57
2229 24
2230 58
2231 23
2232 60
2233 27
2234 0
2235 62
2236 67
2237 60
2238 26
2239 0
2240 0
2241 25
2242 0
2243 24
2244 24
2245 46
2246 31
2247 56
2248 46
2249 52
2250 45
2251 56
2252 33
2253 26
2254 61
2255 57
2256 58
2257 147
2258 24
2259 26
2260 24
2261 24
2262 24
2263 55
2264 24
2265 33
2266 24
2267 24
2268 25
2269 32
2270 53
2271 47
2272 0
2273 26
2274 25
2275 53
2276 62
2277 54
2278 48
2279 56
2280 24
2281 24
2282 24
2283 23
2284 0
2285 26
2286 26
2287 24
2288 24
2289 24
2290 49
2291 50
2292 30
2293 0
2294 24
2295 25
2296 24
2297 59
2298 49
2299 0
2300 46
2301 24
2302 59
2303 0
2304 86
2305 24
2306 50
2307 55
2308 24
2309 23
2310 30
2311 49
2312 49
2313 49
2314 24
2315 50
2316 24
2317 47
2318 0
2319 50
2320 55
2321 23
2322 24
2323 0
2324 0
2325 24
2326 24
2327 24
2328 24
2329 50
2330 30
2331 25
2332 25
2333 56
2334 55
2335 50
2336 24
2337 24
2338 48
2339 49
2340 23
2341 24
2342 0
2343 0
2344 24
2345 24
2346 24
2347 24
2348 25
2349 25
2350 24
2351 65
2352 59
2353 23
2354 52
2355 23
2356 24
2357 26
2358 31
2359 0
2360 0
2361 23
2362 0
2363 25
2364 24
2365 24
2366 24
2367 51
2368 25
2369 26
2370 51
2371 50
2372 50
2373 56
2374 53
2375 57
2376 58
2377 0
2378 0
2379 50
2380 26
2381 0
2382 60
2383 24
2384 24
2385 24
2386 61
2387 53
2388 84
2389 24
2390 24
2391 59
2392 60
2393 33
2394 55
2395 31
2396 26
2397 0
2398 23
2399 25
2400 46
2401 24
2402 24
2403 147
2404 24
2405 24
2406 84
2407 24
2408 32
2409 25
2410 24
2411 52
2412 25
2413 58
2414 0
2415 26
2416 24
2417 45
2418 32
2419 24
2420 24
2421 24
2422 76
2423 48
2424 24
2425 53
2426 25
2427 26
2428 50
2429 25
2430 0
2431 23
2432 52
2433 0
2434 24
2435 23
2436 24
2437 24
2438 24
2439 24
2440 30
2441 24
2442 25
2443 26
2444 56
2445 25
2446 24
2447 0
2448 0
2449 33
2450 25
2451 24
2452 24
2453 60
2454 61
2455 60
2456 24
2457 50
2458 60
2459 26
2460 60
2461 41
2462 0
2463 24
2464 24
2465 50
2466 24
2467 0
2468 26
2469 47
2470 56
2471 23
2472 46
2473 0
2474 0
2475 0
2476 0
2477 24
2478 26
2479 26
2480 26
2481 58
2482 23
2483 24
2484 24
2485 24
2486 24
2487 50
2488 50
2489 54
2490 0
2491 0
2492 0
2493 0
2494 24
2495 24
2496 24
2497 24
2498 23
2499 24
2500 24
2501 25
2502 24
2503 54
2504 22
2505 0
2506 73
2507 0
2508 22
2509 23
2510 24
2511 24
2512 30
2513 24
2514 0
2515 0
2516 24
2517 0
2518 0
2519 63
2520 25
2521 29
2522 59
2523 27
2524 0
2525 0
2526 45
2527 26
2528 0
2529 67
2530 23
2531 38
2532 44
2533 0
2534 52
2535 82
2536 61
2537 32
2538 24
2539 24
2540 0
2541 30
2542 50
2543 25
2544 25
2545 33
2546 53
2547 22
2548 45
2549 54
2550 55
2551 0
2552 45
2553 24
2554 26
2555 0
2556 0
2557 56
2558 47
2559 25
2560 23
2561 24
2562 26
2563 24
2564 50
2565 23
2566 46
2567 56
2568 24
2569 25
2570 24
2571 25
2572 0
2573 67
2574 0
2575 46
2576 23
2577 0
2578 0
2579 0
2580 0
