0 15
1 0
2 0
3 0
4 4
5 11
6 0
7 0
8 0
9 0
10 3
11 11
12 1
13 9
14 0
15 8
16 19
17 4
18 0
19 47
20 0
21 7
22 2
23 31
24 0
25 10
26 0
27 1
28 0
29 2
30 0
31 0
32 0
33 7
34 2
35 14
36 0
37 3
38 2
39 3
40 7
41 1
42 0
43 1
44 22
45 0
46 0
47 0
48 0
49 19
50 8
51 2
52 17
53 13
54 22
55 0
56 2
57 10
58 16
59 1
60 5
61 21
62 14
63 1
64 3
65 37
66 4
67 16
68 7
69 0
70 2
71 0
72 0
73 0
74 15
75 28
76 1
77 12
78 32
79 28
80 1
81 0
82 10
83 5
84 0
85 0
86 12
87 35
88 35
89 0
90 0
91 1
92 2
93 10
94 3
95 0
96 4
97 18
98 5
99 23
100 0
101 1
102 15
103 0
104 2
105 6
106 21
107 8
108 16
109 18
110 1
111 7
112 7
113 2
114 10
115 8
116 18
117 4
118 2
119 9
120 0
121 9
122 36
123 8
124 4
125 0
126 3
127 3
128 6
129 9
130 3
131 11
132 3
133 0
134 2
135 27
136 17
137 71
138 5
139 1
140 27
141 23
142 5
143 4
144 0
145 1
146 18
147 2
148 30
149 19
150 4
151 0
152 0
153 5
154 4
155 11
156 4
157 8
158 66
159 6
160 4
161 5
162 0
163 12
164 8
165 13
166 18
167 12
168 5
169 4
170 26
171 18
172 6
173 4
174 26
175 50
176 32
177 4
178 8
179 0
180 29
181 3
182 68
183 40
184 15
185 9
186 55
187 53
188 23
189 3
190 5
191 0
192 0
193 0
194 0
195 0
196 29
197 15
198 2
199 20
200 16
201 15
202 3
203 28
204 17
205 38
206 63
207 16
208 8
209 0
210 45
211 0
212 5
213 0
214 0
215 32
216 0
217 8
218 8
219 45
220 9
221 40
222 0
223 34
224 51
225 33
226 24
227 6
228 0
229 5
230 2
231 0
232 0
233 2
234 0
235 5
236 0
237 0
238 14
239 60
240 2
241 71
242 41
243 6
244 37
245 8
246 19
247 0
248 8
249 6
250 8
251 2
252 0
253 0
254 1
255 8
256 0
257 35
258 4
259 0
260 0
261 0
262 1
263 14
264 2
265 8
266 1
267 6
268 3
269 0
270 12
271 26
272 7
273 0
274 0
275 3
276 2
277 1
278 5
279 19
280 3
281 0
282 7
283 57
284 0
285 3
286 4
287 5
288 5
289 4
290 55
291 11
292 77
293 25
294 0
295 14
296 21
297 5
298 8
299 2
300 13
301 10
302 17
303 15
304 70
305 21
306 12
307 34
308 0
309 18
310 15
311 17
312 25
313 4
314 3
315 23
316 20
317 23
318 0
319 2
320 9
321 9
322 3
323 5
324 0
325 0
326 5
327 2
328 0
329 0
330 2
331 11
332 0
333 29
334 33
335 34
336 3
337 18
338 51
339 27
340 0
341 1
342 2
343 0
344 1
345 0
346 8
347 3
348 26
349 8
350 16
351 54
352 9
353 2
354 0
355 0
356 0
357 12
358 0
359 18
360 18
361 47
362 58
363 0
364 0
365 0
366 3
367 9
368 19
369 20
370 10
371 5
372 0
373 10
374 0
375 7
376 14
377 0
378 2
379 14
380 11
381 0
382 13
383 0
384 13
385 21
386 0
387 0
388 13
389 21
390 38
391 24
392 41
393 1
394 24
395 6
396 41
397 15
398 0
399 25
400 1
401 10
402 7
403 7
404 22
405 16
406 33
407 27
408 6
409 0
410 3
411 6
412 9
413 49
414 32
415 2
416 6
417 10
418 2
419 7
420 1
421 1
422 28
423 22
424 21
425 10
426 0
427 3
428 16
429 0
430 42
431 2
432 3
433 5
434 0
435 1
436 35
437 54
438 65
439 26
440 40
441 37
442 14
443 58
444 8
445 9
446 4
447 1
448 27
449 9
450 21
451 13
452 15
453 36
454 38
455 5
456 22
457 41
458 31
459 0
460 1
461 37
462 31
463 16
464 16
465 10
466 1
467 28
468 19
469 41
470 43
471 50
472 28
473 16
474 30
475 11
476 0
477 3
478 1
479 6
480 3
481 6
482 8
483 0
484 31
485 8
486 14
487 23
488 9
489 37
490 10
491 7
492 42
493 65
494 6
495 16
496 9
497 5
498 42
499 13
500 12
501 11
502 9
503 5
504 0
505 13
506 20
507 2
508 2
509 60
510 5
511 9
512 31
513 50
514 18
515 25
516 15
517 12
518 0
519 11
520 46
521 43
522 0
523 10
524 11
525 0
526 0
527 2
528 15
529 3
530 3
531 6
532 35
533 0
534 4
535 28
536 28
537 4
538 6
539 24
540 3
541 7
542 4
543 27
544 28
545 1
546 16
547 0
548 22
549 0
550 7
551 2
552 29
553 29
554 39
555 37
556 8
557 6
558 10
559 20
560 5
561 16
562 5
563 0
564 0
565 0
566 0
567 3
568 1
569 0
570 4
571 0
572 11
573 8
574 0
575 25
576 6
577 8
578 12
579 9
580 3
581 1
582 0
583 12
584 14
585 15
586 12
587 3
588 24
589 55
590 2
591 0
592 12
593 1
594 4
595 7
596 5
597 2
598 36
599 46
600 34
601 67
602 13
603 9
604 7
605 5
606 18
607 11
608 26
609 6
610 16
611 8
612 34
613 17
614 46
615 35
616 30
617 0
618 3
619 2
620 5
621 0
622 12
623 4
624 5
625 39
626 16
627 46
628 29
629 23
630 46
631 4
632 12
633 8
634 8
635 7
636 17
637 0
638 8
639 23
640 2
641 22
642 16
643 40
644 7
645 35
646 18
647 0
648 0
649 0
650 0
651 13
652 13
653 11
654 9
655 11
656 6
657 2
658 39
659 23
660 1
661 16
662 0
663 23
664 3
665 0
666 23
667 15
668 2
669 7
670 13
671 39
672 2
673 3
674 4
675 1
676 24
677 34
678 24
679 10
680 34
681 31
682 0
683 6
684 6
685 13
686 0
687 0
688 0
689 9
690 35
691 22
692 11
693 0
694 2
695 7
696 5
697 3
698 3
699 16
700 7
701 10
702 16
703 0
704 5
705 25
706 45
707 23
708 1
709 19
710 0
711 0
712 3
713 3
714 0
715 3
716 16
717 64
718 27
719 20
720 55
721 8
722 6
723 0
724 10
725 6
726 12
727 10
728 7
729 22
730 14
731 29
732 3
733 13
734 18
735 3
736 21
737 12
738 33
739 36
740 15
741 9
742 0
743 5
744 25
745 1
746 0
747 0
748 26
749 6
750 70
751 0
752 28
753 8
754 19
755 1
756 8
757 5
758 10
759 32
760 14
761 3
762 13
763 5
764 44
765 15
766 14
767 11
768 0
769 6
770 46
771 7
772 3
773 0
774 10
775 12
776 8
777 7
778 8
779 1
780 0
781 2
782 7
783 4
784 18
785 8
786 22
787 16
788 4
789 35
790 4
791 3
792 8
793 0
794 19
795 0
796 21
797 27
798 10
799 7
800 4
801 0
802 6
803 0
804 0
805 1
806 37
807 15
808 9
809 29
810 15
811 0
812 14
813 11
814 2
815 0
816 0
817 0
818 5
819 0
820 32
821 31
822 10
823 18
824 4
825 12
826 5
827 28
828 14
829 7
830 6
831 11
832 14
833 21
834 19
835 9
836 11
837 4
838 5
839 3
840 0
841 2
842 3
843 0
844 9
845 15
846 12
847 23
848 13
849 4
850 18
851 1
852 19
853 5
854 1
855 12
856 4
857 23
858 20
859 3
860 5
861 13
862 20
863 4
864 6
865 14
866 4
867 9
868 4
869 3
870 5
871 1
872 0
873 1
874 0
875 0
876 4
877 39
878 13
879 13
880 0
881 36
882 4
883 6
884 21
885 1
886 3
887 2
888 0
889 56
890 5
891 5
892 15
893 3
894 3
895 12
896 6
897 13
898 0
899 2
900 0
901 0
902 4
903 65
904 30
905 6
906 26
907 39
908 25
909 0
910 1
911 19
912 1
913 0
914 7
915 24
916 0
917 9
918 23
919 5
920 21
921 30
922 9
923 2
924 4
925 0
926 4
927 13
928 0
929 0
930 15
931 42
932 18
933 44
934 24
935 39
936 5
937 4
938 21
939 7
940 33
941 13
942 0
943 2
944 26
945 30
946 12
947 0
948 0
949 24
950 0
951 1
952 11
953 28
954 10
955 54
956 48
957 11
958 5
959 17
960 10
961 0
962 6
963 14
964 17
965 3
966 14
967 8
968 12
969 30
970 15
971 0
972 13
973 29
974 7
975 13
976 1
977 3
978 55
979 9
980 52
981 58
982 10
983 5
984 30
985 28
986 6
987 3
988 0
989 0
990 0
991 4
992 6
993 43
994 18
995 5
996 12
997 3
998 5
999 9
1000 5
1001 14
1002 21
1003 0
1004 0
1005 0
1006 0
1007 24
1008 40
1009 0
1010 6
1011 3
1012 1
1013 0
1014 0
1015 0
1016 10
1017 32
1018 4
1019 25
1020 19
1021 38
1022 29
1023 9
1024 14
1025 3
1026 21
1027 45
1028 6
1029 1
1030 3
1031 23
1032 0
1033 0
1034 11
1035 15
1036 6
1037 4
1038 43
1039 23
1040 33
1041 18
1042 1
1043 13
1044 5
1045 12
1046 14
1047 10
1048 15
1049 4
1050 4
1051 0
1052 0
1053 1
1054 1
1055 7
1056 8
1057 17
1058 18
1059 32
1060 34
1061 9
1062 0
1063 0
1064 0
1065 2
1066 1
1067 10
1068 0
1069 7
1070 8
1071 4
1072 28
1073 12
1074 23
1075 2
1076 3
1077 0
1078 15
1079 3
1080 25
1081 14
1082 5
1083 10
1084 10
1085 2
1086 0
1087 2
1088 0
1089 1
1090 29
1091 39
1092 30
1093 49
1094 20
1095 4
1096 10
1097 2
1098 9
1099 45
1100 1
1101 2
1102 3
1103 6
1104 2
1105 0
1106 53
1107 46
1108 8
1109 0
1110 96
1111 23
1112 3
1113 18
1114 33
1115 1
1116 0
1117 3
1118 3
1119 36
1120 28
1121 25
1122 2
1123 0
1124 6
1125 0
1126 8
1127 0
1128 10
1129 19
1130 0
1131 0
1132 0
1133 14
1134 7
1135 7
1136 0
1137 0
1138 0
1139 20
1140 101
1141 57
1142 19
1143 0
1144 2
1145 0
1146 4
1147 0
1148 1
1149 30
1150 52
1151 7
1152 0
1153 7
1154 14
1155 42
1156 27
1157 23
1158 5
1159 0
1160 6
1161 0
1162 11
1163 0
1164 0
1165 0
1166 9
1167 11
1168 34
1169 5
1170 34
1171 0
1172 0
1173 5
1174 2
1175 0
1176 20
1177 0
1178 5
1179 37
1180 4
1181 28
1182 17
1183 30
1184 11
1185 28
1186 14
1187 9
1188 2
1189 0
1190 0
1191 14
1192 15
1193 0
1194 2
1195 1
1196 2
1197 0
1198 12
1199 10
1200 6
1201 0
1202 0
1203 36
1204 0
1205 2
1206 6
1207 0
1208 10
1209 4
1210 26
1211 0
1212 52
1213 4
1214 17
1215 31
1216 11
1217 55
1218 25
1219 4
1220 16
1221 9
1222 5
1223 12
1224 12
1225 3
1226 8
1227 2
1228 12
1229 25
1230 10
1231 0
1232 0
1233 13
1234 16
1235 46
1236 10
1237 0
1238 19
1239 0
1240 9
1241 0
1242 2
1243 19
1244 1
1245 8
1246 5
1247 0
1248 44
1249 61
1250 4
1251 26
1252 45
1253 46
1254 85
1255 13
1256 12
1257 0
1258 27
1259 4
1260 13
1261 5
1262 8
1263 12
1264 32
1265 19
1266 0
1267 5
1268 0
1269 2
1270 0
1271 7
1272 9
1273 12
1274 72
1275 32
1276 2
1277 7
1278 8
1279 8
1280 0
1281 0
1282 1
1283 0
1284 0
1285 0
1286 20
1287 38
1288 11
1289 34
1290 27
1291 30
1292 14
1293 14
1294 223
1295 78
1296 9
1297 2
1298 10
1299 28
1300 5
1301 0
1302 5
1303 12
1304 41
1305 6
1306 5
1307 22
1308 21
1309 16
1310 0
1311 13
1312 0
1313 0
1314 1
1315 40
1316 31
1317 40
1318 38
1319 39
1320 44
1321 76
1322 46
1323 7
1324 6
1325 11
1326 0
1327 0
1328 0
1329 9
1330 4
1331 11
1332 0
1333 11
1334 5
1335 10
1336 8
1337 29
1338 23
1339 87
1340 108
1341 16
1342 6
1343 22
1344 32
1345 7
1346 5
1347 3
1348 1
1349 11
1350 42
1351 2
1352 0
1353 39
1354 5
1355 18
1356 20
1357 0
1358 8
1359 22
1360 1
1361 0
1362 0
1363 0
1364 53
1365 66
1366 15
1367 18
1368 19
1369 45
1370 29
1371 30
1372 0
1373 5
1374 0
1375 0
1376 2
1377 3
1378 12
1379 46
1380 44
1381 6
1382 6
1383 11
1384 21
1385 9
1386 28
1387 78
1388 22
1389 0
1390 23
1391 0
1392 4
1393 5
1394 4
1395 13
1396 11
1397 10
1398 0
1399 1
1400 31
1401 20
1402 16
1403 23
1404 18
1405 7
1406 6
1407 26
1408 23
1409 26
1410 22
1411 6
1412 9
1413 0
1414 4
1415 3
1416 18
1417 24
1418 20
1419 47
1420 19
1421 58
1422 11
1423 0
1424 5
1425 0
1426 5
1427 21
1428 62
1429 80
1430 45
1431 60
1432 52
1433 19
1434 20
1435 27
1436 21
1437 49
1438 0
1439 0
1440 14
1441 11
1442 75
1443 13
1444 14
1445 30
1446 39
1447 8
1448 13
1449 5
1450 5
1451 46
1452 12
1453 28
1454 21
1455 3
1456 12
1457 50
1458 1
1459 52
1460 18
1461 9
1462 4
1463 12
1464 0
1465 8
1466 14
1467 12
1468 4
1469 4
1470 2
1471 0
1472 3
1473 2
1474 3
1475 17
1476 72
1477 136
1478 50
1479 42
1480 52
1481 40
1482 9
1483 31
1484 25
1485 1
1486 7
1487 3
1488 23
1489 17
1490 86
1491 19
1492 11
1493 24
1494 23
1495 4
1496 0
1497 54
1498 6
1499 15
1500 30
1501 11
1502 10
1503 5
1504 21
1505 41
1506 5
1507 15
1508 32
1509 7
1510 17
1511 2
1512 4
1513 7
1514 53
1515 18
1516 8
1517 1
1518 0
1519 0
1520 0
1521 0
1522 3
1523 3
1524 20
1525 66
1526 59
1527 154
1528 108
1529 76
1530 24
1531 0
1532 0
1533 41
1534 0
1535 23
1536 18
1537 21
1538 25
1539 19
1540 1
1541 24
1542 3
1543 15
1544 84
1545 49
1546 48
1547 23
1548 8
1549 18
1550 34
1551 10
1552 7
1553 18
1554 6
1555 5
1556 45
1557 83
1558 10
1559 9
1560 18
1561 49
1562 35
1563 30
1564 0
1565 3
1566 16
1567 17
1568 42
1569 0
1570 2
1571 7
1572 0
1573 231
1574 70
1575 6
1576 70
1577 32
1578 27
1579 43
1580 66
1581 23
1582 28
1583 28
1584 14
1585 4
1586 0
1587 12
1588 43
1589 4
1590 81
1591 23
1592 16
1593 17
1594 18
1595 63
1596 39
1597 8
1598 0
1599 5
1600 54
1601 19
1602 48
1603 0
1604 4
1605 0
1606 3
1607 0
1608 0
1609 0
1610 0
1611 0
1612 15
1613 19
1614 11
1615 2
1616 26
1617 97
1618 78
1619 122
1620 61
1621 98
1622 85
1623 28
1624 21
1625 3
1626 66
1627 35
1628 13
1629 39
1630 20
1631 15
1632 22
1633 17
1634 28
1635 6
1636 11
1637 14
1638 18
1639 19
1640 33
1641 7
1642 0
1643 0
1644 2
1645 66
1646 107
1647 21
1648 37
1649 21
1650 0
1651 36
1652 99
1653 4
1654 12
1655 45
1656 43
1657 11
1658 16
1659 29
1660 15
1661 19
1662 17
1663 5
1664 20
1665 31
1666 19
1667 48
1668 42
1669 0
1670 11
1671 11
1672 0
1673 2
1674 0
1675 2
1676 1
1677 118
1678 71
1679 60
1680 60
1681 21
1682 0
1683 32
1684 16
1685 38
1686 27
1687 11
1688 16
1689 20
1690 8
1691 26
1692 7
1693 12
1694 23
1695 2
1696 12
1697 4
1698 5
1699 8
1700 3
1701 53
1702 0
1703 19
1704 0
1705 0
1706 3
1707 9
1708 0
1709 22
1710 97
1711 36
1712 21
1713 13
1714 14
1715 46
1716 28
1717 24
1718 9
1719 10
1720 1
1721 14
1722 3
1723 5
1724 8
1725 5
1726 15
1727 11
1728 37
1729 29
1730 2
1731 4
1732 0
1733 11
1734 7
1735 0
1736 10
1737 18
1738 38
1739 30
1740 25
1741 9
1742 35
1743 3
1744 16
1745 24
1746 13
1747 0
1748 2
1749 5
1750 12
1751 21
1752 34
1753 0
1754 2
1755 16
1756 8
1757 10
1758 15
1759 0
1760 0
1761 36
1762 14
1763 16
1764 17
1765 15
1766 9
1767 44
1768 22
1769 0
1770 3
1771 8
1772 0
1773 33
1774 17
1775 12
1776 13
1777 0
1778 28
1779 0
1780 4
1781 0
1782 17
1783 1
1784 7
1785 9
1786 1
1787 24
1788 11
1789 5
1790 20
1791 0
1792 26
1793 0
1794 3
1795 0
1796 5
1797 44
1798 35
1799 77
1800 66
1801 0
1802 31
1803 7
1804 15
1805 61
1806 56
1807 15
1808 16
1809 0
1810 21
1811 6
1812 6
1813 9
1814 6
1815 4
1816 3
1817 1
1818 7
1819 3
1820 19
1821 11
1822 7
1823 12
1824 41
1825 13
1826 3
1827 12
1828 0
1829 38
1830 1
1831 22
1832 6
1833 29
1834 4
1835 32
1836 13
1837 2
1838 17
1839 6
1840 10
1841 9
1842 5
1843 15
1844 42
1845 34
1846 8
1847 14
1848 34
1849 0
1850 0
1851 1
1852 7
1853 18
1854 9
1855 22
1856 13
1857 3
1858 34
1859 44
1860 12
1861 33
1862 24
1863 1
1864 13
1865 3
1866 11
1867 119
1868 27
1869 15
1870 2
1871 13
1872 54
1873 29
1874 9
1875 3
1876 5
1877 12
1878 18
1879 13
1880 0
1881 25
1882 39
1883 60
1884 28
1885 11
1886 4
1887 0
1888 0
1889 26
1890 24
1891 8
1892 14
1893 18
1894 71
1895 66
1896 30
1897 9
1898 7
1899 5
1900 33
1901 25
1902 2
1903 49
1904 14
1905 21
1906 16
1907 23
1908 14
1909 12
1910 16
1911 17
1912 34
1913 17
1914 4
1915 0
1916 5
1917 25
1918 10
1919 31
1920 9
1921 18
1922 4
1923 23
1924 18
1925 20
1926 3
1927 3
1928 5
1929 5
1930 11
1931 20
1932 6
1933 3
1934 8
1935 21
1936 21
1937 4
1938 0
1939 6
1940 29
1941 21
1942 54
1943 48
1944 9
1945 10
1946 8
1947 1
1948 12
1949 9
1950 7
1951 29
1952 15
1953 28
1954 15
1955 43
1956 5
1957 17
1958 17
1959 13
1960 9
1961 3
1962 0
1963 3
1964 45
1965 51
1966 6
1967 28
1968 43
1969 20
1970 10
1971 18
1972 39
1973 6
1974 11
1975 21
1976 8
1977 0
1978 3
1979 2
1980 23
1981 45
1982 20
1983 0
1984 9
1985 38
1986 21
1987 1
1988 3
1989 30
1990 17
1991 20
1992 17
1993 7
1994 19
1995 40
1996 58
1997 21
1998 10
1999 27
2000 27
2001 0
2002 4
2003 14
2004 37
2005 0
2006 8
2007 14
2008 11
2009 17
2010 16
2011 25
2012 4
2013 5
2014 28
2015 22
2016 40
2017 49
2018 2
2019 36
2020 11
2021 9
2022 6
2023 38
2024 60
2025 1
2026 16
2027 13
2028 13
2029 7
2030 25
2031 31
2032 0
2033 6
2034 18
2035 30
2036 49
2037 16
2038 0
2039 12
2040 8
2041 4
2042 8
2043 34
2044 5
2045 16
2046 14
2047 12
2048 41
2049 48
2050 30
2051 26
2052 2
2053 0
2054 17
2055 62
2056 10
2057 13
2058 14
2059 15
2060 12
2061 31
2062 21
2063 14
2064 2
2065 4
2066 27
2067 20
2068 0
2069 28
2070 8
2071 16
2072 35
2073 31
2074 14
2075 20
2076 31
2077 10
2078 0
2079 3
2080 21
2081 37
2082 27
2083 21
2084 13
2085 10
2086 30
2087 19
2088 23
2089 0
2090 16
2091 13
2092 9
2093 11
2094 14
2095 0
2096 16
2097 69
2098 35
2099 22
2100 7
2101 5
2102 0
2103 45
2104 48
2105 19
2106 0
2107 0
2108 0
2109 5
2110 36
2111 21
2112 40
2113 16
2114 12
2115 23
2116 14
2117 0
2118 39
2119 44
2120 9
2121 8
2122 0
2123 3
2124 39
2125 3
2126 17
2127 0
2128 33
2129 13
2130 13
2131 42
2132 48
2133 5
2134 0
2135 2
2136 0
2137 20
2138 43
2139 9
2140 4
2141 0
2142 0
2143 0
2144 0
2145 0
2146 10
2147 8
2148 46
2149 17
2150 48
2151 8
2152 28
2153 37
2154 27
2155 7
2156 1
2157 4
2158 2
2159 15
2160 40
2161 42
2162 0
2163 0
2164 8
2165 32
2166 16
2167 13
2168 8
2169 19
2170 7
2171 2
2172 29
2173 14
2174 0
2175 13
2176 0
2177 20
2178 4
2179 8
2180 3
2181 11
2182 8
2183 15
2184 4
2185 0
2186 0
2187 23
2188 11
2189 7
2190 25
2191 23
2192 7
2193 33
2194 2
2195 0
2196 0
2197 4
2198 3
2199 18
2200 11
2201 16
2202 23
2203 31
2204 7
2205 32
2206 30
2207 9
2208 0
2209 17
2210 11
2211 22
2212 48
2213 37
2214 8
2215 10
2216 1
2217 3
2218 2
2219 5
2220 20
2221 1
2222 0
2223 8
2224 23
2225 4
2226 2
2227 30
2228 28
2229 23
2230 28
2231 3
2232 14
2233 13
2234 0
2235 3
2236 2
2237 9
2238 3
2239 0
2240 0
2241 1
2242 2
2243 43
2244 19
2245 2
2246 5
2247 29
2248 47
2249 9
2250 37
2251 19
2252 3
2253 15
2254 42
2255 0
2256 0
2257 8
2258 0
2259 4
2260 25
2261 5
2262 3
2263 0
2264 0
2265 9
2266 58
2267 38
2268 31
2269 45
2270 42
2271 28
2272 0
2273 5
2274 57
2275 0
2276 20
2277 45
2278 14
2279 4
2280 2
2281 32
2282 41
2283 5
2284 0
2285 1
2286 22
2287 6
2288 9
2289 8
2290 37
2291 53
2292 5
2293 0
2294 36
2295 33
2296 9
2297 20
2298 9
2299 1
2300 19
2301 31
2302 11
2303 0
2304 9
2305 1
2306 5
2307 16
2308 48
2309 12
2310 13
2311 15
2312 8
2313 8
2314 19
2315 11
2316 52
2317 0
2318 0
2319 5
2320 38
2321 26
2322 17
2323 0
2324 0
2325 4
2326 42
2327 63
2328 17
2329 2
2330 4
2331 2
2332 7
2333 7
2334 66
2335 77
2336 7
2337 1
2338 9
2339 26
2340 17
2341 6
2342 0
2343 0
2344 13
2345 26
2346 13
2347 25
2348 5
2349 11
2350 17
2351 27
2352 25
2353 41
2354 27
2355 8
2356 18
2357 5
2358 2
2359 0
2360 0
2361 0
2362 0
2363 37
2364 35
2365 3
2366 29
2367 21
2368 6
2369 15
2370 27
2371 17
2372 17
2373 10
2374 0
2375 22
2376 22
2377 0
2378 0
2379 5
2380 6
2381 3
2382 34
2383 22
2384 14
2385 44
2386 13
2387 34
2388 63
2389 32
2390 26
2391 46
2392 4
2393 4
2394 41
2395 12
2396 5
2397 1
2398 0
2399 1
2400 3
2401 20
2402 90
2403 7
2404 12
2405 25
2406 33
2407 26
2408 14
2409 21
2410 15
2411 25
2412 22
2413 0
2414 0
2415 12
2416 2
2417 5
2418 0
2419 21
2420 41
2421 31
2422 0
2423 11
2424 17
2425 20
2426 28
2427 38
2428 46
2429 8
2430 1
2431 11
2432 25
2433 0
2434 3
2435 9
2436 15
2437 7
2438 46
2439 6
2440 14
2441 39
2442 39
2443 16
2444 19
2445 19
2446 3
2447 0
2448 0
2449 18
2450 1
2451 7
2452 0
2453 0
2454 15
2455 12
2456 19
2457 14
2458 2
2459 11
2460 0
2461 1
2462 0
2463 0
2464 12
2465 78
2466 11
2467 0
2468 7
2469 5
2470 13
2471 11
2472 9
2473 0
2474 0
2475 0
2476 0
2477 4
2478 19
2479 0
2480 4
2481 9
2482 3
2483 9
2484 15
2485 17
2486 6
2487 0
2488 4
2489 7
2490 1
2491 0
2492 0
2493 0
2494 9
2495 14
2496 5
2497 11
2498 2
2499 10
2500 7
2501 3
2502 5
2503 38
2504 0
2505 0
2506 0
2507 0
2508 0
2509 5
2510 4
2511 5
2512 5
2513 11
2514 0
2515 0
2516 2
2517 0
2518 0
2519 0
2520 4
2521 2
2522 5
2523 15
2524 0
2525 0
2526 16
2527 9
2528 0
2529 2
2530 0
2531 0
2532 0
2533 0
2534 31
2535 31
2536 4
2537 9
2538 15
2539 2
2540 0
2541 3
2542 48
2543 14
2544 15
2545 35
2546 2
2547 1
2548 8
2549 0
2550 4
2551 2
2552 12
2553 22
2554 9
2555 0
2556 0
2557 2
2558 8
2559 5
2560 19
2561 0
2562 5
2563 10
2564 0
2565 3
2566 7
2567 2
2568 4
2569 0
2570 2
2571 3
2572 0
2573 5
2574 0
2575 14
2576 0
2577 1
2578 0
2579 0
2580 0
2581 0
2582 0
2583 0
2584 0
2585 0
2586 0
2587 0
2588 0
2589 0
2590 0
2591 0
2592 0
2593 0
2594 0
2595 0
2596 0
2597 0
2598 0
