0 74
1 227
2 86
3 153
4 170
5 135
6 101
7 80
8 263
9 199
10 87
11 76
12 89
13 79
14 78
15 137
16 77
17 159
18 80
19 78
20 0
21 78
22 159
23 76
24 0
25 167
26 73
27 76
28 191
29 102
30 78
31 72
32 257
33 83
34 260
35 79
36 165
37 135
38 76
39 76
40 77
41 75
42 78
43 80
44 87
45 174
46 76
47 174
48 142
49 79
50 76
51 139
52 78
53 77
54 76
55 77
56 74
57 78
58 82
59 78
60 140
61 77
62 77
63 184
64 77
65 77
66 159
67 78
68 77
69 189
70 79
71 76
72 213
73 233
74 78
75 78
76 78
77 78
78 157
79 78
80 79
81 192
82 132
83 76
84 163
85 139
86 79
87 76
88 76
89 100
90 73
91 141
92 75
93 136
94 72
95 0
96 74
97 77
98 256
99 77
100 78
101 230
102 94
103 77
104 78
105 176
106 191
107 96
108 109
109 77
110 75
111 177
112 79
113 73
114 81
115 75
116 135
117 77
118 160
119 93
120 74
121 181
122 79
123 75
124 78
125 78
126 94
127 90
128 74
129 73
130 74
131 77
132 103
133 0
134 216
135 157
136 75
137 79
138 77
139 140
140 90
141 75
142 102
143 73
144 76
145 176
146 76
147 91
148 134
149 78
150 141
151 0
152 162
153 76
154 74
155 75
156 78
157 92
158 76
159 79
160 101
161 92
162 160
163 153
164 135
165 78
166 79
167 79
168 139
169 138
170 172
171 77
172 77
173 74
174 81
175 79
176 74
177 73
178 239
179 102
180 78
181 178
182 77
183 159
184 75
185 77
186 137
187 139
188 132
189 77
190 133
191 0
192 136
193 77
194 218
195 140
196 191
197 78
198 152
199 76
200 75
201 217
202 79
203 78
204 77
205 140
206 161
207 137
208 135
209 79
210 137
211 178
212 183
213 164
214 0
215 79
216 77
217 153
218 77
219 138
220 90
221 139
222 92
223 78
224 91
225 77
226 134
227 91
228 77
229 78
230 137
231 172
232 0
233 73
234 0
235 134
236 0
237 100
238 177
239 78
240 166
241 87
242 70
243 79
244 140
245 74
246 79
247 165
248 210
249 255
250 135
251 135
252 133
253 0
254 75
255 77
256 77
257 86
258 180
259 155
260 0
261 0
262 135
263 137
264 187
265 172
266 171
267 152
268 76
269 0
270 137
271 101
272 72
273 0
274 137
275 101
276 77
277 155
278 80
279 100
280 152
281 77
282 73
283 74
284 77
285 79
286 155
287 159
288 136
289 110
290 78
291 73
292 73
293 72
294 87
295 75
296 154
297 79
298 137
299 178
300 131
301 77
302 101
303 165
304 244
305 79
306 79
307 76
308 159
309 76
310 152
311 140
312 103
313 190
314 77
315 77
316 86
317 78
318 195
319 104
320 76
321 73
322 166
323 100
324 155
325 188
326 102
327 190
328 181
329 189
330 185
331 73
332 160
333 77
334 197
335 78
336 77
337 166
338 77
339 74
340 133
341 78
342 162
343 135
344 79
345 133
346 75
347 139
348 137
349 152
350 93
351 73
352 139
353 80
354 79
355 100
356 102
357 153
358 162
359 180
360 190
361 161
362 92
363 76
364 0
365 77
366 152
367 75
368 77
369 152
370 230
371 84
372 148
373 94
374 76
375 78
376 138
377 181
378 100
379 77
380 134
381 101
382 77
383 153
384 139
385 94
386 135
387 139
388 176
389 136
390 187
391 133
392 75
393 136
394 140
395 79
396 101
397 73
398 0
399 79
400 177
401 134
402 133
403 134
404 77
405 168
406 152
407 182
408 164
409 151
410 78
411 76
412 77
413 94
414 91
415 153
416 209
417 173
418 94
419 150
420 139
421 79
422 154
423 174
424 78
425 140
426 124
427 73
428 152
429 75
430 78
431 75
432 76
433 179
434 168
435 101
436 181
437 79
438 73
439 190
440 153
441 179
442 77
443 78
444 76
445 77
446 164
447 77
448 79
449 138
450 78
451 75
452 75
453 78
454 142
455 77
456 77
457 77
458 78
459 77
460 78
461 77
462 77
463 72
464 77
465 76
466 153
467 193
468 77
469 76
470 78
471 165
472 137
473 140
474 78
475 101
476 158
477 79
478 78
479 79
480 78
481 160
482 77
483 142
484 139
485 160
486 156
487 139
488 74
489 160
490 173
491 93
492 77
493 78
494 77
495 91
496 77
497 77
498 78
499 139
500 76
501 76
502 79
503 78
504 78
505 78
506 80
507 143
508 77
509 76
510 140
511 80
512 77
513 77
514 166
515 157
516 78
517 103
518 76
519 80
520 76
521 75
522 75
523 92
524 77
525 149
526 80
527 76
528 78
529 77
530 102
531 79
532 135
533 74
534 77
535 135
536 188
537 115
538 73
539 77
540 77
541 162
542 77
543 76
544 101
545 87
546 77
547 346
548 134
549 79
550 79
551 78
552 114
553 79
554 166
555 93
556 94
557 77
558 102
559 78
560 76
561 78
562 83
563 100
564 77
565 77
566 0
567 79
568 78
569 77
570 120
571 161
572 180
573 186
574 139
575 86
576 90
577 78
578 130
579 76
580 77
581 135
582 78
583 88
584 91
585 92
586 102
587 76
588 101
589 86
590 153
591 78
592 76
593 78
594 140
595 76
596 77
597 136
598 176
599 78
600 74
601 142
602 77
603 159
604 138
605 79
606 79
607 84
608 77
609 78
610 110
611 72
612 90
613 77
614 78
615 77
616 74
617 79
618 77
619 77
620 78
621 79
622 79
623 78
624 78
625 79
626 76
627 151
628 74
629 74
630 101
631 81
632 77
633 80
634 76
635 77
636 78
637 77
638 157
639 91
640 92
641 93
642 78
643 79
644 75
645 79
646 76
647 180
648 78
649 77
650 0
651 78
652 77
653 78
654 192
655 198
656 168
657 167
658 78
659 78
660 257
661 140
662 80
663 89
664 152
665 101
666 90
667 159
668 135
669 80
670 74
671 222
672 97
673 78
674 90
675 84
676 78
677 91
678 90
679 103
680 102
681 79
682 75
683 79
684 77
685 78
686 84
687 77
688 77
689 208
690 182
691 76
692 165
693 70
694 157
695 80
696 138
697 141
698 91
699 77
700 103
701 168
702 102
703 85
704 242
705 140
706 139
707 84
708 77
709 102
710 76
711 0
712 161
713 78
714 0
715 261
716 184
717 76
718 158
719 73
720 75
721 77
722 78
723 91
724 85
725 73
726 103
727 79
728 136
729 166
730 159
731 112
732 74
733 77
734 73
735 78
736 78
737 78
738 83
739 76
740 102
741 81
742 164
743 78
744 79
745 76
746 77
747 31
748 92
749 103
750 125
751 157
752 76
753 101
754 178
755 184
756 150
757 165
758 78
759 101
760 76
761 76
762 77
763 95
764 90
765 75
766 75
767 79
768 81
769 77
770 77
771 78
772 77
773 0
774 77
775 139
776 160
777 163
778 79
779 77
780 80
781 133
782 143
783 159
784 102
785 148
786 75
787 74
788 152
789 96
790 160
791 101
792 78
793 77
794 160
795 0
796 77
797 77
798 90
799 77
800 74
801 0
802 86
803 85
804 104
805 168
806 159
807 135
808 77
809 78
810 164
811 182
812 257
813 75
814 189
815 76
816 0
817 0
818 92
819 101
820 80
821 85
822 76
823 159
824 215
825 194
826 182
827 158
828 77
829 76
830 78
831 77
832 78
833 76
834 157
835 93
836 77
837 79
838 78
839 78
840 100
841 101
842 74
843 0
844 334
845 72
846 162
847 79
848 103
849 250
850 78
851 161
852 154
853 77
854 73
855 160
856 78
857 165
858 164
859 79
860 91
861 77
862 76
863 217
864 75
865 101
866 77
867 76
868 157
869 101
870 77
871 92
872 102
873 92
874 0
875 152
876 158
877 76
878 103
879 174
880 87
881 255
882 157
883 77
884 154
885 244
886 161
887 73
888 158
889 160
890 77
891 101
892 152
893 74
894 78
895 152
896 101
897 76
898 78
899 77
900 0
901 198
902 143
903 174
904 138
905 75
906 161
907 78
908 79
909 432
910 75
911 190
912 159
913 168
914 159
915 165
916 78
917 159
918 76
919 151
920 78
921 77
922 87
923 84
924 77
925 78
926 85
927 130
928 0
929 139
930 78
931 91
932 101
933 155
934 143
935 155
936 138
937 74
938 193
939 155
940 121
941 72
942 0
943 74
944 152
945 158
946 74
947 80
948 159
949 102
950 77
951 75
952 263
953 208
954 157
955 75
956 102
957 210
958 174
959 135
960 77
961 153
962 154
963 167
964 74
965 156
966 159
967 76
968 157
969 92
970 73
971 75
972 152
973 72
974 75
975 78
976 102
977 73
978 151
979 147
980 77
981 74
982 196
983 236
984 76
985 169
986 101
987 142
988 0
989 91
990 78
991 102
992 158
993 139
994 160
995 78
996 73
997 78
998 77
999 182
1000 244
1001 76
1002 100
1003 101
1004 0
1005 75
1006 79
1007 161
1008 86
1009 0
1010 73
1011 216
1012 80
1013 0
1014 210
1015 242
1016 199
1017 149
1018 76
1019 74
1020 135
1021 173
1022 163
1023 101
1024 152
1025 216
1026 183
1027 177
1028 77
1029 77
1030 102
1031 76
1032 78
1033 76
1034 159
1035 236
1036 80
1037 228
1038 78
1039 78
1040 77
1041 101
1042 72
1043 102
1044 255
1045 74
1046 78
1047 78
1048 169
1049 170
1050 76
1051 79
1052 77
1053 91
1054 182
1055 76
1056 152
1057 100
1058 75
1059 160
1060 76
1061 160
1062 0
1063 164
1064 0
1065 133
1066 78
1067 128
1068 258
1069 75
1070 76
1071 78
1072 78
1073 78
1074 80
1075 96
1076 208
1077 166
1078 74
1079 164
1080 180
1081 101
1082 211
1083 91
1084 74
1085 73
1086 77
1087 103
1088 227
1089 193
1090 76
1091 215
1092 77
1093 72
1094 73
1095 72
1096 73
1097 72
1098 222
1099 136
1100 161
1101 140
1102 76
1103 77
1104 75
1105 77
1106 103
1107 75
1108 77
1109 127
1110 74
1111 91
1112 226
1113 226
1114 198
1115 75
1116 86
1117 215
1118 74
1119 78
1120 167
1121 92
1122 78
1123 72
1124 197
1125 91
1126 74
1127 74
1128 80
1129 170
1130 81
1131 91
1132 77
1133 92
1134 78
1135 151
1136 0
1137 0
1138 73
1139 81
1140 135
1141 75
1142 167
1143 185
1144 183
1145 160
1146 77
1147 0
1148 147
1149 184
1150 153
1151 101
1152 77
1153 81
1154 78
1155 213
1156 144
1157 141
1158 73
1159 225
1160 80
1161 78
1162 78
1163 95
1164 160
1165 208
1166 192
1167 78
1168 77
1169 162
1170 101
1171 249
1172 154
1173 74
1174 72
1175 185
1176 172
1177 252
1178 140
1179 180
1180 169
1181 160
1182 72
1183 174
1184 75
1185 102
1186 138
1187 81
1188 77
1189 77
1190 72
1191 91
1192 93
1193 102
1194 77
1195 77
1196 76
1197 74
1198 72
1199 78
1200 74
1201 184
1202 137
1203 78
1204 136
1205 156
1206 161
1207 244
1208 179
1209 151
1210 90
1211 160
1212 160
1213 185
1214 203
1215 77
1216 133
1217 87
1218 78
1219 177
1220 152
1221 156
1222 170
1223 73
1224 85
1225 136
1226 90
1227 72
1228 92
1229 77
1230 79
1231 79
1232 75
1233 102
1234 76
1235 183
1236 97
1237 98
1238 161
1239 101
1240 79
1241 0
1242 77
1243 138
1244 138
1245 75
1246 160
1247 75
1248 77
1249 177
1250 250
1251 79
1252 143
1253 352
1254 148
1255 177
1256 78
1257 178
1258 73
1259 208
1260 77
1261 73
1262 76
1263 73
1264 77
1265 80
1266 77
1267 77
1268 77
1269 75
1270 85
1271 73
1272 101
1273 73
1274 153
1275 79
1276 74
1277 73
1278 101
1279 101
1280 100
1281 203
1282 196
1283 200
1284 196
1285 91
1286 103
1287 131
1288 79
1289 158
1290 257
1291 75
1292 153
1293 153
1294 210
1295 138
1296 92
1297 78
1298 232
1299 74
1300 73
1301 78
1302 78
1303 78
1304 79
1305 78
1306 72
1307 77
1308 77
1309 78
1310 77
1311 160
1312 79
1313 103
1314 75
1315 198
1316 73
1317 102
1318 79
1319 102
1320 71
1321 86
1322 92
1323 159
1324 74
1325 160
1326 164
1327 194
1328 0
1329 160
1330 158
1331 75
1332 160
1333 77
1334 160
1335 80
1336 159
1337 138
1338 164
1339 76
1340 76
1341 76
1342 176
1343 92
1344 137
1345 77
1346 79
1347 78
1348 86
1349 75
1350 86
1351 349
1352 73
1353 77
1354 79
1355 92
1356 80
1357 79
1358 76
1359 158
1360 77
1361 138
1362 78
1363 159
1364 77
1365 78
1366 186
1367 158
1368 190
1369 159
1370 92
1371 97
1372 195
1373 160
1374 166
1375 236
1376 139
1377 158
1378 74
1379 77
1380 159
1381 101
1382 91
1383 160
1384 139
1385 76
1386 141
1387 141
1388 227
1389 147
1390 72
1391 366
1392 134
1393 77
1394 76
1395 157
1396 76
1397 75
1398 0
1399 159
1400 102
1401 78
1402 73
1403 161
1404 78
1405 135
1406 138
1407 101
1408 151
1409 74
1410 76
1411 76
1412 95
1413 0
1414 78
1415 93
1416 159
1417 75
1418 72
1419 141
1420 158
1421 141
1422 158
1423 159
1424 158
1425 210
1426 73
1427 81
1428 138
1429 197
1430 78
1431 76
1432 165
1433 76
1434 81
1435 92
1436 181
1437 141
1438 77
1439 80
1440 135
1441 75
1442 78
1443 78
1444 77
1445 77
1446 77
1447 77
1448 76
1449 102
1450 77
1451 77
1452 179
1453 139
1454 78
1455 235
1456 77
1457 74
1458 72
1459 75
1460 91
1461 102
1462 73
1463 104
1464 90
1465 77
1466 135
1467 73
1468 75
1469 159
1470 158
1471 158
1472 169
1473 75
1474 80
1475 160
1476 150
1477 74
1478 218
1479 163
1480 90
1481 165
1482 208
1483 93
1484 140
1485 182
1486 141
1487 166
1488 154
1489 74
1490 80
1491 78
1492 75
1493 75
1494 78
1495 77
1496 77
1497 78
1498 78
1499 161
1500 77
1501 91
1502 103
1503 73
1504 78
1505 78
1506 75
1507 172
1508 90
1509 74
1510 77
1511 79
1512 73
1513 73
1514 78
1515 139
1516 158
1517 72
1518 72
1519 0
1520 158
1521 160
1522 101
1523 77
1524 79
1525 165
1526 164
1527 234
1528 160
1529 157
1530 139
1531 160
1532 178
1533 174
1534 216
1535 200
1536 73
1537 74
1538 76
1539 78
1540 78
1541 79
1542 80
1543 77
1544 76
1545 84
1546 101
1547 79
1548 75
1549 73
1550 103
1551 77
1552 102
1553 137
1554 103
1555 72
1556 183
1557 102
1558 78
1559 77
1560 77
1561 102
1562 73
1563 92
1564 100
1565 94
1566 149
1567 92
1568 197
1569 160
1570 76
1571 74
1572 159
1573 81
1574 78
1575 77
1576 76
1577 76
1578 86
1579 161
1580 96
1581 97
1582 80
1583 168
1584 138
1585 75
1586 79
1587 78
1588 74
1589 74
1590 78
1591 77
1592 76
1593 78
1594 76
1595 72
1596 72
1597 102
1598 159
1599 74
1600 195
1601 164
1602 95
1603 91
1604 77
1605 72
1606 94
1607 77
1608 72
1609 74
1610 101
1611 101
1612 160
1613 142
1614 74
1615 160
1616 72
1617 161
1618 160
1619 81
1620 160
1621 158
1622 209
1623 75
1624 81
1625 146
1626 136
1627 96
1628 70
1629 181
1630 78
1631 77
1632 79
1633 78
1634 78
1635 91
1636 79
1637 133
1638 78
1639 181
1640 77
1641 78
1642 76
1643 159
1644 160
1645 72
1646 73
1647 73
1648 72
1649 72
1650 161
1651 160
1652 73
1653 159
1654 161
1655 160
1656 142
1657 81
1658 73
1659 78
1660 78
1661 74
1662 77
1663 78
1664 93
1665 101
1666 75
1667 92
1668 161
1669 73
1670 96
1671 100
1672 76
1673 76
1674 159
1675 74
1676 92
1677 216
1678 78
1679 75
1680 91
1681 160
1682 158
1683 191
1684 77
1685 76
1686 109
1687 92
1688 115
1689 151
1690 241
1691 77
1692 76
1693 78
1694 74
1695 78
1696 78
1697 76
1698 79
1699 71
1700 74
1701 74
1702 81
1703 103
1704 0
1705 139
1706 181
1707 94
1708 79
1709 160
1710 161
1711 77
1712 157
1713 236
1714 225
1715 79
1716 72
1717 158
1718 261
1719 76
1720 73
1721 136
1722 184
1723 77
1724 77
1725 77
1726 76
1727 77
1728 73
1729 91
1730 74
1731 98
1732 74
1733 78
1734 161
1735 74
1736 100
1737 243
1738 160
1739 80
1740 72
1741 140
1742 159
1743 74
1744 99
1745 72
1746 92
1747 74
1748 91
1749 151
1750 76
1751 102
1752 77
1753 74
1754 137
1755 158
1756 73
1757 153
1758 140
1759 73
1760 139
1761 244
1762 78
1763 94
1764 158
1765 74
1766 78
1767 162
1768 178
1769 133
1770 74
1771 144
1772 71
1773 143
1774 151
1775 76
1776 163
1777 73
1778 159
1779 80
1780 74
1781 102
1782 75
1783 182
1784 161
1785 232
1786 140
1787 79
1788 142
1789 158
1790 72
1791 74
1792 79
1793 157
1794 140
1795 0
1796 146
1797 158
1798 76
1799 73
1800 79
1801 73
1802 74
1803 159
1804 75
1805 102
1806 77
1807 74
1808 93
1809 135
1810 140
1811 77
1812 72
1813 76
1814 95
1815 140
1816 92
1817 138
1818 161
1819 73
1820 79
1821 77
1822 74
1823 165
1824 160
1825 158
1826 77
1827 160
1828 158
1829 72
1830 138
1831 177
1832 74
1833 142
1834 74
1835 169
1836 74
1837 78
1838 72
1839 74
1840 211
1841 158
1842 74
1843 75
1844 171
1845 140
1846 160
1847 140
1848 150
1849 73
1850 73
1851 167
1852 72
1853 134
1854 73
1855 76
1856 77
1857 158
1858 74
1859 77
1860 78
1861 76
1862 79
1863 74
1864 100
1865 96
1866 141
1867 80
1868 73
1869 95
1870 74
1871 139
1872 161
1873 76
1874 77
1875 78
1876 78
1877 98
1878 73
1879 159
1880 78
1881 78
1882 72
1883 74
1884 81
1885 74
1886 74
1887 73
1888 72
1889 138
1890 74
1891 73
1892 78
1893 140
1894 142
1895 79
1896 73
1897 92
1898 73
1899 139
1900 172
1901 140
1902 137
1903 74
1904 74
1905 91
1906 93
1907 72
1908 74
1909 71
1910 73
1911 94
1912 74
1913 73
1914 74
1915 75
1916 140
1917 76
1918 76
1919 78
1920 75
1921 77
1922 139
1923 76
1924 73
1925 159
1926 74
1927 74
1928 94
1929 151
1930 150
1931 73
1932 97
1933 72
1934 73
1935 73
1936 216
1937 94
1938 73
1939 77
1940 80
1941 98
1942 77
1943 158
1944 79
1945 79
1946 74
1947 74
1948 74
1949 73
1950 72
1951 160
1952 80
1953 135
1954 74
1955 140
1956 139
1957 73
1958 140
1959 140
1960 76
1961 154
1962 73
1963 80
1964 73
1965 76
1966 158
1967 91
1968 74
1969 75
1970 73
1971 72
1972 73
1973 76
1974 73
1975 74
1976 152
1977 0
1978 73
1979 73
1980 153
1981 78
1982 74
1983 73
1984 74
1985 73
1986 74
1987 164
1988 138
1989 76
1990 148
1991 181
1992 157
1993 73
1994 73
1995 74
1996 74
1997 75
1998 76
1999 77
2000 78
2001 81
2002 73
2003 77
2004 77
2005 73
2006 137
2007 139
2008 74
2009 78
2010 74
2011 160
2012 138
2013 158
2014 137
2015 159
2016 81
2017 93
2018 75
2019 77
2020 75
2021 77
2022 75
2023 75
2024 77
2025 79
2026 75
2027 71
2028 73
2029 74
2030 79
2031 73
2032 157
2033 161
2034 140
2035 155
2036 79
2037 78
2038 73
2039 152
2040 88
2041 92
2042 101
2043 160
2044 73
2045 76
2046 74
2047 74
2048 79
2049 77
2050 78
2051 73
2052 74
2053 73
2054 79
2055 80
2056 90
2057 161
2058 139
2059 160
2060 140
2061 139
2062 182
2063 75
2064 92
2065 159
2066 142
2067 74
2068 72
2069 76
2070 79
2071 74
2072 73
2073 74
2074 74
2075 74
2076 77
2077 71
2078 73
2079 74
2080 75
2081 76
2082 97
2083 75
2084 93
2085 97
2086 74
2087 160
2088 140
2089 73
2090 74
2091 74
2092 160
2093 139
2094 76
2095 74
2096 74
2097 72
2098 101
2099 72
2100 74
2101 72
2102 71
2103 74
2104 74
2105 74
2106 77
2107 77
2108 82
2109 75
2110 161
2111 74
2112 143
2113 79
2114 150
2115 97
2116 169
2117 78
2118 74
2119 72
2120 182
2121 85
2122 182
2123 137
2124 77
2125 73
2126 75
2127 74
2128 139
2129 80
2130 80
2131 101
2132 73
2133 136
2134 137
2135 74
2136 140
2137 160
2138 75
2139 140
2140 73
2141 74
2142 73
2143 73
2144 73
2145 79
2146 80
2147 72
2148 92
2149 81
2150 78
2151 93
2152 74
2153 95
2154 140
2155 79
2156 78
2157 141
2158 73
2159 74
2160 102
2161 91
2162 255
2163 72
2164 76
2165 73
2166 76
2167 74
2168 75
2169 76
2170 73
2171 169
2172 80
2173 153
2174 160
2175 80
2176 82
2177 140
2178 73
2179 74
2180 73
2181 72
2182 73
2183 75
2184 75
2185 0
2186 77
2187 93
2188 75
2189 72
2190 74
2191 92
2192 169
2193 73
2194 74
2195 74
2196 74
2197 73
2198 71
2199 148
2200 81
2201 73
2202 73
2203 75
2204 75
2205 72
2206 74
2207 73
2208 156
2209 159
2210 79
2211 169
2212 148
2213 73
2214 73
2215 151
2216 73
2217 78
2218 177
2219 72
2220 73
2221 74
2222 198
2223 81
2224 158
2225 74
2226 72
2227 74
2228 176
2229 74
2230 175
2231 72
2232 180
2233 85
2234 73
2235 187
2236 201
2237 181
2238 82
2239 159
2240 35
2241 78
2242 74
2243 74
2244 74
2245 139
2246 93
2247 170
2248 138
2249 159
2250 136
2251 168
2252 100
2253 80
2254 183
2255 175
2256 173
2257 165
2258 73
2259 80
2260 74
2261 73
2262 73
2263 181
2264 74
2265 101
2266 72
2267 74
2268 74
2269 96
2270 165
2271 140
2272 151
2273 79
2274 75
2275 159
2276 186
2277 165
2278 144
2279 168
2280 75
2281 73
2282 74
2283 72
2284 0
2285 80
2286 79
2287 73
2288 75
2289 74
2290 150
2291 152
2292 94
2293 161
2294 74
2295 78
2296 72
2297 178
2298 147
2299 217
2300 137
2301 74
2302 180
2303 211
2304 81
2305 75
2306 152
2307 166
2308 74
2309 74
2310 91
2311 151
2312 147
2313 148
2314 74
2315 152
2316 73
2317 144
2318 145
2319 151
2320 168
2321 72
2322 73
2323 0
2324 73
2325 74
2326 75
2327 74
2328 74
2329 153
2330 91
2331 75
2332 76
2333 169
2334 168
2335 154
2336 74
2337 74
2338 147
2339 147
2340 72
2341 76
2342 73
2343 0
2344 74
2345 73
2346 74
2347 73
2348 75
2349 76
2350 73
2351 198
2352 177
2353 72
2354 158
2355 73
2356 73
2357 81
2358 95
2359 0
2360 73
2361 74
2362 81
2363 78
2364 74
2365 74
2366 74
2367 160
2368 74
2369 80
2370 153
2371 153
2372 155
2373 168
2374 181
2375 176
2376 174
2377 93
2378 79
2379 153
2380 79
2381 75
2382 183
2383 75
2384 73
2385 75
2386 183
2387 159
2388 254
2389 74
2390 75
2391 182
2392 180
2393 101
2394 169
2395 92
2396 78
2397 72
2398 73
2399 74
2400 143
2401 74
2402 75
2403 165
2404 73
2405 72
2406 254
2407 74
2408 97
2409 78
2410 73
2411 159
2412 77
2413 178
2414 0
2415 81
2416 72
2417 139
2418 97
2419 73
2420 74
2421 72
2422 233
2423 144
2424 73
2425 162
2426 76
2427 80
2428 152
2429 74
2430 174
2431 73
2432 153
2433 0
2434 74
2435 73
2436 74
2437 74
2438 74
2439 74
2440 93
2441 74
2442 75
2443 80
2444 169
2445 76
2446 74
2447 183
2448 72
2449 99
2450 74
2451 165
2452 74
2453 181
2454 182
2455 180
2456 73
2457 151
2458 185
2459 80
2460 181
2461 136
2462 244
2463 73
2464 73
2465 153
2466 73
2467 139
2468 80
2469 140
2470 169
2471 73
2472 139
2473 73
2474 73
2475 183
2476 0
2477 73
2478 77
2479 79
2480 79
2481 175
2482 73
2483 76
2484 73
2485 73
2486 74
2487 151
2488 148
2489 160
2490 258
2491 76
2492 0
2493 81
2494 75
2495 74
2496 73
2497 74
2498 73
2499 73
2500 74
2501 76
2502 72
2503 164
2504 72
2505 103
2506 219
2507 92
2508 75
2509 72
2510 74
2511 76
2512 93
2513 75
2514 0
2515 0
2516 74
2517 0
2518 0
2519 201
2520 76
2521 90
2522 181
2523 84
2524 197
2525 140
2526 140
2527 77
2528 152
2529 202
2530 72
2531 115
2532 142
2533 234
2534 158
2535 245
2536 181
2537 97
2538 74
2539 74
2540 73
2541 93
2542 151
2543 76
2544 79
2545 101
2546 160
2547 72
2548 138
2549 165
2550 165
2551 77
2552 135
2553 74
2554 76
2555 75
2556 0
2557 171
2558 142
2559 78
2560 72
2561 75
2562 78
2563 73
2564 151
2565 72
2566 140
2567 171
2568 74
2569 75
2570 74
2571 77
2572 0
2573 199
2574 78
2575 139
2576 75
2577 75
2578 74
2579 72
2580 0
