0 99
1 303
2 115
3 201
4 227
5 182
6 134
7 106
8 349
9 264
10 115
11 103
12 118
13 106
14 105
15 182
16 104
17 213
18 106
19 105
20 106
21 104
22 213
23 101
24 0
25 221
26 98
27 101
28 255
29 137
30 105
31 98
32 344
33 111
34 223
35 105
36 220
37 180
38 102
39 102
40 103
41 100
42 106
43 108
44 116
45 232
46 101
47 234
48 191
49 103
50 102
51 186
52 102
53 102
54 104
55 103
56 99
57 105
58 110
59 103
60 184
61 104
62 102
63 245
64 102
65 103
66 213
67 102
68 104
69 254
70 105
71 102
72 284
73 313
74 103
75 104
76 105
77 104
78 211
79 104
80 104
81 254
82 177
83 102
84 218
85 184
86 105
87 104
88 101
89 134
90 99
91 188
92 100
93 181
94 98
95 101
96 99
97 103
98 343
99 101
100 105
101 310
102 128
103 102
104 104
105 235
106 255
107 128
108 145
109 103
110 101
111 237
112 108
113 98
114 107
115 101
116 182
117 102
118 212
119 123
120 100
121 242
122 107
123 102
124 105
125 106
126 121
127 121
128 101
129 98
130 99
131 103
132 137
133 241
134 286
135 212
136 102
137 103
138 103
139 186
140 119
141 101
142 135
143 97
144 102
145 237
146 102
147 124
148 180
149 104
150 187
151 0
152 218
153 103
154 99
155 101
156 102
157 122
158 99
159 104
160 137
161 124
162 210
163 206
164 181
165 105
166 105
167 106
168 184
169 187
170 230
171 103
172 102
173 100
174 107
175 105
176 98
177 96
178 321
179 138
180 104
181 240
182 102
183 212
184 98
185 104
186 183
187 186
188 180
189 106
190 182
191 192
192 184
193 104
194 288
195 187
196 254
197 105
198 205
199 102
200 99
201 286
202 107
203 103
204 105
205 189
206 215
207 182
208 179
209 103
210 184
211 238
212 241
213 219
214 116
215 103
216 103
217 203
218 103
219 186
220 121
221 184
222 122
223 104
224 121
225 104
226 181
227 122
228 104
229 102
230 182
231 233
232 0
233 98
234 0
235 179
236 0
237 133
238 239
239 103
240 219
241 113
242 94
243 103
244 184
245 99
246 103
247 218
248 280
249 343
250 177
251 181
252 181
253 0
254 104
255 103
256 103
257 116
258 239
259 204
260 113
261 96
262 181
263 186
264 251
265 228
266 225
267 202
268 102
269 101
270 182
271 136
272 96
273 0
274 180
275 137
276 104
277 202
278 109
279 132
280 205
281 102
282 100
283 100
284 104
285 106
286 206
287 214
288 180
289 148
290 104
291 97
292 98
293 97
294 115
295 103
296 205
297 106
298 184
299 235
300 174
301 104
302 136
303 97
304 323
305 105
306 106
307 102
308 216
309 102
310 202
311 188
312 136
313 252
314 104
315 101
316 118
317 103
318 260
319 136
320 103
321 97
322 219
323 133
324 206
325 246
326 134
327 256
328 240
329 252
330 249
331 98
332 212
333 104
334 262
335 103
336 104
337 219
338 102
339 100
340 179
341 102
342 219
343 182
344 106
345 178
346 101
347 185
348 183
349 202
350 125
351 99
352 184
353 107
354 105
355 134
356 256
357 205
358 213
359 237
360 254
361 216
362 124
363 104
364 0
365 106
366 204
367 103
368 105
369 203
370 308
371 115
372 197
373 124
374 101
375 105
376 184
377 242
378 137
379 105
380 179
381 134
382 104
383 202
384 187
385 123
386 183
387 183
388 237
389 181
390 247
391 174
392 99
393 180
394 184
395 105
396 136
397 96
398 0
399 103
400 236
401 179
402 179
403 180
404 104
405 225
406 205
407 240
408 219
409 204
410 104
411 103
412 102
413 122
414 120
415 204
416 278
417 229
418 122
419 201
420 182
421 106
422 204
423 234
424 106
425 187
426 167
427 98
428 202
429 105
430 105
431 105
432 103
433 237
434 226
435 136
436 242
437 102
438 99
439 255
440 205
441 238
442 101
443 104
444 101
445 105
446 216
447 102
448 104
449 185
450 106
451 104
452 101
453 106
454 188
455 104
456 103
457 102
458 103
459 102
460 104
461 104
462 105
463 96
464 102
465 103
466 206
467 257
468 104
469 103
470 103
471 222
472 182
473 188
474 103
475 133
476 211
477 105
478 104
479 104
480 104
481 217
482 101
483 188
484 184
485 211
486 215
487 186
488 101
489 212
490 230
491 121
492 104
493 102
494 104
495 122
496 102
497 101
498 106
499 186
500 101
501 101
502 104
503 104
504 103
505 104
506 103
507 190
508 101
509 101
510 186
511 109
512 101
513 103
514 218
515 214
516 105
517 136
518 103
519 106
520 101
521 102
522 101
523 121
524 103
525 198
526 107
527 101
528 105
529 101
530 133
531 106
532 180
533 98
534 103
535 177
536 254
537 153
538 98
539 102
540 103
541 217
542 102
543 103
544 133
545 115
546 101
547 0
548 179
549 106
550 106
551 104
552 150
553 105
554 221
555 123
556 126
557 103
558 138
559 103
560 101
561 104
562 111
563 136
564 103
565 103
566 0
567 107
568 105
569 102
570 160
571 216
572 245
573 250
574 189
575 114
576 120
577 105
578 173
579 102
580 102
581 180
582 105
583 120
584 121
585 122
586 137
587 102
588 138
589 116
590 205
591 104
592 102
593 104
594 185
595 105
596 103
597 185
598 236
599 103
600 97
601 190
602 104
603 210
604 185
605 105
606 105
607 112
608 103
609 104
610 147
611 98
612 119
613 105
614 104
615 106
616 99
617 104
618 102
619 102
620 104
621 105
622 104
623 104
624 105
625 107
626 101
627 204
628 100
629 98
630 136
631 109
632 102
633 106
634 103
635 106
636 104
637 101
638 212
639 122
640 121
641 122
642 102
643 105
644 100
645 107
646 102
647 245
648 105
649 104
650 0
651 103
652 104
653 104
654 258
655 265
656 222
657 225
658 103
659 106
660 219
661 187
662 108
663 118
664 204
665 137
666 121
667 216
668 177
669 108
670 101
671 298
672 128
673 103
674 120
675 111
676 103
677 124
678 122
679 137
680 137
681 106
682 101
683 107
684 103
685 104
686 113
687 102
688 104
689 282
690 240
691 101
692 222
693 95
694 212
695 105
696 182
697 188
698 121
699 103
700 139
701 226
702 137
703 111
704 322
705 184
706 183
707 112
708 103
709 136
710 101
711 135
712 212
713 103
714 0
715 226
716 247
717 101
718 212
719 99
720 101
721 103
722 103
723 120
724 112
725 97
726 137
727 105
728 180
729 218
730 209
731 150
732 98
733 102
734 99
735 103
736 104
737 103
738 111
739 101
740 136
741 108
742 218
743 104
744 105
745 102
746 104
747 104
748 122
749 136
750 169
751 211
752 101
753 137
754 239
755 242
756 198
757 221
758 106
759 137
760 102
761 101
762 102
763 128
764 122
765 101
766 102
767 103
768 109
769 103
770 102
771 104
772 104
773 0
774 103
775 186
776 209
777 217
778 106
779 105
780 104
781 179
782 190
783 211
784 136
785 198
786 100
787 99
788 203
789 127
790 212
791 134
792 105
793 102
794 215
795 0
796 102
797 102
798 123
799 104
800 99
801 101
802 116
803 110
804 134
805 222
806 212
807 180
808 104
809 106
810 219
811 243
812 345
813 100
814 251
815 101
816 0
817 0
818 122
819 135
820 106
821 114
822 103
823 212
824 288
825 259
826 241
827 213
828 103
829 101
830 103
831 103
832 104
833 101
834 211
835 126
836 101
837 105
838 103
839 103
840 135
841 135
842 99
843 0
844 324
845 97
846 218
847 105
848 137
849 336
850 104
851 211
852 207
853 103
854 96
855 214
856 103
857 220
858 218
859 106
860 122
861 103
862 102
863 289
864 101
865 135
866 103
867 101
868 211
869 134
870 102
871 121
872 134
873 122
874 0
875 201
876 211
877 105
878 137
879 233
880 115
881 338
882 213
883 104
884 207
885 325
886 216
887 97
888 212
889 213
890 106
891 134
892 204
893 97
894 103
895 204
896 133
897 103
898 102
899 106
900 0
901 261
902 186
903 229
904 187
905 99
906 213
907 103
908 106
909 332
910 99
911 255
912 211
913 224
914 211
915 219
916 103
917 213
918 104
919 201
920 103
921 106
922 115
923 114
924 104
925 105
926 112
927 173
928 0
929 185
930 106
931 118
932 138
933 203
934 189
935 207
936 186
937 99
938 263
939 213
940 161
941 97
942 231
943 96
944 200
945 217
946 101
947 106
948 212
949 135
950 103
951 99
952 348
953 279
954 212
955 100
956 136
957 282
958 231
959 180
960 102
961 206
962 205
963 221
964 96
965 332
966 210
967 103
968 209
969 125
970 95
971 99
972 203
973 97
974 101
975 105
976 137
977 99
978 202
979 197
980 104
981 99
982 263
983 316
984 101
985 227
986 136
987 189
988 0
989 123
990 104
991 134
992 211
993 185
994 213
995 104
996 97
997 105
998 101
999 247
1000 325
1001 101
1002 135
1003 138
1004 0
1005 100
1006 107
1007 215
1008 114
1009 113
1010 97
1011 286
1012 107
1013 0
1014 0
1015 321
1016 264
1017 205
1018 100
1019 98
1020 181
1021 229
1022 218
1023 135
1024 203
1025 289
1026 242
1027 236
1028 103
1029 102
1030 135
1031 102
1032 102
1033 103
1034 215
1035 315
1036 107
1037 300
1038 106
1039 104
1040 104
1041 135
1042 97
1043 136
1044 343
1045 99
1046 103
1047 104
1048 225
1049 227
1050 101
1051 104
1052 104
1053 122
1054 242
1055 104
1056 203
1057 135
1058 100
1059 215
1060 101
1061 212
1062 0
1063 219
1064 0
1065 175
1066 106
1067 172
1068 344
1069 102
1070 103
1071 103
1072 104
1073 103
1074 106
1075 128
1076 280
1077 219
1078 97
1079 216
1080 239
1081 138
1082 278
1083 123
1084 97
1085 97
1086 104
1087 136
1088 304
1089 257
1090 99
1091 288
1092 103
1093 97
1094 98
1095 96
1096 99
1097 98
1098 297
1099 182
1100 218
1101 186
1102 102
1103 104
1104 99
1105 100
1106 138
1107 102
1108 103
1109 169
1110 99
1111 123
1112 301
1113 301
1114 264
1115 99
1116 113
1117 287
1118 99
1119 103
1120 226
1121 123
1122 102
1123 96
1124 260
1125 120
1126 98
1127 101
1128 107
1129 227
1130 110
1131 121
1132 97
1133 123
1134 105
1135 206
1136 0
1137 0
1138 99
1139 107
1140 182
1141 99
1142 225
1143 248
1144 243
1145 212
1146 103
1147 0
1148 200
1149 243
1150 203
1151 136
1152 102
1153 107
1154 106
1155 284
1156 193
1157 188
1158 97
1159 297
1160 106
1161 106
1162 104
1163 133
1164 213
1165 278
1166 258
1167 103
1168 102
1169 219
1170 135
1171 334
1172 204
1173 99
1174 97
1175 247
1176 230
1177 336
1178 185
1179 242
1180 224
1181 215
1182 98
1183 231
1184 99
1185 137
1186 189
1187 107
1188 102
1189 103
1190 98
1191 124
1192 126
1193 134
1194 101
1195 104
1196 101
1197 101
1198 96
1199 105
1200 100
1201 245
1202 186
1203 105
1204 180
1205 213
1206 218
1207 327
1208 238
1209 201
1210 122
1211 214
1212 215
1213 251
1214 270
1215 101
1216 180
1217 116
1218 103
1219 235
1220 204
1221 205
1222 228
1223 99
1224 114
1225 182
1226 124
1227 96
1228 124
1229 103
1230 104
1231 107
1232 101
1233 138
1234 99
1235 246
1236 129
1237 130
1238 212
1239 136
1240 105
1241 215
1242 102
1243 184
1244 186
1245 99
1246 215
1247 99
1248 104
1249 237
1250 823
1251 103
1252 189
1253 350
1254 195
1255 236
1256 105
1257 237
1258 97
1259 279
1260 103
1261 98
1262 101
1263 97
1264 104
1265 108
1266 101
1267 102
1268 106
1269 102
1270 111
1271 97
1272 135
1273 98
1274 202
1275 105
1276 98
1277 100
1278 135
1279 136
1280 135
1281 271
1282 262
1283 266
1284 264
1285 122
1286 139
1287 173
1288 107
1289 213
1290 344
1291 100
1292 203
1293 203
1294 280
1295 185
1296 124
1297 103
1298 308
1299 99
1300 97
1301 105
1302 104
1303 104
1304 105
1305 105
1306 94
1307 104
1308 104
1309 102
1310 102
1311 211
1312 106
1313 137
1314 102
1315 266
1316 96
1317 138
1318 106
1319 134
1320 96
1321 115
1322 122
1323 209
1324 99
1325 215
1326 217
1327 259
1328 262
1329 214
1330 211
1331 99
1332 213
1333 103
1334 213
1335 106
1336 214
1337 185
1338 216
1339 102
1340 102
1341 102
1342 235
1343 123
1344 183
1345 101
1346 107
1347 104
1348 116
1349 100
1350 116
1351 586
1352 97
1353 104
1354 103
1355 120
1356 105
1357 103
1358 104
1359 211
1360 103
1361 184
1362 102
1363 210
1364 105
1365 105
1366 250
1367 212
1368 253
1369 213
1370 123
1371 129
1372 258
1373 215
1374 222
1375 313
1376 186
1377 210
1378 97
1379 101
1380 212
1381 136
1382 122
1383 214
1384 185
1385 102
1386 188
1387 188
1388 302
1389 195
1390 97
1391 242
1392 179
1393 102
1394 102
1395 209
1396 102
1397 104
1398 97
1399 212
1400 135
1401 103
1402 97
1403 214
1404 106
1405 182
1406 184
1407 136
1408 204
1409 99
1410 102
1411 102
1412 129
1413 0
1414 103
1415 124
1416 211
1417 99
1418 96
1419 190
1420 212
1421 191
1422 211
1423 212
1424 214
1425 280
1426 95
1427 108
1428 186
1429 260
1430 102
1431 103
1432 222
1433 100
1434 107
1435 122
1436 243
1437 188
1438 103
1439 107
1440 180
1441 98
1442 105
1443 104
1444 103
1445 103
1446 105
1447 102
1448 103
1449 138
1450 103
1451 103
1452 242
1453 184
1454 103
1455 320
1456 101
1457 97
1458 98
1459 101
1460 122
1461 133
1462 99
1463 137
1464 122
1465 103
1466 181
1467 100
1468 99
1469 213
1470 209
1471 0
1472 227
1473 101
1474 107
1475 212
1476 197
1477 100
1478 291
1479 220
1480 121
1481 219
1482 281
1483 125
1484 185
1485 241
1486 188
1487 221
1488 205
1489 98
1490 105
1491 102
1492 103
1493 101
1494 103
1495 104
1496 101
1497 103
1498 103
1499 210
1500 102
1501 122
1502 137
1503 96
1504 105
1505 103
1506 100
1507 225
1508 121
1509 99
1510 104
1511 106
1512 99
1513 99
1514 103
1515 184
1516 211
1517 97
1518 54
1519 0
1520 209
1521 213
1522 137
1523 103
1524 105
1525 220
1526 220
1527 311
1528 215
1529 211
1530 188
1531 216
1532 240
1533 232
1534 291
1535 265
1536 97
1537 97
1538 99
1539 104
1540 103
1541 106
1542 104
1543 104
1544 103
1545 114
1546 136
1547 105
1548 99
1549 97
1550 135
1551 104
1552 134
1553 184
1554 136
1555 97
1556 243
1557 133
1558 103
1559 103
1560 103
1561 136
1562 98
1563 124
1564 136
1565 124
1566 197
1567 123
1568 267
1569 213
1570 104
1571 100
1572 214
1573 107
1574 103
1575 103
1576 101
1577 104
1578 116
1579 212
1580 128
1581 129
1582 105
1583 223
1584 182
1585 98
1586 104
1587 103
1588 101
1589 102
1590 104
1591 102
1592 102
1593 104
1594 101
1595 95
1596 98
1597 134
1598 210
1599 99
1600 263
1601 218
1602 128
1603 121
1604 102
1605 98
1606 124
1607 104
1608 98
1609 99
1610 136
1611 134
1612 212
1613 188
1614 100
1615 214
1616 96
1617 214
1618 212
1619 107
1620 214
1621 213
1622 279
1623 100
1624 108
1625 191
1626 181
1627 130
1628 97
1629 244
1630 105
1631 103
1632 104
1633 107
1634 104
1635 125
1636 105
1637 178
1638 104
1639 243
1640 105
1641 104
1642 99
1643 212
1644 214
1645 97
1646 99
1647 97
1648 96
1649 98
1650 214
1651 213
1652 96
1653 212
1654 217
1655 214
1656 188
1657 105
1658 98
1659 104
1660 105
1661 100
1662 106
1663 105
1664 124
1665 136
1666 103
1667 122
1668 216
1669 98
1670 128
1671 135
1672 101
1673 98
1674 213
1675 98
1676 123
1677 288
1678 103
1679 100
1680 122
1681 209
1682 213
1683 255
1684 101
1685 102
1686 144
1687 122
1688 155
1689 202
1690 321
1691 104
1692 103
1693 104
1694 98
1695 104
1696 104
1697 99
1698 104
1699 95
1700 98
1701 101
1702 108
1703 136
1704 187
1705 185
1706 240
1707 127
1708 106
1709 213
1710 212
1711 103
1712 212
1713 315
1714 301
1715 107
1716 97
1717 211
1718 349
1719 101
1720 98
1721 178
1722 250
1723 102
1724 104
1725 103
1726 101
1727 101
1728 97
1729 121
1730 97
1731 135
1732 98
1733 104
1734 213
1735 97
1736 135
1737 324
1738 212
1739 106
1740 98
1741 187
1742 211
1743 100
1744 133
1745 96
1746 122
1747 98
1748 123
1749 201
1750 101
1751 137
1752 102
1753 97
1754 180
1755 214
1756 99
1757 207
1758 186
1759 99
1760 183
1761 326
1762 103
1763 126
1764 210
1765 101
1766 102
1767 217
1768 238
1769 181
1770 99
1771 195
1772 97
1773 189
1774 200
1775 102
1776 222
1777 97
1778 212
1779 106
1780 99
1781 133
1782 99
1783 244
1784 215
1785 311
1786 192
1787 105
1788 190
1789 213
1790 96
1791 100
1792 105
1793 208
1794 186
1795 107
1796 196
1797 211
1798 100
1799 98
1800 106
1801 98
1802 98
1803 212
1804 100
1805 135
1806 104
1807 100
1808 124
1809 180
1810 186
1811 103
1812 96
1813 105
1814 128
1815 185
1816 122
1817 186
1818 213
1819 98
1820 104
1821 105
1822 98
1823 217
1824 212
1825 209
1826 104
1827 213
1828 215
1829 100
1830 185
1831 237
1832 98
1833 189
1834 98
1835 105
1836 100
1837 104
1838 98
1839 98
1840 278
1841 212
1842 98
1843 100
1844 228
1845 186
1846 215
1847 185
1848 198
1849 98
1850 98
1851 221
1852 97
1853 178
1854 98
1855 100
1856 105
1857 212
1858 100
1859 102
1860 102
1861 103
1862 104
1863 98
1864 134
1865 129
1866 188
1867 106
1868 98
1869 125
1870 98
1871 188
1872 214
1873 102
1874 105
1875 104
1876 105
1877 131
1878 98
1879 215
1880 104
1881 104
1882 98
1883 97
1884 108
1885 100
1886 99
1887 99
1888 99
1889 182
1890 98
1891 97
1892 104
1893 185
1894 187
1895 107
1896 100
1897 127
1898 98
1899 186
1900 229
1901 184
1902 184
1903 101
1904 100
1905 123
1906 122
1907 98
1908 99
1909 98
1910 97
1911 127
1912 98
1913 97
1914 98
1915 102
1916 189
1917 102
1918 101
1919 104
1920 97
1921 104
1922 186
1923 102
1924 98
1925 209
1926 100
1927 99
1928 125
1929 204
1930 201
1931 98
1932 127
1933 97
1934 98
1935 95
1936 288
1937 124
1938 98
1939 103
1940 106
1941 131
1942 102
1943 213
1944 104
1945 106
1946 97
1947 100
1948 96
1949 99
1950 96
1951 215
1952 108
1953 177
1954 98
1955 186
1956 185
1957 98
1958 187
1959 186
1960 102
1961 206
1962 97
1963 107
1964 96
1965 102
1966 210
1967 122
1968 97
1969 99
1970 98
1971 96
1972 98
1973 102
1974 97
1975 97
1976 203
1977 186
1978 219
1979 99
1980 204
1981 104
1982 97
1983 99
1984 99
1985 99
1986 96
1987 218
1988 186
1989 101
1990 196
1991 239
1992 211
1993 96
1994 97
1995 95
1996 99
1997 100
1998 103
1999 104
2000 107
2001 106
2002 99
2003 102
2004 104
2005 97
2006 184
2007 186
2008 98
2009 103
2010 101
2011 213
2012 184
2013 212
2014 186
2015 210
2016 107
2017 123
2018 102
2019 103
2020 99
2021 102
2022 99
2023 100
2024 102
2025 108
2026 97
2027 97
2028 95
2029 98
2030 107
2031 97
2032 207
2033 213
2034 186
2035 206
2036 105
2037 103
2038 97
2039 206
2040 120
2041 124
2042 136
2043 214
2044 96
2045 103
2046 97
2047 99
2048 104
2049 103
2050 104
2051 98
2052 98
2053 99
2054 104
2055 106
2056 115
2057 211
2058 185
2059 211
2060 186
2061 185
2062 243
2063 98
2064 123
2065 214
2066 188
2067 100
2068 97
2069 100
2070 108
2071 98
2072 98
2073 97
2074 98
2075 99
2076 102
2077 96
2078 97
2079 98
2080 99
2081 102
2082 127
2083 100
2084 126
2085 129
2086 97
2087 213
2088 187
2089 100
2090 100
2091 99
2092 211
2093 185
2094 100
2095 97
2096 99
2097 97
2098 136
2099 95
2100 98
2101 96
2102 95
2103 99
2104 101
2105 99
2106 103
2107 105
2108 107
2109 101
2110 214
2111 100
2112 188
2113 103
2114 197
2115 129
2116 229
2117 105
2118 99
2119 98
2120 240
2121 113
2122 243
2123 186
2124 104
2125 99
2126 103
2127 100
2128 187
2129 109
2130 105
2131 134
2132 97
2133 179
2134 183
2135 98
2136 188
2137 209
2138 99
2139 187
2140 97
2141 98
2142 99
2143 98
2144 99
2145 104
2146 105
2147 98
2148 124
2149 106
2150 106
2151 127
2152 99
2153 126
2154 186
2155 106
2156 103
2157 190
2158 97
2159 100
2160 136
2161 124
2162 220
2163 98
2164 102
2165 96
2166 102
2167 101
2168 99
2169 101
2170 99
2171 225
2172 105
2173 203
2174 211
2175 108
2176 110
2177 186
2178 98
2179 97
2180 98
2181 95
2182 98
2183 99
2184 100
2185 0
2186 104
2187 125
2188 103
2189 95
2190 98
2191 122
2192 225
2193 98
2194 98
2195 99
2196 100
2197 97
2198 95
2199 197
2200 107
2201 99
2202 97
2203 100
2204 103
2205 97
2206 98
2207 97
2208 212
2209 212
2210 106
2211 225
2212 196
2213 99
2214 98
2215 202
2216 98
2217 103
2218 236
2219 98
2220 98
2221 98
2222 265
2223 108
2224 211
2225 98
2226 97
2227 98
2228 235
2229 98
2230 234
2231 99
2232 241
2233 114
2234 98
2235 249
2236 267
2237 242
2238 109
2239 214
2240 93
2241 103
2242 98
2243 98
2244 99
2245 185
2246 124
2247 230
2248 187
2249 214
2250 181
2251 222
2252 136
2253 109
2254 240
2255 233
2256 233
2257 100
2258 99
2259 105
2260 100
2261 96
2262 98
2263 238
2264 98
2265 135
2266 98
2267 99
2268 97
2269 128
2270 222
2271 184
2272 200
2273 106
2274 99
2275 212
2276 251
2277 219
2278 192
2279 228
2280 99
2281 98
2282 97
2283 96
2284 0
2285 106
2286 104
2287 97
2288 100
2289 98
2290 202
2291 203
2292 125
2293 213
2294 98
2295 104
2296 98
2297 236
2298 196
2299 287
2300 189
2301 99
2302 240
2303 282
2304 229
2305 97
2306 202
2307 227
2308 99
2309 98
2310 123
2311 205
2312 198
2313 199
2314 98
2315 204
2316 97
2317 193
2318 196
2319 201
2320 225
2321 98
2322 97
2323 0
2324 98
2325 99
2326 101
2327 99
2328 100
2329 200
2330 126
2331 100
2332 103
2333 226
2334 225
2335 203
2336 99
2337 99
2338 197
2339 198
2340 96
2341 104
2342 0
2343 0
2344 98
2345 98
2346 99
2347 97
2348 101
2349 104
2350 98
2351 264
2352 235
2353 97
2354 211
2355 95
2356 99
2357 107
2358 126
2359 0
2360 97
2361 100
2362 106
2363 105
2364 102
2365 100
2366 99
2367 213
2368 99
2369 106
2370 203
2371 203
2372 206
2373 226
2374 244
2375 235
2376 234
2377 123
2378 106
2379 201
2380 104
2381 101
2382 246
2383 101
2384 100
2385 102
2386 248
2387 212
2388 338
2389 98
2390 99
2391 245
2392 241
2393 134
2394 225
2395 125
2396 105
2397 99
2398 97
2399 97
2400 192
2401 98
2402 100
2403 97
2404 96
2405 97
2406 340
2407 99
2408 129
2409 103
2410 96
2411 212
2412 101
2413 238
2414 117
2415 105
2416 99
2417 184
2418 128
2419 99
2420 99
2421 97
2422 313
2423 195
2424 97
2425 213
2426 101
2427 109
2428 202
2429 99
2430 231
2431 98
2432 204
2433 216
2434 98
2435 98
2436 99
2437 100
2438 98
2439 99
2440 122
2441 97
2442 99
2443 108
2444 223
2445 103
2446 99
2447 242
2448 98
2449 132
2450 98
2451 704
2452 99
2453 243
2454 243
2455 238
2456 97
2457 199
2458 246
2459 108
2460 243
2461 181
2462 325
2463 99
2464 98
2465 202
2466 96
2467 185
2468 105
2469 186
2470 225
2471 97
2472 185
2473 97
2474 96
2475 243
2476 0
2477 101
2478 103
2479 102
2480 106
2481 234
2482 97
2483 100
2484 95
2485 98
2486 97
2487 205
2488 199
2489 217
2490 345
2491 101
2492 98
2493 106
2494 99
2495 98
2496 98
2497 100
2498 96
2499 99
2500 101
2501 101
2502 100
2503 219
2504 98
2505 137
2506 291
2507 125
2508 100
2509 95
2510 98
2511 101
2512 124
2513 100
2514 0
2515 101
2516 98
2517 103
2518 0
2519 264
2520 101
2521 120
2522 242
2523 115
2524 263
2525 187
2526 187
2527 103
2528 0
2529 266
2530 97
2531 153
2532 191
2533 313
2534 211
2535 330
2536 244
2537 130
2538 98
2539 97
2540 99
2541 125
2542 203
2543 104
2544 104
2545 134
2546 212
2547 98
2548 186
2549 222
2550 225
2551 103
2552 180
2553 100
2554 102
2555 101
2556 0
2557 227
2558 189
2559 104
2560 97
2561 100
2562 105
2563 94
2564 202
2565 97
2566 185
2567 228
2568 99
2569 101
2570 98
2571 105
2572 0
2573 267
2574 106
2575 185
2576 98
2577 98
2578 99
2579 97
2580 0
