0 195
1 3
2 20
3 8
4 62
5 116
6 6
7 7
8 3
9 10
10 47
11 166
12 27
13 106
14 296
15 112
16 201
17 39
18 22
19 485
20 4
21 65
22 35
23 322
24 2
25 119
26 9
27 13
28 10
29 35
30 6
31 19
32 4
33 105
34 19
35 176
36 17
37 48
38 27
39 35
40 66
41 18
42 23
43 20
44 245
45 5
46 17
47 11
48 20
49 209
50 109
51 29
52 194
53 198
54 189
55 18
56 39
57 128
58 197
59 19
60 44
61 247
62 190
63 22
64 31
65 472
66 52
67 166
68 88
69 8
70 39
71 37
72 12
73 7
74 181
75 319
76 16
77 144
78 334
79 317
80 31
81 8
82 133
83 70
84 24
85 9
86 141
87 473
88 400
89 13
90 10
91 13
92 24
93 142
94 41
95 2
96 39
97 222
98 56
99 251
100 6
101 19
102 166
103 179
104 39
105 72
106 243
107 75
108 215
109 201
110 15
111 81
112 109
113 42
114 152
115 74
116 230
117 37
118 25
119 113
120 5
121 94
122 403
123 115
124 42
125 10
126 32
127 40
128 57
129 101
130 47
131 109
132 29
133 0
134 18
135 349
136 174
137 814
138 56
139 57
140 310
141 266
142 48
143 44
144 5
145 16
146 216
147 51
148 287
149 172
150 75
151 0
152 4
153 85
154 64
155 108
156 44
157 77
158 751
159 104
160 45
161 55
162 5
163 130
164 128
165 179
166 255
167 138
168 72
169 54
170 335
171 193
172 76
173 50
174 295
175 559
176 362
177 47
178 103
179 5
180 345
181 30
182 813
183 415
184 164
185 133
186 644
187 573
188 310
189 41
190 63
191 4
192 6
193 16
194 8
195 4
196 314
197 181
198 28
199 262
200 200
201 180
202 68
203 319
204 200
205 455
206 701
207 160
208 101
209 6
210 494
211 14
212 64
213 156
214 0
215 372
216 24
217 90
218 118
219 563
220 130
221 433
222 414
223 379
224 642
225 351
226 312
227 56
228 5
229 66
230 15
231 6
232 0
233 36
234 0
235 53
236 0
237 6
238 190
239 766
240 30
241 760
242 442
243 72
244 474
245 110
246 184
247 8
248 121
249 81
250 69
251 21
252 44
253 0
254 18
255 79
256 1123
257 372
258 69
259 10
260 1
261 2
262 26
263 196
264 33
265 78
266 23
267 68
268 29
269 4
270 126
271 262
272 78
273 1
274 34
275 29
276 32
277 19
278 57
279 203
280 26
281 7
282 101
283 722
284 20
285 22
286 78
287 60
288 74
289 40
290 629
291 145
292 844
293 296
294 10
295 174
296 236
297 93
298 116
299 57
300 151
301 118
302 186
303 154
304 760
305 230
306 169
307 372
308 3
309 203
310 150
311 214
312 277
313 44
314 47
315 272
316 230
317 291
318 638
319 25
320 102
321 133
322 36
323 59
324 4
325 14
326 58
327 28
328 12
329 4
330 30
331 158
332 47
333 338
334 428
335 376
336 42
337 150
338 539
339 318
340 5
341 17
342 26
343 8
344 32
345 14
346 104
347 19
348 303
349 100
350 150
351 627
352 102
353 22
354 3
355 11
356 11
357 163
358 4
359 184
360 201
361 504
362 684
363 22
364 0
365 4
366 57
367 101
368 221
369 262
370 97
371 62
372 64
373 99
374 48
375 63
376 145
377 9
378 35
379 160
380 174
381 3
382 153
383 11
384 135
385 221
386 3
387 7
388 195
389 265
390 412
391 269
392 459
393 14
394 255
395 109
396 479
397 163
398 2
399 316
400 20
401 144
402 79
403 85
404 232
405 188
406 426
407 328
408 97
409 9
410 39
411 82
412 142
413 631
414 405
415 25
416 73
417 141
418 25
419 104
420 49
421 25
422 264
423 249
424 345
425 152
426 119
427 50
428 216
429 13
430 498
431 28
432 46
433 85
434 11
435 30
436 417
437 610
438 791
439 300
440 470
441 380
442 175
443 659
444 110
445 96
446 73
447 19
448 314
449 115
450 235
451 138
452 230
453 406
454 435
455 69
456 270
457 565
458 358
459 3
460 16
461 426
462 324
463 197
464 203
465 141
466 33
467 328
468 203
469 443
470 523
471 582
472 356
473 209
474 405
475 135
476 29
477 52
478 18
479 74
480 48
481 82
482 111
483 22
484 317
485 97
486 169
487 243
488 102
489 449
490 127
491 84
492 446
493 830
494 77
495 178
496 103
497 52
498 479
499 158
500 147
501 141
502 115
503 53
504 20
505 156
506 255
507 38
508 29
509 695
510 59
511 93
512 326
513 535
514 213
515 341
516 172
517 126
518 8
519 124
520 571
521 476
522 18
523 88
524 107
525 13
526 10
527 49
528 190
529 49
530 33
531 57
532 401
533 382
534 43
535 318
536 333
537 55
538 51
539 263
540 43
541 88
542 39
543 315
544 340
545 19
546 175
547 2
548 258
549 14
550 126
551 33
552 338
553 343
554 506
555 451
556 90
557 51
558 125
559 244
560 67
561 191
562 79
563 10
564 8
565 7
566 0
567 63
568 30
569 11
570 52
571 245
572 156
573 99
574 37
575 262
576 79
577 123
578 141
579 85
580 35
581 12
582 23
583 126
584 211
585 183
586 148
587 54
588 314
589 656
590 20
591 14
592 133
593 16
594 24
595 65
596 53
597 34
598 371
599 512
600 346
601 759
602 156
603 121
604 87
605 52
606 165
607 166
608 320
609 93
610 231
611 124
612 365
613 230
614 555
615 381
616 337
617 9
618 31
619 17
620 60
621 9
622 117
623 60
624 69
625 446
626 210
627 569
628 365
629 288
630 472
631 67
632 118
633 88
634 136
635 81
636 208
637 12
638 109
639 240
640 32
641 209
642 192
643 514
644 100
645 394
646 218
647 30
648 30
649 3
650 2
651 145
652 203
653 97
654 92
655 123
656 79
657 32
658 388
659 284
660 27
661 194
662 25
663 269
664 49
665 27
666 224
667 176
668 16
669 97
670 164
671 371
672 45
673 27
674 56
675 14
676 280
677 374
678 266
679 153
680 422
681 361
682 18
683 88
684 56
685 156
686 43
687 6
688 9
689 101
690 431
691 245
692 152
693 6
694 44
695 62
696 65
697 44
698 35
699 149
700 85
701 102
702 186
703 18
704 50
705 319
706 476
707 203
708 18
709 220
710 16
711 2
712 38
713 33
714 0
715 33
716 164
717 643
718 299
719 252
720 616
721 131
722 75
723 8
724 104
725 65
726 134
727 100
728 96
729 225
730 144
731 316
732 54
733 137
734 172
735 69
736 222
737 166
738 400
739 435
740 160
741 107
742 10
743 74
744 306
745 12
746 5
747 3
748 256
749 104
750 696
751 27
752 306
753 81
754 248
755 21
756 120
757 57
758 102
759 393
760 191
761 62
762 172
763 65
764 492
765 149
766 152
767 135
768 8
769 77
770 486
771 69
772 29
773 0
774 116
775 196
776 111
777 120
778 114
779 15
780 4
781 36
782 119
783 63
784 169
785 82
786 284
787 188
788 39
789 398
790 50
791 56
792 106
793 235
794 215
795 0
796 226
797 293
798 137
799 78
800 41
801 2
802 76
803 6
804 17
805 13
806 466
807 194
808 114
809 315
810 178
811 44
812 143
813 151
814 41
815 15
816 0
817 0
818 78
819 340
820 373
821 371
822 150
823 211
824 45
825 153
826 60
827 298
828 185
829 102
830 83
831 131
832 187
833 227
834 236
835 108
836 161
837 70
838 66
839 27
840 5
841 35
842 28
843 0
844 99
845 171
846 175
847 285
848 176
849 52
850 234
851 7
852 224
853 48
854 21
855 149
856 51
857 289
858 264
859 47
860 46
861 119
862 251
863 68
864 100
865 154
866 44
867 134
868 36
869 33
870 69
871 24
872 8
873 25
874 1
875 4
876 37
877 437
878 168
879 130
880 564
881 360
882 55
883 41
884 206
885 24
886 46
887 33
888 129
889 664
890 60
891 58
892 150
893 66
894 56
895 119
896 73
897 146
898 44
899 27
900 0
901 6
902 56
903 725
904 330
905 65
906 313
907 429
908 321
909 14
910 33
911 235
912 10
913 16
914 96
915 275
916 19
917 109
918 266
919 75
920 264
921 344
922 113
923 23
924 59
925 16
926 50
927 130
928 0
929 13
930 176
931 532
932 185
933 537
934 255
935 406
936 66
937 44
938 235
939 93
940 348
941 139
942 0
943 27
944 297
945 383
946 127
947 11
948 4
949 255
950 180
951 19
952 144
953 320
954 138
955 542
956 594
957 121
958 75
959 198
960 115
961 17
962 65
963 192
964 222
965 54
966 161
967 128
968 159
969 392
970 160
971 9
972 139
973 323
974 98
975 175
976 36
977 20
978 702
979 105
980 620
981 650
982 126
983 64
984 398
985 338
986 93
987 28
988 0
989 7
990 21
991 55
992 79
993 484
994 245
995 72
996 142
997 42
998 73
999 140
1000 63
1001 165
1002 289
1003 6
1004 2
1005 8
1006 3
1007 266
1008 480
1009 2
1010 78
1011 44
1012 24
1013 0
1014 3
1015 8
1016 130
1017 376
1018 39
1019 316
1020 265
1021 446
1022 284
1023 115
1024 162
1025 54
1026 213
1027 534
1028 114
1029 40
1030 42
1031 282
1032 10
1033 21
1034 84
1035 162
1036 82
1037 44
1038 439
1039 261
1040 399
1041 223
1042 16
1043 137
1044 56
1045 88
1046 189
1047 146
1048 201
1049 31
1050 34
1051 4
1052 8
1053 9
1054 19
1055 71
1056 93
1057 158
1058 233
1059 389
1060 393
1061 85
1062 0
1063 23
1064 0
1065 30
1066 22
1067 105
1068 36
1069 94
1070 91
1071 48
1072 358
1073 134
1074 266
1075 30
1076 42
1077 4
1078 160
1079 27
1080 300
1081 181
1082 66
1083 131
1084 115
1085 44
1086 5
1087 25
1088 7
1089 12
1090 289
1091 463
1092 351
1093 501
1094 232
1095 39
1096 90
1097 31
1098 101
1099 536
1100 17
1101 36
1102 44
1103 86
1104 26
1105 48
1106 526
1107 513
1108 95
1109 9
1110 1023
1111 266
1112 31
1113 191
1114 343
1115 33
1116 8
1117 50
1118 46
1119 379
1120 349
1121 313
1122 44
1123 18
1124 88
1125 14
1126 101
1127 4
1128 129
1129 199
1130 11
1131 8
1132 2
1133 150
1134 94
1135 55
1136 1
1137 0
1138 4
1139 246
1140 1060
1141 627
1142 249
1143 8
1144 33
1145 3
1146 69
1147 2
1148 19
1149 393
1150 624
1151 58
1152 66
1153 89
1154 157
1155 517
1156 340
1157 242
1158 66
1159 30
1160 66
1161 26
1162 127
1163 1
1164 11
1165 4
1166 110
1167 151
1168 347
1169 55
1170 354
1171 5
1172 5
1173 59
1174 16
1175 23
1176 248
1177 516
1178 67
1179 421
1180 39
1181 288
1182 204
1183 392
1184 150
1185 327
1186 184
1187 130
1188 23
1189 8
1190 8
1191 172
1192 173
1193 11
1194 44
1195 15
1196 48
1197 14
1198 145
1199 141
1200 76
1201 12
1202 5
1203 423
1204 37
1205 17
1206 75
1207 15
1208 117
1209 68
1210 298
1211 260
1212 629
1213 51
1214 170
1215 341
1216 154
1217 626
1218 301
1219 60
1220 205
1221 118
1222 51
1223 146
1224 128
1225 41
1226 100
1227 31
1228 152
1229 273
1230 102
1231 15
1232 83
1233 162
1234 191
1235 559
1236 116
1237 137
1238 208
1239 7
1240 77
1241 2
1242 23
1243 221
1244 9
1245 109
1246 68
1247 209
1248 468
1249 720
1250 47
1251 296
1252 496
1253 649
1254 1027
1255 153
1256 121
1257 47
1258 300
1259 32
1260 113
1261 42
1262 117
1263 134
1264 338
1265 253
1266 163
1267 48
1268 15
1269 15
1270 27
1271 71
1272 132
1273 136
1274 884
1275 395
1276 33
1277 74
1278 84
1279 105
1280 12
1281 16
1282 11
1283 8
1284 6
1285 3
1286 229
1287 467
1288 136
1289 383
1290 329
1291 334
1292 161
1293 194
1294 2630
1295 927
1296 105
1297 27
1298 120
1299 318
1300 55
1301 3
1302 84
1303 164
1304 486
1305 102
1306 64
1307 297
1308 228
1309 201
1310 47
1311 160
1312 5
1313 5
1314 8
1315 434
1316 384
1317 402
1318 511
1319 475
1320 461
1321 833
1322 476
1323 71
1324 57
1325 135
1326 32
1327 55
1328 3
1329 101
1330 49
1331 135
1332 546
1333 149
1334 44
1335 121
1336 111
1337 336
1338 258
1339 923
1340 1204
1341 197
1342 80
1343 316
1344 379
1345 79
1346 59
1347 45
1348 32
1349 97
1350 483
1351 42
1352 20
1353 434
1354 54
1355 234
1356 214
1357 63
1358 79
1359 250
1360 36
1361 4
1362 7
1363 187
1364 648
1365 754
1366 158
1367 219
1368 222
1369 500
1370 359
1371 349
1372 2
1373 50
1374 6
1375 6
1376 25
1377 40
1378 119
1379 496
1380 543
1381 70
1382 88
1383 102
1384 232
1385 117
1386 337
1387 940
1388 285
1389 44
1390 320
1391 267
1392 61
1393 75
1394 41
1395 151
1396 157
1397 117
1398 3
1399 49
1400 338
1401 221
1402 174
1403 234
1404 194
1405 85
1406 93
1407 262
1408 253
1409 297
1410 248
1411 102
1412 96
1413 0
1414 55
1415 30
1416 229
1417 318
1418 202
1419 517
1420 241
1421 626
1422 162
1423 13
1424 62
1425 12
1426 57
1427 236
1428 684
1429 951
1430 570
1431 767
1432 540
1433 229
1434 268
1435 343
1436 241
1437 555
1438 13
1439 4
1440 159
1441 152
1442 885
1443 151
1444 153
1445 341
1446 480
1447 109
1448 148
1449 76
1450 68
1451 564
1452 114
1453 336
1454 202
1455 31
1456 153
1457 602
1458 21
1459 581
1460 185
1461 95
1462 58
1463 107
1464 6
1465 96
1466 166
1467 150
1468 43
1469 42
1470 16
1471 3
1472 32
1473 38
1474 32
1475 183
1476 858
1477 1547
1478 618
1479 478
1480 655
1481 532
1482 111
1483 385
1484 278
1485 5
1486 88
1487 34
1488 273
1489 229
1490 1014
1491 252
1492 131
1493 267
1494 297
1495 77
1496 459
1497 565
1498 74
1499 200
1500 366
1501 99
1502 147
1503 60
1504 251
1505 454
1506 73
1507 157
1508 405
1509 90
1510 161
1511 24
1512 34
1513 82
1514 597
1515 208
1516 116
1517 20
1518 1
1519 0
1520 8
1521 20
1522 31
1523 25
1524 244
1525 874
1526 610
1527 1759
1528 1295
1529 888
1530 318
1531 14
1532 140
1533 493
1534 39
1535 264
1536 164
1537 168
1538 308
1539 205
1540 18
1541 243
1542 62
1543 173
1544 962
1545 549
1546 628
1547 287
1548 92
1549 217
1550 427
1551 114
1552 100
1553 186
1554 98
1555 111
1556 532
1557 974
1558 105
1559 110
1560 194
1561 616
1562 400
1563 361
1564 10
1565 30
1566 168
1567 169
1568 468
1569 10
1570 22
1571 89
1572 1274
1573 2497
1574 835
1575 88
1576 821
1577 380
1578 260
1579 578
1580 703
1581 259
1582 330
1583 260
1584 171
1585 42
1586 8
1587 135
1588 416
1589 50
1590 848
1591 292
1592 214
1593 204
1594 226
1595 678
1596 474
1597 66
1598 26
1599 65
1600 629
1601 210
1602 626
1603 84
1604 56
1605 8
1606 29
1607 95
1608 3
1609 7
1610 12
1611 2
1612 194
1613 230
1614 128
1615 23
1616 306
1617 1081
1618 829
1619 1513
1620 700
1621 1121
1622 930
1623 351
1624 245
1625 43
1626 738
1627 386
1628 169
1629 411
1630 249
1631 206
1632 251
1633 206
1634 344
1635 116
1636 106
1637 181
1638 192
1639 218
1640 391
1641 94
1642 10
1643 24
1644 35
1645 690
1646 1229
1647 238
1648 437
1649 199
1650 136
1651 439
1652 1080
1653 43
1654 151
1655 480
1656 506
1657 133
1658 211
1659 322
1660 163
1661 224
1662 215
1663 58
1664 236
1665 356
1666 255
1667 567
1668 506
1669 12
1670 112
1671 126
1672 3
1673 30
1674 9
1675 17
1676 15
1677 1239
1678 815
1679 647
1680 705
1681 254
1682 388
1683 390
1684 218
1685 487
1686 305
1687 120
1688 181
1689 271
1690 116
1691 290
1692 74
1693 178
1694 284
1695 27
1696 130
1697 34
1698 68
1699 86
1700 36
1701 595
1702 69
1703 194
1704 3
1705 8
1706 45
1707 156
1708 11
1709 222
1710 1125
1711 346
1712 218
1713 173
1714 179
1715 493
1716 344
1717 255
1718 78
1719 155
1720 26
1721 183
1722 48
1723 41
1724 75
1725 54
1726 166
1727 119
1728 411
1729 346
1730 25
1731 48
1732 19
1733 150
1734 69
1735 15
1736 112
1737 251
1738 445
1739 425
1740 275
1741 98
1742 360
1743 44
1744 176
1745 286
1746 142
1747 10
1748 32
1749 57
1750 96
1751 269
1752 388
1753 42
1754 24
1755 129
1756 79
1757 98
1758 160
1759 11
1760 10
1761 406
1762 125
1763 184
1764 201
1765 206
1766 121
1767 434
1768 238
1769 8
1770 45
1771 110
1772 208
1773 398
1774 175
1775 142
1776 156
1777 212
1778 385
1779 10
1780 61
1781 3
1782 221
1783 20
1784 78
1785 117
1786 16
1787 281
1788 148
1789 67
1790 200
1791 12
1792 286
1793 126
1794 27
1795 0
1796 60
1797 499
1798 454
1799 880
1800 726
1801 213
1802 266
1803 74
1804 159
1805 686
1806 669
1807 159
1808 187
1809 10
1810 234
1811 118
1812 89
1813 99
1814 71
1815 90
1816 53
1817 13
1818 110
1819 34
1820 213
1821 145
1822 106
1823 134
1824 502
1825 173
1826 49
1827 169
1828 236
1829 395
1830 30
1831 313
1832 83
1833 316
1834 62
1835 412
1836 168
1837 39
1838 151
1839 70
1840 120
1841 114
1842 51
1843 171
1844 508
1845 356
1846 116
1847 140
1848 328
1849 548
1850 66
1851 42
1852 65
1853 225
1854 94
1855 281
1856 161
1857 60
1858 427
1859 513
1860 138
1861 338
1862 346
1863 18
1864 145
1865 53
1866 152
1867 1346
1868 315
1869 159
1870 47
1871 173
1872 610
1873 318
1874 102
1875 40
1876 46
1877 137
1878 172
1879 123
1880 13
1881 316
1882 497
1883 610
1884 320
1885 141
1886 58
1887 60
1888 12
1889 275
1890 297
1891 92
1892 189
1893 208
1894 848
1895 884
1896 372
1897 101
1898 89
1899 73
1900 390
1901 252
1902 48
1903 545
1904 178
1905 269
1906 180
1907 263
1908 144
1909 168
1910 165
1911 232
1912 453
1913 218
1914 46
1915 18
1916 32
1917 278
1918 125
1919 297
1920 116
1921 223
1922 53
1923 242
1924 230
1925 252
1926 47
1927 50
1928 57
1929 65
1930 132
1931 223
1932 85
1933 32
1934 108
1935 250
1936 325
1937 46
1938 37
1939 78
1940 299
1941 248
1942 650
1943 521
1944 84
1945 101
1946 117
1947 20
1948 127
1949 98
1950 95
1951 305
1952 189
1953 325
1954 166
1955 473
1956 74
1957 178
1958 259
1959 144
1960 98
1961 34
1962 7
1963 51
1964 534
1965 568
1966 55
1967 303
1968 515
1969 237
1970 112
1971 220
1972 468
1973 64
1974 128
1975 285
1976 121
1977 0
1978 28
1979 21
1980 268
1981 490
1982 215
1983 55
1984 99
1985 462
1986 212
1987 23
1988 38
1989 341
1990 172
1991 223
1992 183
1993 88
1994 204
1995 456
1996 711
1997 247
1998 131
1999 299
2000 292
2001 14
2002 53
2003 151
2004 447
2005 223
2006 109
2007 168
2008 124
2009 180
2010 203
2011 264
2012 56
2013 49
2014 298
2015 248
2016 442
2017 567
2018 46
2019 400
2020 145
2021 121
2022 91
2023 426
2024 651
2025 18
2026 153
2027 137
2028 153
2029 82
2030 263
2031 371
2032 235
2033 85
2034 243
2035 358
2036 522
2037 191
2038 160
2039 126
2040 86
2041 70
2042 104
2043 366
2044 75
2045 159
2046 144
2047 145
2048 427
2049 521
2050 340
2051 339
2052 31
2053 39
2054 228
2055 729
2056 110
2057 141
2058 144
2059 160
2060 150
2061 312
2062 225
2063 190
2064 51
2065 36
2066 335
2067 236
2068 13
2069 365
2070 97
2071 188
2072 430
2073 371
2074 183
2075 265
2076 402
2077 102
2078 7
2079 50
2080 255
2081 480
2082 318
2083 249
2084 160
2085 113
2086 283
2087 212
2088 319
2089 265
2090 187
2091 131
2092 111
2093 125
2094 212
2095 718
2096 201
2097 779
2098 386
2099 214
2100 101
2101 52
2102 13
2103 544
2104 506
2105 224
2106 9
2107 11
2108 86
2109 64
2110 394
2111 260
2112 402
2113 219
2114 149
2115 257
2116 174
2117 150
2118 478
2119 482
2120 90
2121 102
2122 32
2123 38
2124 420
2125 52
2126 257
2127 272
2128 394
2129 127
2130 180
2131 445
2132 524
2133 67
2134 3
2135 51
2136 15
2137 285
2138 545
2139 140
2140 47
2141 7
2142 9
2143 13
2144 355
2145 382
2146 145
2147 68
2148 533
2149 236
2150 586
2151 82
2152 354
2153 445
2154 347
2155 110
2156 25
2157 39
2158 26
2159 166
2160 463
2161 455
2162 2
2163 18
2164 85
2165 369
2166 186
2167 143
2168 89
2169 229
2170 83
2171 36
2172 292
2173 190
2174 15
2175 123
2176 11
2177 226
2178 42
2179 94
2180 47
2181 125
2182 93
2183 161
2184 52
2185 0
2186 7
2187 261
2188 122
2189 94
2190 304
2191 245
2192 100
2193 362
2194 59
2195 19
2196 5
2197 52
2198 29
2199 171
2200 104
2201 189
2202 245
2203 361
2204 60
2205 352
2206 367
2207 97
2208 15
2209 163
2210 140
2211 294
2212 551
2213 462
2214 78
2215 109
2216 19
2217 43
2218 24
2219 51
2220 190
2221 7
2222 10
2223 102
2224 244
2225 54
2226 40
2227 375
2228 296
2229 267
2230 317
2231 35
2232 119
2233 169
2234 10
2235 47
2236 17
2237 124
2238 44
2239 8
2240 2
2241 29
2242 16
2243 421
2244 197
2245 41
2246 77
2247 314
2248 562
2249 82
2250 429
2251 198
2252 60
2253 145
2254 462
2255 227
2256 302
2257 85
2258 16
2259 52
2260 323
2261 56
2262 28
2263 10
2264 11
2265 114
2266 563
2267 418
2268 382
2269 521
2270 524
2271 291
2272 13
2273 62
2274 623
2275 452
2276 212
2277 479
2278 128
2279 37
2280 25
2281 384
2282 526
2283 57
2284 0
2285 47
2286 287
2287 62
2288 100
2289 106
2290 437
2291 629
2292 55
2293 11
2294 483
2295 407
2296 108
2297 212
2298 127
2299 16
2300 206
2301 331
2302 167
2303 7
2304 94
2305 23
2306 59
2307 161
2308 476
2309 161
2310 151
2311 150
2312 114
2313 106
2314 221
2315 121
2316 566
2317 186
2318 4
2319 71
2320 408
2321 248
2322 199
2323 0
2324 3
2325 54
2326 478
2327 771
2328 145
2329 34
2330 51
2331 23
2332 96
2333 93
2334 731
2335 915
2336 108
2337 23
2338 113
2339 247
2340 213
2341 63
2342 3
2343 0
2344 168
2345 340
2346 176
2347 260
2348 40
2349 155
2350 223
2351 360
2352 306
2353 496
2354 284
2355 70
2356 215
2357 78
2358 30
2359 2
2360 10
2361 5
2362 9
2363 462
2364 403
2365 50
2366 342
2367 265
2368 74
2369 181
2370 325
2371 214
2372 179
2373 114
2374 13
2375 226
2376 335
2377 8
2378 5
2379 45
2380 72
2381 17
2382 418
2383 231
2384 158
2385 575
2386 159
2387 408
2388 697
2389 404
2390 267
2391 486
2392 69
2393 64
2394 442
2395 156
2396 55
2397 11
2398 388
2399 11
2400 41
2401 247
2402 940
2403 71
2404 127
2405 327
2406 431
2407 301
2408 163
2409 229
2410 150
2411 347
2412 232
2413 54
2414 3
2415 102
2416 29
2417 62
2418 16
2419 254
2420 471
2421 397
2422 874
2423 121
2424 218
2425 278
2426 359
2427 444
2428 558
2429 112
2430 7
2431 123
2432 299
2433 2
2434 51
2435 144
2436 173
2437 91
2438 548
2439 61
2440 206
2441 450
2442 445
2443 189
2444 210
2445 233
2446 38
2447 2
2448 3
2449 205
2450 19
2451 57
2452 34
2453 19
2454 169
2455 163
2456 250
2457 221
2458 37
2459 140
2460 33
2461 19
2462 0
2463 23
2464 131
2465 858
2466 127
2467 4
2468 56
2469 70
2470 140
2471 98
2472 93
2473 21
2474 8
2475 9
2476 0
2477 47
2478 214
2479 18
2480 70
2481 106
2482 35
2483 97
2484 150
2485 210
2486 98
2487 308
2488 51
2489 79
2490 14
2491 5
2492 2
2493 7
2494 94
2495 193
2496 69
2497 128
2498 27
2499 138
2500 76
2501 60
2502 80
2503 390
2504 19
2505 4
2506 27
2507 7
2508 9
2509 74
2510 39
2511 63
2512 58
2513 117
2514 0
2515 0
2516 33
2517 3
2518 0
2519 11
2520 53
2521 30
2522 49
2523 138
2524 7
2525 5
2526 206
2527 99
2528 2
2529 42
2530 64
2531 31
2532 13
2533 9
2534 328
2535 406
2536 55
2537 116
2538 163
2539 28
2540 2
2541 30
2542 464
2543 125
2544 161
2545 395
2546 37
2547 17
2548 114
2549 55
2550 31
2551 18
2552 137
2553 249
2554 94
2555 3
2556 3
2557 27
2558 78
2559 63
2560 212
2561 189
2562 52
2563 140
2564 40
2565 42
2566 85
2567 39
2568 39
2569 16
2570 44
2571 29
2572 0
2573 74
2574 5
2575 176
2576 11
2577 13
2578 13
2579 8
2580 0
2581 0
2582 0
2583 0
2584 0
2585 0
2586 0
2587 0
2588 0
2589 0
2590 0
2591 0
2592 0
2593 0
2594 0
2595 0
2596 0
2597 0
2598 2
