0 30
1 0
2 4
3 2
4 9
5 0
6 0
7 1
8 0
9 0
10 7
11 23
12 3
13 0
14 50
15 17
16 33
17 6
18 0
19 82
20 0
21 10
22 4
23 51
24 0
25 19
26 1
27 1
28 2
29 5
30 0
31 0
32 0
33 18
34 4
35 31
36 0
37 7
38 4
39 4
40 14
41 2
42 3
43 3
44 40
45 0
46 3
47 2
48 2
49 36
50 15
51 3
52 27
53 27
54 31
55 2
56 5
57 23
58 35
59 1
60 7
61 37
62 31
63 2
64 6
65 80
66 8
67 27
68 12
69 0
70 5
71 6
72 1
73 0
74 31
75 51
76 0
77 21
78 50
79 54
80 6
81 0
82 20
83 11
84 2
85 0
86 23
87 71
88 56
89 2
90 0
91 1
92 3
93 22
94 5
95 0
96 6
97 33
98 8
99 0
100 0
101 4
102 28
103 33
104 6
105 12
106 42
107 12
108 31
109 32
110 0
111 15
112 18
113 7
114 26
115 14
116 34
117 5
118 5
119 19
120 0
121 16
122 64
123 18
124 8
125 2
126 4
127 4
128 10
129 16
130 7
131 16
132 5
133 0
134 2
135 66
136 30
137 130
138 7
139 9
140 48
141 44
142 8
143 8
144 0
145 2
146 35
147 7
148 44
149 27
150 12
151 0
152 0
153 14
154 12
155 17
156 4
157 12
158 109
159 19
160 0
161 11
162 1
163 21
164 21
165 29
166 36
167 19
168 13
169 8
170 46
171 30
172 10
173 0
174 49
175 86
176 56
177 7
178 18
179 0
180 57
181 6
182 126
183 60
184 25
185 23
186 105
187 86
188 54
189 6
190 12
191 0
192 0
193 2
194 0
195 1
196 47
197 35
198 6
199 40
200 32
201 31
202 9
203 46
204 30
205 65
206 110
207 30
208 18
209 0
210 76
211 2
212 0
213 25
214 0
215 59
216 0
217 16
218 18
219 87
220 23
221 73
222 75
223 61
224 103
225 61
226 51
227 10
228 1
229 0
230 3
231 0
232 0
233 6
234 0
235 8
236 0
237 0
238 29
239 119
240 3
241 121
242 75
243 12
244 75
245 16
246 30
247 0
248 19
249 15
250 13
251 2
252 6
253 0
254 3
255 17
256 186
257 53
258 10
259 0
260 0
261 0
262 3
263 28
264 4
265 0
266 3
267 10
268 3
269 1
270 19
271 43
272 11
273 0
274 6
275 3
276 5
277 3
278 10
279 30
280 4
281 0
282 17
283 117
284 0
285 3
286 12
287 9
288 11
289 7
290 97
291 27
292 141
293 43
294 0
295 25
296 39
297 13
298 18
299 0
300 24
301 16
302 33
303 23
304 127
305 40
306 20
307 67
308 0
309 34
310 24
311 31
312 39
313 7
314 6
315 43
316 32
317 54
318 106
319 3
320 15
321 23
322 6
323 8
324 1
325 2
326 11
327 4
328 2
329 0
330 3
331 27
332 7
333 53
334 67
335 61
336 6
337 28
338 81
339 54
340 1
341 0
342 5
343 1
344 5
345 0
346 20
347 1
348 49
349 18
350 21
351 105
352 19
353 3
354 0
355 0
356 1
357 21
358 0
359 33
360 28
361 85
362 112
363 4
364 0
365 0
366 8
367 17
368 40
369 37
370 15
371 9
372 9
373 17
374 9
375 10
376 19
377 0
378 5
379 26
380 27
381 0
382 25
383 1
384 18
385 32
386 0
387 0
388 31
389 0
390 69
391 43
392 83
393 1
394 39
395 16
396 77
397 29
398 0
399 53
400 3
401 19
402 10
403 11
404 0
405 26
406 64
407 54
408 20
409 0
410 5
411 12
412 20
413 105
414 59
415 4
416 13
417 25
418 4
419 16
420 7
421 4
422 47
423 39
424 58
425 21
426 21
427 6
428 26
429 2
430 81
431 3
432 9
433 13
434 2
435 4
436 68
437 90
438 119
439 40
440 76
441 64
442 33
443 106
444 18
445 16
446 12
447 0
448 53
449 16
450 0
451 19
452 0
453 69
454 72
455 12
456 45
457 101
458 55
459 1
460 2
461 75
462 47
463 31
464 39
465 22
466 5
467 52
468 36
469 67
470 88
471 98
472 58
473 32
474 64
475 19
476 5
477 9
478 2
479 11
480 8
481 15
482 19
483 4
484 52
485 16
486 27
487 40
488 0
489 75
490 23
491 14
492 69
493 126
494 15
495 28
496 16
497 6
498 84
499 24
500 22
501 24
502 16
503 5
504 2
505 24
506 39
507 5
508 4
509 107
510 8
511 16
512 52
513 81
514 34
515 54
516 26
517 18
518 1
519 18
520 88
521 84
522 2
523 15
524 18
525 1
526 3
527 8
528 31
529 7
530 5
531 9
532 74
533 64
534 8
535 52
536 46
537 10
538 6
539 38
540 6
541 15
542 5
543 54
544 0
545 1
546 28
547 0
548 41
549 3
550 22
551 3
552 55
553 59
554 0
555 67
556 15
557 6
558 21
559 38
560 12
561 29
562 10
563 0
564 0
565 1
566 0
567 10
568 4
569 0
570 11
571 38
572 23
573 12
574 5
575 42
576 13
577 20
578 26
579 11
580 4
581 1
582 4
583 20
584 33
585 28
586 25
587 9
588 57
589 111
590 2
591 1
592 20
593 4
594 2
595 11
596 7
597 5
598 61
599 80
600 57
601 121
602 25
603 15
604 13
605 0
606 29
607 30
608 54
609 16
610 42
611 19
612 51
613 37
614 90
615 0
616 63
617 0
618 4
619 2
620 9
621 0
622 19
623 9
624 12
625 74
626 31
627 93
628 0
629 45
630 0
631 11
632 18
633 0
634 22
635 12
636 34
637 2
638 21
639 41
640 5
641 30
642 30
643 88
644 15
645 69
646 38
647 4
648 5
649 1
650 0
651 27
652 31
653 15
654 17
655 18
656 14
657 7
658 67
659 45
660 3
661 28
662 3
663 44
664 6
665 5
666 36
667 29
668 2
669 16
670 31
671 65
672 8
673 5
674 8
675 1
676 44
677 63
678 46
679 27
680 65
681 60
682 5
683 13
684 9
685 31
686 8
687 0
688 0
689 20
690 67
691 35
692 21
693 0
694 6
695 10
696 13
697 5
698 5
699 26
700 13
701 19
702 26
703 2
704 8
705 56
706 76
707 34
708 4
709 32
710 0
711 0
712 4
713 5
714 0
715 5
716 29
717 104
718 49
719 0
720 103
721 19
722 11
723 1
724 18
725 11
726 21
727 15
728 15
729 37
730 20
731 53
732 8
733 21
734 29
735 11
736 40
737 26
738 61
739 63
740 31
741 15
742 2
743 11
744 48
745 1
746 1
747 0
748 42
749 15
750 106
751 5
752 49
753 14
754 41
755 0
756 20
757 8
758 11
759 60
760 34
761 10
762 27
763 9
764 73
765 31
766 20
767 20
768 1
769 12
770 85
771 11
772 8
773 0
774 21
775 30
776 20
777 20
778 21
779 2
780 0
781 5
782 21
783 11
784 29
785 11
786 42
787 31
788 8
789 66
790 8
791 9
792 14
793 38
794 38
795 0
796 36
797 54
798 23
799 11
800 8
801 0
802 12
803 0
804 2
805 1
806 75
807 30
808 18
809 55
810 28
811 8
812 24
813 24
814 6
815 2
816 0
817 0
818 12
819 59
820 60
821 55
822 26
823 31
824 0
825 29
826 10
827 52
828 27
829 18
830 13
831 24
832 27
833 33
834 40
835 16
836 23
837 12
838 9
839 3
840 0
841 5
842 4
843 0
844 14
845 25
846 0
847 50
848 31
849 8
850 40
851 0
852 35
853 8
854 4
855 22
856 0
857 50
858 44
859 6
860 10
861 16
862 38
863 11
864 16
865 25
866 7
867 18
868 3
869 6
870 14
871 4
872 0
873 5
874 0
875 0
876 7
877 71
878 22
879 22
880 92
881 59
882 7
883 9
884 34
885 2
886 6
887 5
888 20
889 115
890 9
891 10
892 23
893 4
894 9
895 23
896 13
897 22
898 8
899 3
900 0
901 0
902 7
903 122
904 50
905 11
906 50
907 0
908 52
909 0
910 5
911 39
912 0
913 3
914 20
915 0
916 2
917 15
918 41
919 15
920 39
921 54
922 17
923 4
924 9
925 1
926 9
927 19
928 0
929 1
930 26
931 89
932 32
933 88
934 43
935 68
936 0
937 8
938 40
939 16
940 52
941 21
942 0
943 2
944 52
945 60
946 19
947 0
948 0
949 45
950 0
951 3
952 25
953 44
954 23
955 91
956 104
957 18
958 12
959 32
960 14
961 2
962 12
963 32
964 33
965 9
966 27
967 17
968 23
969 63
970 22
971 0
972 17
973 56
974 18
975 31
976 4
977 3
978 118
979 17
980 103
981 106
982 18
983 10
984 61
985 0
986 14
987 6
988 0
989 0
990 5
991 12
992 0
993 75
994 40
995 11
996 27
997 5
998 17
999 22
1000 10
1001 24
1002 47
1003 0
1004 0
1005 2
1006 0
1007 41
1008 86
1009 0
1010 11
1011 6
1012 0
1013 0
1014 0
1015 0
1016 22
1017 61
1018 6
1019 56
1020 40
1021 69
1022 44
1023 17
1024 28
1025 7
1026 33
1027 90
1028 18
1029 5
1030 7
1031 48
1032 2
1033 5
1034 12
1035 24
1036 16
1037 7
1038 75
1039 44
1040 60
1041 36
1042 2
1043 20
1044 9
1045 14
1046 31
1047 24
1048 29
1049 4
1050 0
1051 0
1052 0
1053 0
1054 3
1055 16
1056 17
1057 26
1058 42
1059 65
1060 59
1061 12
1062 0
1063 3
1064 0
1065 6
1066 3
1067 17
1068 5
1069 15
1070 0
1071 11
1072 59
1073 22
1074 41
1075 4
1076 7
1077 0
1078 25
1079 4
1080 46
1081 26
1082 7
1083 24
1084 19
1085 8
1086 0
1087 4
1088 2
1089 2
1090 50
1091 82
1092 56
1093 77
1094 40
1095 6
1096 14
1097 6
1098 15
1099 91
1100 3
1101 6
1102 6
1103 16
1104 3
1105 7
1106 87
1107 80
1108 14
1109 0
1110 168
1111 41
1112 4
1113 29
1114 54
1115 6
1116 0
1117 8
1118 11
1119 62
1120 57
1121 50
1122 6
1123 2
1124 12
1125 0
1126 15
1127 0
1128 20
1129 35
1130 0
1131 2
1132 0
1133 24
1134 0
1135 10
1136 0
1137 0
1138 0
1139 45
1140 178
1141 104
1142 44
1143 0
1144 4
1145 0
1146 12
1147 0
1148 2
1149 69
1150 103
1151 9
1152 9
1153 16
1154 29
1155 77
1156 0
1157 37
1158 12
1159 4
1160 12
1161 5
1162 20
1163 0
1164 3
1165 0
1166 21
1167 28
1168 55
1169 7
1170 59
1171 0
1172 0
1173 9
1174 2
1175 4
1176 38
1177 80
1178 9
1179 64
1180 5
1181 50
1182 39
1183 0
1184 26
1185 54
1186 31
1187 20
1188 3
1189 1
1190 1
1191 26
1192 29
1193 1
1194 6
1195 2
1196 8
1197 0
1198 22
1199 21
1200 15
1201 3
1202 1
1203 71
1204 6
1205 3
1206 11
1207 3
1208 23
1209 11
1210 56
1211 44
1212 106
1213 0
1214 29
1215 56
1216 26
1217 100
1218 49
1219 10
1220 33
1221 20
1222 7
1223 21
1224 22
1225 4
1226 19
1227 5
1228 0
1229 39
1230 17
1231 0
1232 14
1233 24
1234 32
1235 91
1236 14
1237 19
1238 35
1239 0
1240 0
1241 0
1242 6
1243 41
1244 0
1245 21
1246 11
1247 33
1248 81
1249 128
1250 6
1251 52
1252 84
1253 107
1254 157
1255 0
1256 20
1257 7
1258 49
1259 0
1260 16
1261 5
1262 17
1263 24
1264 55
1265 44
1266 27
1267 0
1268 3
1269 2
1270 6
1271 11
1272 22
1273 26
1274 147
1275 61
1276 3
1277 12
1278 8
1279 16
1280 1
1281 3
1282 0
1283 1
1284 0
1285 0
1286 37
1287 77
1288 22
1289 61
1290 56
1291 53
1292 27
1293 30
1294 424
1295 153
1296 16
1297 3
1298 19
1299 46
1300 10
1301 0
1302 11
1303 22
1304 82
1305 16
1306 0
1307 51
1308 38
1309 32
1310 7
1311 26
1312 0
1313 0
1314 2
1315 77
1316 62
1317 73
1318 90
1319 71
1320 77
1321 138
1322 82
1323 11
1324 11
1325 21
1326 5
1327 9
1328 0
1329 15
1330 8
1331 24
1332 86
1333 22
1334 5
1335 19
1336 18
1337 53
1338 42
1339 156
1340 203
1341 33
1342 9
1343 43
1344 62
1345 12
1346 9
1347 0
1348 5
1349 14
1350 74
1351 7
1352 2
1353 77
1354 8
1355 39
1356 33
1357 8
1358 11
1359 40
1360 2
1361 0
1362 1
1363 28
1364 108
1365 114
1366 24
1367 31
1368 36
1369 75
1370 56
1371 59
1372 0
1373 8
1374 1
1375 0
1376 5
1377 5
1378 20
1379 73
1380 92
1381 13
1382 13
1383 17
1384 38
1385 19
1386 51
1387 164
1388 41
1389 5
1390 53
1391 0
1392 9
1393 12
1394 5
1395 27
1396 24
1397 20
1398 0
1399 10
1400 51
1401 35
1402 27
1403 34
1404 30
1405 12
1406 15
1407 45
1408 40
1409 43
1410 40
1411 0
1412 16
1413 0
1414 0
1415 4
1416 36
1417 51
1418 34
1419 88
1420 40
1421 104
1422 28
1423 0
1424 8
1425 2
1426 11
1427 34
1428 114
1429 146
1430 98
1431 134
1432 91
1433 38
1434 47
1435 57
1436 40
1437 97
1438 1
1439 0
1440 27
1441 25
1442 143
1443 26
1444 25
1445 55
1446 74
1447 16
1448 26
1449 13
1450 9
1451 95
1452 17
1453 54
1454 34
1455 5
1456 28
1457 92
1458 0
1459 94
1460 30
1461 18
1462 9
1463 19
1464 0
1465 16
1466 27
1467 23
1468 4
1469 3
1470 3
1471 0
1472 0
1473 5
1474 6
1475 29
1476 147
1477 252
1478 96
1479 74
1480 111
1481 91
1482 20
1483 61
1484 43
1485 1
1486 13
1487 5
1488 40
1489 34
1490 167
1491 42
1492 20
1493 42
1494 44
1495 13
1496 66
1497 100
1498 12
1499 30
1500 57
1501 12
1502 22
1503 9
1504 39
1505 72
1506 8
1507 0
1508 70
1509 12
1510 25
1511 5
1512 4
1513 12
1514 102
1515 32
1516 20
1517 2
1518 0
1519 0
1520 1
1521 2
1522 4
1523 3
1524 39
1525 149
1526 96
1527 284
1528 220
1529 144
1530 50
1531 1
1532 25
1533 76
1534 5
1535 47
1536 28
1537 22
1538 51
1539 0
1540 2
1541 34
1542 7
1543 28
1544 159
1545 87
1546 101
1547 52
1548 16
1549 26
1550 65
1551 19
1552 17
1553 23
1554 15
1555 21
1556 83
1557 148
1558 12
1559 18
1560 35
1561 101
1562 61
1563 62
1564 2
1565 3
1566 24
1567 26
1568 75
1569 1
1570 3
1571 13
1572 217
1573 414
1574 146
1575 15
1576 140
1577 57
1578 37
1579 95
1580 120
1581 40
1582 55
1583 47
1584 24
1585 7
1586 1
1587 0
1588 63
1589 8
1590 134
1591 42
1592 34
1593 36
1594 35
1595 114
1596 77
1597 12
1598 6
1599 13
1600 98
1601 34
1602 97
1603 11
1604 8
1605 1
1606 5
1607 13
1608 0
1609 0
1610 1
1611 0
1612 34
1613 36
1614 19
1615 4
1616 51
1617 173
1618 144
1619 247
1620 108
1621 178
1622 161
1623 57
1624 42
1625 10
1626 115
1627 60
1628 27
1629 73
1630 41
1631 33
1632 37
1633 31
1634 48
1635 19
1636 20
1637 28
1638 0
1639 31
1640 63
1641 14
1642 0
1643 6
1644 4
1645 107
1646 192
1647 36
1648 72
1649 30
1650 24
1651 66
1652 166
1653 8
1654 25
1655 74
1656 82
1657 18
1658 34
1659 52
1660 27
1661 42
1662 35
1663 9
1664 40
1665 59
1666 38
1667 91
1668 81
1669 1
1670 18
1671 20
1672 0
1673 0
1674 0
1675 3
1676 3
1677 206
1678 145
1679 108
1680 98
1681 32
1682 62
1683 63
1684 33
1685 77
1686 45
1687 23
1688 25
1689 43
1690 19
1691 49
1692 13
1693 28
1694 45
1695 0
1696 22
1697 4
1698 10
1699 13
1700 5
1701 95
1702 9
1703 31
1704 0
1705 1
1706 8
1707 30
1708 1
1709 31
1710 184
1711 56
1712 36
1713 23
1714 23
1715 78
1716 53
1717 39
1718 11
1719 22
1720 4
1721 34
1722 8
1723 7
1724 9
1725 9
1726 28
1727 23
1728 73
1729 59
1730 4
1731 8
1732 3
1733 23
1734 12
1735 2
1736 17
1737 43
1738 76
1739 70
1740 44
1741 18
1742 58
1743 5
1744 28
1745 46
1746 20
1747 1
1748 0
1749 9
1750 18
1751 49
1752 61
1753 8
1754 3
1755 0
1756 13
1757 20
1758 22
1759 0
1760 2
1761 68
1762 14
1763 32
1764 35
1765 35
1766 17
1767 69
1768 40
1769 1
1770 6
1771 17
1772 38
1773 66
1774 29
1775 23
1776 26
1777 35
1778 67
1779 3
1780 10
1781 0
1782 33
1783 2
1784 11
1785 20
1786 4
1787 44
1788 27
1789 12
1790 31
1791 2
1792 46
1793 20
1794 4
1795 0
1796 7
1797 85
1798 76
1799 150
1800 116
1801 34
1802 40
1803 10
1804 27
1805 107
1806 106
1807 22
1808 31
1809 0
1810 38
1811 20
1812 15
1813 15
1814 12
1815 17
1816 11
1817 0
1818 20
1819 4
1820 40
1821 21
1822 13
1823 24
1824 77
1825 24
1826 7
1827 30
1828 0
1829 64
1830 3
1831 53
1832 12
1833 47
1834 10
1835 0
1836 26
1837 5
1838 22
1839 0
1840 18
1841 17
1842 6
1843 28
1844 85
1845 64
1846 0
1847 25
1848 0
1849 84
1850 12
1851 5
1852 8
1853 40
1854 15
1855 42
1856 26
1857 8
1858 69
1859 91
1860 26
1861 53
1862 58
1863 0
1864 21
1865 7
1866 29
1867 224
1868 55
1869 26
1870 0
1871 26
1872 96
1873 46
1874 14
1875 6
1876 8
1877 25
1878 29
1879 16
1880 2
1881 0
1882 82
1883 103
1884 55
1885 25
1886 12
1887 12
1888 0
1889 46
1890 53
1891 14
1892 36
1893 39
1894 136
1895 0
1896 57
1897 0
1898 15
1899 13
1900 57
1901 40
1902 9
1903 92
1904 28
1905 45
1906 29
1907 38
1908 26
1909 27
1910 25
1911 40
1912 71
1913 34
1914 8
1915 4
1916 0
1917 52
1918 22
1919 46
1920 21
1921 31
1922 9
1923 43
1924 37
1925 40
1926 7
1927 10
1928 10
1929 9
1930 21
1931 36
1932 0
1933 5
1934 18
1935 46
1936 53
1937 7
1938 6
1939 12
1940 48
1941 40
1942 99
1943 84
1944 14
1945 16
1946 14
1947 4
1948 14
1949 18
1950 15
1951 54
1952 24
1953 49
1954 29
1955 77
1956 11
1957 29
1958 41
1959 24
1960 16
1961 6
1962 0
1963 9
1964 97
1965 92
1966 6
1967 0
1968 88
1969 36
1970 22
1971 35
1972 81
1973 9
1974 19
1975 51
1976 17
1977 0
1978 3
1979 5
1980 41
1981 80
1982 34
1983 8
1984 16
1985 68
1986 27
1987 0
1988 5
1989 60
1990 29
1991 38
1992 31
1993 13
1994 29
1995 78
1996 116
1997 0
1998 23
1999 46
2000 47
2001 1
2002 6
2003 23
2004 71
2005 36
2006 19
2007 24
2008 17
2009 26
2010 34
2011 49
2012 8
2013 11
2014 49
2015 36
2016 77
2017 96
2018 7
2019 58
2020 22
2021 20
2022 13
2023 66
2024 106
2025 2
2026 28
2027 0
2028 25
2029 13
2030 45
2031 54
2032 39
2033 13
2034 36
2035 55
2036 85
2037 32
2038 26
2039 0
2040 11
2041 13
2042 18
2043 67
2044 11
2045 27
2046 20
2047 22
2048 72
2049 90
2050 53
2051 60
2052 6
2053 5
2054 41
2055 121
2056 17
2057 20
2058 20
2059 25
2060 27
2061 50
2062 36
2063 36
2064 7
2065 6
2066 55
2067 33
2068 3
2069 57
2070 16
2071 26
2072 67
2073 58
2074 31
2075 40
2076 62
2077 18
2078 0
2079 11
2080 40
2081 73
2082 48
2083 33
2084 21
2085 16
2086 43
2087 30
2088 50
2089 42
2090 30
2091 22
2092 19
2093 23
2094 34
2095 119
2096 31
2097 121
2098 61
2099 36
2100 16
2101 8
2102 2
2103 80
2104 82
2105 45
2106 0
2107 1
2108 14
2109 10
2110 69
2111 43
2112 56
2113 40
2114 22
2115 37
2116 28
2117 19
2118 83
2119 75
2120 13
2121 19
2122 3
2123 6
2124 69
2125 7
2126 45
2127 44
2128 72
2129 18
2130 29
2131 75
2132 89
2133 10
2134 0
2135 9
2136 2
2137 43
2138 83
2139 23
2140 6
2141 0
2142 0
2143 1
2144 62
2145 60
2146 21
2147 14
2148 95
2149 36
2150 106
2151 13
2152 56
2153 78
2154 55
2155 17
2156 3
2157 6
2158 3
2159 26
2160 80
2161 71
2162 0
2163 1
2164 0
2165 0
2166 31
2167 23
2168 12
2169 35
2170 11
2171 6
2172 49
2173 24
2174 2
2175 16
2176 1
2177 36
2178 6
2179 12
2180 7
2181 18
2182 11
2183 23
2184 12
2185 0
2186 0
2187 45
2188 16
2189 21
2190 49
2191 39
2192 15
2193 64
2194 10
2195 0
2196 0
2197 8
2198 6
2199 29
2200 14
2201 32
2202 38
2203 60
2204 10
2205 57
2206 59
2207 15
2208 2
2209 23
2210 0
2211 0
2212 91
2213 79
2214 12
2215 17
2216 2
2217 7
2218 2
2219 8
2220 31
2221 2
2222 2
2223 15
2224 41
2225 8
2226 7
2227 55
2228 44
2229 44
2230 57
2231 5
2232 21
2233 25
2234 0
2235 7
2236 2
2237 18
2238 4
2239 1
2240 0
2241 5
2242 4
2243 63
2244 36
2245 6
2246 11
2247 50
2248 91
2249 14
2250 69
2251 30
2252 7
2253 23
2254 74
2255 32
2256 55
2257 13
2258 2
2259 8
2260 53
2261 9
2262 7
2263 2
2264 1
2265 18
2266 95
2267 72
2268 62
2269 84
2270 88
2271 42
2272 1
2273 13
2274 100
2275 74
2276 32
2277 75
2278 24
2279 6
2280 3
2281 63
2282 86
2283 8
2284 0
2285 9
2286 0
2287 7
2288 17
2289 19
2290 72
2291 111
2292 11
2293 0
2294 85
2295 66
2296 19
2297 29
2298 18
2299 3
2300 38
2301 58
2302 25
2303 0
2304 14
2305 4
2306 0
2307 27
2308 83
2309 28
2310 23
2311 23
2312 17
2313 19
2314 40
2315 20
2316 94
2317 32
2318 0
2319 11
2320 63
2321 42
2322 37
2323 0
2324 0
2325 8
2326 73
2327 119
2328 18
2329 4
2330 6
2331 3
2332 15
2333 15
2334 120
2335 143
2336 19
2337 3
2338 20
2339 36
2340 39
2341 10
2342 0
2343 0
2344 26
2345 49
2346 28
2347 49
2348 4
2349 24
2350 38
2351 52
2352 57
2353 73
2354 46
2355 11
2356 32
2357 11
2358 4
2359 0
2360 1
2361 0
2362 1
2363 73
2364 61
2365 9
2366 57
2367 45
2368 11
2369 31
2370 52
2371 32
2372 34
2373 14
2374 3
2375 39
2376 52
2377 0
2378 0
2379 6
2380 9
2381 2
2382 65
2383 31
2384 29
2385 89
2386 26
2387 67
2388 115
2389 66
2390 40
2391 84
2392 9
2393 9
2394 70
2395 0
2396 10
2397 1
2398 65
2399 3
2400 8
2401 42
2402 150
2403 14
2404 19
2405 53
2406 64
2407 50
2408 29
2409 40
2410 23
2411 59
2412 44
2413 7
2414 0
2415 0
2416 6
2417 9
2418 2
2419 42
2420 0
2421 67
2422 133
2423 21
2424 32
2425 44
2426 56
2427 70
2428 93
2429 19
2430 0
2431 18
2432 45
2433 0
2434 0
2435 21
2436 27
2437 16
2438 96
2439 10
2440 32
2441 74
2442 69
2443 29
2444 35
2445 35
2446 3
2447 0
2448 0
2449 31
2450 2
2451 11
2452 5
2453 2
2454 27
2455 25
2456 40
2457 38
2458 5
2459 24
2460 5
2461 2
2462 0
2463 3
2464 20
2465 140
2466 18
2467 0
2468 11
2469 11
2470 22
2471 13
2472 15
2473 2
2474 0
2475 1
2476 0
2477 8
2478 26
2479 3
2480 12
2481 17
2482 8
2483 15
2484 22
2485 29
2486 14
2487 53
2488 6
2489 12
2490 2
2491 0
2492 0
2493 0
2494 13
2495 31
2496 13
2497 19
2498 4
2499 21
2500 12
2501 8
2502 13
2503 66
2504 3
2505 0
2506 4
2507 2
2508 1
2509 12
2510 6
2511 13
2512 8
2513 16
2514 0
2515 0
2516 5
2517 0
2518 0
2519 0
2520 8
2521 4
2522 6
2523 23
2524 0
2525 0
2526 35
2527 16
2528 0
2529 8
2530 8
2531 5
2532 2
2533 0
2534 62
2535 63
2536 7
2537 15
2538 29
2539 0
2540 0
2541 5
2542 76
2543 21
2544 27
2545 59
2546 3
2547 2
2548 19
2549 7
2550 4
2551 3
2552 23
2553 41
2554 11
2555 0
2556 0
2557 2
2558 9
2559 8
2560 39
2561 30
2562 0
2563 24
2564 5
2565 8
2566 11
2567 0
2568 7
2569 3
2570 7
2571 6
2572 0
2573 10
2574 0
2575 25
2576 2
2577 2
2578 1
2579 0
2580 0
2581 0
2582 0
2583 0
2584 0
2585 0
2586 0
2587 0
2588 0
2589 0
2590 0
2591 0
2592 0
2593 0
2594 0
2595 0
2596 0
2597 0
2598 0
