0 173
1 528
2 196
3 357
4 399
5 316
6 237
7 187
8 608
9 463
10 203
11 178
12 205
13 185
14 181
15 320
16 181
17 372
18 185
19 182
20 186
21 181
22 371
23 177
24 481
25 385
26 168
27 176
28 443
29 242
30 183
31 170
32 604
33 196
34 395
35 184
36 385
37 313
38 180
39 181
40 184
41 174
42 186
43 185
44 204
45 404
46 177
47 406
48 329
49 184
50 181
51 322
52 182
53 180
54 182
55 181
56 174
57 180
58 190
59 182
60 328
61 182
62 181
63 430
64 183
65 183
66 373
67 182
68 179
69 441
70 183
71 176
72 500
73 548
74 182
75 183
76 183
77 181
78 368
79 183
80 184
81 449
82 312
83 178
84 384
85 326
86 185
87 178
88 180
89 233
90 173
91 326
92 176
93 316
94 171
95 178
96 173
97 180
98 603
99 179
100 183
101 535
102 223
103 181
104 182
105 410
106 450
107 224
108 257
109 181
110 178
111 413
112 189
113 170
114 192
115 175
116 315
117 182
118 371
119 213
120 174
121 427
122 182
123 177
124 182
125 182
126 217
127 216
128 175
129 169
130 174
131 181
132 242
133 422
134 501
135 372
136 176
137 185
138 183
139 326
140 212
141 176
142 238
143 173
144 177
145 410
146 179
147 214
148 316
149 182
150 326
151 0
152 384
153 177
154 175
155 178
156 183
157 212
158 179
159 184
160 241
161 216
162 375
163 358
164 316
165 179
166 183
167 184
168 326
169 326
170 403
171 181
172 183
173 170
174 191
175 187
176 169
177 168
178 556
179 238
180 181
181 417
182 182
183 374
184 174
185 179
186 322
187 323
188 313
189 182
190 317
191 339
192 316
193 180
194 510
195 324
196 447
197 184
198 356
199 179
200 173
201 502
202 184
203 183
204 183
205 326
206 372
207 321
208 315
209 187
210 321
211 417
212 423
213 386
214 202
215 185
216 180
217 361
218 183
219 323
220 210
221 324
222 213
223 184
224 215
225 183
226 315
227 214
228 182
229 181
230 319
231 404
232 0
233 171
234 0
235 312
236 0
237 237
238 415
239 183
240 387
241 203
242 169
243 182
244 328
245 173
246 184
247 386
248 485
249 601
250 315
251 317
252 318
253 0
254 180
255 181
256 180
257 200
258 419
259 361
260 199
261 179
262 315
263 324
264 443
265 401
266 402
267 353
268 177
269 174
270 320
271 241
272 169
273 0
274 318
275 236
276 179
277 355
278 187
279 234
280 355
281 178
282 170
283 174
284 180
285 183
286 360
287 376
288 318
289 257
290 181
291 170
292 173
293 170
294 201
295 177
296 362
297 182
298 323
299 417
300 303
301 181
302 237
303 597
304 571
305 185
306 185
307 179
308 373
309 178
310 355
311 329
312 239
313 444
314 183
315 177
316 200
317 183
318 452
319 241
320 180
321 171
322 389
323 237
324 362
325 436
326 238
327 443
328 421
329 447
330 437
331 174
332 374
333 178
334 460
335 182
336 180
337 384
338 181
339 175
340 313
341 183
342 384
343 313
344 184
345 312
346 178
347 327
348 319
349 354
350 220
351 174
352 323
353 186
354 183
355 234
356 239
357 358
358 376
359 420
360 445
361 372
362 219
363 180
364 178
365 182
366 353
367 181
368 181
369 357
370 537
371 201
372 347
373 219
374 179
375 184
376 322
377 423
378 237
379 179
380 313
381 237
382 180
383 358
384 326
385 218
386 319
387 323
388 412
389 317
390 437
391 308
392 173
393 316
394 327
395 185
396 238
397 172
398 357
399 181
400 412
401 313
402 312
403 316
404 183
405 395
406 352
407 423
408 383
409 356
410 185
411 178
412 180
413 219
414 214
415 358
416 488
417 402
418 220
419 358
420 322
421 185
422 358
423 408
424 184
425 327
426 291
427 169
428 359
429 177
430 182
431 179
432 182
433 417
434 399
435 238
436 422
437 185
438 173
439 446
440 357
441 412
442 177
443 183
444 180
445 179
446 383
447 180
448 185
449 324
450 181
451 179
452 178
453 180
454 330
455 183
456 180
457 180
458 181
459 184
460 182
461 183
462 182
463 170
464 179
465 178
466 361
467 450
468 180
469 179
470 184
471 384
472 321
473 331
474 182
475 235
476 372
477 182
478 182
479 185
480 181
481 374
482 176
483 332
484 326
485 374
486 368
487 324
488 178
489 371
490 404
491 214
492 178
493 182
494 182
495 212
496 180
497 179
498 183
499 322
500 179
501 178
502 186
503 184
504 184
505 184
506 186
507 335
508 180
509 179
510 329
511 188
512 182
513 183
514 386
515 371
516 182
517 238
518 178
519 185
520 183
521 176
522 179
523 214
524 179
525 346
526 186
527 179
528 184
529 181
530 237
531 184
532 314
533 173
534 177
535 313
536 440
537 269
538 169
539 180
540 180
541 377
542 180
543 179
544 236
545 201
546 176
547 605
548 315
549 185
550 181
551 184
552 262
553 185
554 389
555 216
556 220
557 180
558 238
559 182
560 178
561 180
562 196
563 236
564 182
565 180
566 0
567 183
568 181
569 181
570 282
571 380
572 422
573 433
574 324
575 202
576 212
577 185
578 306
579 179
580 181
581 313
582 183
583 211
584 212
585 214
586 235
587 177
588 239
589 199
590 355
591 183
592 181
593 185
594 325
595 179
596 181
597 320
598 409
599 187
600 173
601 337
602 181
603 369
604 321
605 185
606 181
607 195
608 184
609 184
610 256
611 170
612 212
613 187
614 184
615 179
616 172
617 183
618 180
619 183
620 182
621 183
622 184
623 185
624 181
625 184
626 179
627 354
628 176
629 173
630 235
631 187
632 182
633 182
634 180
635 185
636 183
637 179
638 368
639 211
640 220
641 215
642 183
643 186
644 173
645 187
646 177
647 421
648 185
649 183
650 181
651 182
652 181
653 182
654 451
655 464
656 389
657 390
658 181
659 182
660 598
661 330
662 187
663 205
664 354
665 238
666 213
667 374
668 315
669 186
670 177
671 520
672 226
673 182
674 214
675 196
676 178
677 212
678 214
679 239
680 238
681 185
682 178
683 185
684 184
685 181
686 195
687 180
688 180
689 489
690 423
691 177
692 385
693 167
694 372
695 182
696 323
697 324
698 215
699 180
700 241
701 397
702 237
703 198
704 563
705 326
706 326
707 196
708 180
709 237
710 182
711 238
712 372
713 182
714 180
715 611
716 434
717 173
718 370
719 171
720 175
721 180
722 179
723 213
724 199
725 172
726 239
727 183
728 316
729 386
730 371
731 259
732 174
733 182
734 170
735 182
736 182
737 183
738 198
739 178
740 239
741 188
742 381
743 182
744 183
745 181
746 183
747 180
748 214
749 240
750 293
751 371
752 178
753 235
754 418
755 430
756 351
757 385
758 185
759 238
760 178
761 178
762 179
763 219
764 215
765 176
766 180
767 182
768 191
769 183
770 180
771 183
772 180
773 0
774 180
775 328
776 369
777 379
778 185
779 180
780 183
781 315
782 333
783 376
784 237
785 346
786 176
787 174
788 352
789 224
790 376
791 238
792 183
793 178
794 375
795 0
796 180
797 182
798 211
799 184
800 173
801 177
802 203
803 201
804 237
805 391
806 372
807 317
808 183
809 184
810 382
811 427
812 603
813 170
814 436
815 177
816 0
817 0
818 214
819 236
820 188
821 198
822 179
823 376
824 498
825 456
826 424
827 372
828 183
829 181
830 183
831 181
832 185
833 178
834 369
835 217
836 179
837 182
838 183
839 182
840 235
841 238
842 174
843 0
844 783
845 169
846 380
847 186
848 242
849 587
850 182
851 374
852 363
853 182
854 173
855 374
856 183
857 389
858 382
859 185
860 214
861 184
862 175
863 505
864 177
865 238
866 178
867 178
868 370
869 236
870 179
871 212
872 240
873 215
874 0
875 358
876 369
877 179
878 239
879 409
880 203
881 588
882 376
883 185
884 364
885 572
886 379
887 170
888 370
889 376
890 184
891 236
892 356
893 173
894 182
895 354
896 235
897 182
898 180
899 180
900 0
901 464
902 332
903 406
904 327
905 173
906 373
907 182
908 185
909 586
910 175
911 446
912 371
913 392
914 370
915 384
916 182
917 372
918 182
919 354
920 181
921 182
922 205
923 199
924 183
925 182
926 202
927 305
928 0
929 328
930 182
931 215
932 238
933 360
934 331
935 365
936 327
937 174
938 453
939 365
940 286
941 172
942 403
943 172
944 355
945 373
946 174
947 186
948 375
949 237
950 179
951 174
952 614
953 493
954 369
955 178
956 241
957 491
958 405
959 320
960 180
961 358
962 360
963 390
964 173
965 794
966 370
967 180
968 366
969 214
970 172
971 177
972 350
973 172
974 178
975 182
976 238
977 173
978 351
979 348
980 182
981 173
982 459
983 550
984 183
985 397
986 239
987 329
988 216
989 213
990 185
991 240
992 373
993 327
994 373
995 183
996 173
997 182
998 181
999 423
1000 570
1001 179
1002 238
1003 242
1004 179
1005 174
1006 189
1007 370
1008 201
1009 201
1010 171
1011 498
1012 190
1013 170
1014 489
1015 567
1016 464
1017 357
1018 180
1019 172
1020 319
1021 403
1022 383
1023 238
1024 358
1025 504
1026 426
1027 413
1028 180
1029 180
1030 238
1031 184
1032 180
1033 181
1034 368
1035 550
1036 188
1037 530
1038 180
1039 183
1040 185
1041 238
1042 170
1043 238
1044 600
1045 172
1046 182
1047 182
1048 392
1049 393
1050 179
1051 185
1052 181
1053 212
1054 427
1055 179
1056 356
1057 237
1058 180
1059 375
1060 181
1061 372
1062 189
1063 383
1064 0
1065 310
1066 180
1067 300
1068 599
1069 177
1070 182
1071 183
1072 182
1073 179
1074 187
1075 227
1076 490
1077 385
1078 175
1079 381
1080 416
1081 239
1082 489
1083 217
1084 172
1085 173
1086 182
1087 239
1088 532
1089 454
1090 174
1091 503
1092 177
1093 172
1094 170
1095 171
1096 170
1097 169
1098 519
1099 312
1100 378
1101 325
1102 177
1103 180
1104 172
1105 179
1106 244
1107 175
1108 182
1109 297
1110 174
1111 212
1112 530
1113 525
1114 462
1115 175
1116 201
1117 504
1118 170
1119 180
1120 386
1121 217
1122 184
1123 171
1124 456
1125 212
1126 173
1127 174
1128 185
1129 396
1130 190
1131 211
1132 180
1133 217
1134 185
1135 356
1136 0
1137 323
1138 170
1139 188
1140 316
1141 176
1142 392
1143 435
1144 426
1145 374
1146 182
1147 237
1148 347
1149 433
1150 356
1151 241
1152 182
1153 186
1154 182
1155 494
1156 335
1157 329
1158 174
1159 524
1160 186
1161 182
1162 186
1163 237
1164 374
1165 490
1166 450
1167 180
1168 180
1169 379
1170 237
1171 583
1172 359
1173 175
1174 170
1175 436
1176 402
1177 590
1178 327
1179 423
1180 395
1181 370
1182 170
1183 405
1184 172
1185 239
1186 328
1187 190
1188 180
1189 182
1190 173
1191 214
1192 219
1193 239
1194 180
1195 181
1196 179
1197 173
1198 169
1199 187
1200 171
1201 432
1202 325
1203 186
1204 317
1205 371
1206 373
1207 567
1208 420
1209 358
1210 214
1211 370
1212 376
1213 438
1214 472
1215 177
1216 311
1217 203
1218 179
1219 411
1220 359
1221 365
1222 397
1223 169
1224 198
1225 315
1226 214
1227 170
1228 216
1229 181
1230 187
1231 184
1232 173
1233 239
1234 180
1235 432
1236 226
1237 224
1238 375
1239 237
1240 186
1241 378
1242 179
1243 327
1244 325
1245 173
1246 371
1247 171
1248 183
1249 416
1250 374
1251 183
1252 332
1253 609
1254 346
1255 415
1256 183
1257 414
1258 171
1259 485
1260 181
1261 174
1262 182
1263 170
1264 182
1265 189
1266 180
1267 179
1268 183
1269 179
1270 197
1271 173
1272 240
1273 171
1274 353
1275 185
1276 171
1277 172
1278 235
1279 240
1280 236
1281 473
1282 459
1283 465
1284 460
1285 213
1286 240
1287 304
1288 184
1289 376
1290 602
1291 178
1292 354
1293 355
1294 493
1295 324
1296 214
1297 182
1298 540
1299 175
1300 171
1301 181
1302 181
1303 180
1304 185
1305 184
1306 169
1307 182
1308 183
1309 181
1310 179
1311 372
1312 186
1313 240
1314 177
1315 460
1316 171
1317 239
1318 189
1319 237
1320 169
1321 199
1322 215
1323 371
1324 174
1325 375
1326 386
1327 454
1328 460
1329 374
1330 370
1331 173
1332 372
1333 180
1334 375
1335 188
1336 372
1337 328
1338 389
1339 181
1340 178
1341 178
1342 419
1343 217
1344 324
1345 183
1346 182
1347 182
1348 204
1349 174
1350 203
1351 605
1352 169
1353 180
1354 183
1355 215
1356 187
1357 181
1358 176
1359 368
1360 179
1361 324
1362 182
1363 373
1364 182
1365 180
1366 437
1367 373
1368 439
1369 372
1370 217
1371 229
1372 457
1373 373
1374 384
1375 548
1376 324
1377 372
1378 176
1379 178
1380 370
1381 240
1382 216
1383 375
1384 328
1385 176
1386 329
1387 331
1388 531
1389 344
1390 173
1391 430
1392 316
1393 182
1394 180
1395 368
1396 177
1397 180
1398 173
1399 371
1400 238
1401 183
1402 170
1403 377
1404 183
1405 316
1406 322
1407 237
1408 354
1409 173
1410 181
1411 178
1412 225
1413 237
1414 181
1415 214
1416 373
1417 172
1418 172
1419 332
1420 371
1421 329
1422 371
1423 371
1424 370
1425 491
1426 172
1427 191
1428 324
1429 459
1430 183
1431 178
1432 387
1433 179
1434 188
1435 215
1436 423
1437 327
1438 178
1439 186
1440 310
1441 175
1442 181
1443 184
1444 183
1445 181
1446 184
1447 182
1448 178
1449 240
1450 183
1451 181
1452 416
1453 321
1454 181
1455 554
1456 180
1457 171
1458 173
1459 181
1460 214
1461 235
1462 171
1463 241
1464 210
1465 181
1466 314
1467 174
1468 173
1469 372
1470 369
1471 368
1472 399
1473 177
1474 187
1475 373
1476 355
1477 169
1478 508
1479 383
1480 211
1481 389
1482 491
1483 217
1484 326
1485 427
1486 330
1487 386
1488 356
1489 174
1490 183
1491 181
1492 177
1493 178
1494 183
1495 181
1496 180
1497 184
1498 182
1499 373
1500 181
1501 213
1502 243
1503 175
1504 185
1505 184
1506 172
1507 401
1508 213
1509 171
1510 180
1511 184
1512 173
1513 172
1514 184
1515 322
1516 374
1517 169
1518 173
1519 0
1520 368
1521 375
1522 239
1523 181
1524 184
1525 386
1526 386
1527 547
1528 374
1529 371
1530 327
1531 371
1532 421
1533 410
1534 500
1535 465
1536 171
1537 173
1538 173
1539 183
1540 183
1541 183
1542 183
1543 179
1544 179
1545 200
1546 238
1547 187
1548 174
1549 170
1550 243
1551 180
1552 235
1553 325
1554 242
1555 170
1556 424
1557 239
1558 179
1559 178
1560 180
1561 238
1562 171
1563 214
1564 238
1565 218
1566 346
1567 215
1568 463
1569 376
1570 181
1571 176
1572 370
1573 188
1574 181
1575 181
1576 179
1577 181
1578 201
1579 374
1580 225
1581 230
1582 189
1583 393
1584 320
1585 173
1586 179
1587 181
1588 175
1589 172
1590 179
1591 178
1592 181
1593 184
1594 178
1595 170
1596 169
1597 236
1598 374
1599 173
1600 463
1601 384
1602 223
1603 211
1604 181
1605 173
1606 216
1607 182
1608 171
1609 172
1610 239
1611 237
1612 374
1613 331
1614 174
1615 375
1616 171
1617 372
1618 374
1619 188
1620 377
1621 371
1622 491
1623 176
1624 190
1625 339
1626 315
1627 223
1628 167
1629 423
1630 182
1631 182
1632 184
1633 182
1634 181
1635 212
1636 183
1637 313
1638 183
1639 426
1640 182
1641 183
1642 177
1643 372
1644 373
1645 171
1646 172
1647 172
1648 171
1649 172
1650 374
1651 372
1652 171
1653 369
1654 374
1655 372
1656 329
1657 187
1658 173
1659 184
1660 181
1661 173
1662 182
1663 184
1664 218
1665 236
1666 178
1667 216
1668 377
1669 172
1670 225
1671 234
1672 174
1673 180
1674 374
1675 173
1676 216
1677 502
1678 183
1679 178
1680 216
1681 373
1682 371
1683 441
1684 178
1685 177
1686 255
1687 216
1688 269
1689 354
1690 561
1691 183
1692 180
1693 183
1694 170
1695 182
1696 181
1697 179
1698 186
1699 169
1700 173
1701 172
1702 191
1703 239
1704 329
1705 324
1706 422
1707 219
1708 184
1709 371
1710 376
1711 182
1712 370
1713 550
1714 529
1715 187
1716 171
1717 368
1718 609
1719 178
1720 171
1721 314
1722 437
1723 178
1724 181
1725 180
1726 175
1727 177
1728 172
1729 213
1730 173
1731 236
1732 172
1733 185
1734 375
1735 173
1736 236
1737 566
1738 373
1739 186
1740 169
1741 325
1742 369
1743 175
1744 234
1745 169
1746 219
1747 174
1748 214
1749 356
1750 180
1751 237
1752 181
1753 174
1754 315
1755 370
1756 174
1757 356
1758 325
1759 173
1760 324
1761 569
1762 184
1763 220
1764 367
1765 173
1766 182
1767 379
1768 416
1769 316
1770 174
1771 336
1772 173
1773 336
1774 353
1775 180
1776 385
1777 175
1778 372
1779 185
1780 174
1781 237
1782 174
1783 426
1784 373
1785 540
1786 333
1787 184
1788 334
1789 371
1790 169
1791 174
1792 183
1793 368
1794 324
1795 0
1796 343
1797 373
1798 181
1799 173
1800 187
1801 172
1802 172
1803 373
1804 175
1805 239
1806 181
1807 173
1808 215
1809 315
1810 318
1811 181
1812 171
1813 181
1814 223
1815 325
1816 211
1817 325
1818 373
1819 173
1820 186
1821 184
1822 172
1823 382
1824 372
1825 370
1826 183
1827 370
1828 373
1829 170
1830 322
1831 414
1832 174
1833 331
1834 171
1835 612
1836 174
1837 182
1838 171
1839 175
1840 491
1841 370
1842 175
1843 180
1844 400
1845 324
1846 371
1847 325
1848 351
1849 173
1850 172
1851 389
1852 168
1853 314
1854 170
1855 179
1856 180
1857 372
1858 172
1859 181
1860 180
1861 182
1862 183
1863 175
1864 238
1865 225
1866 336
1867 189
1868 176
1869 220
1870 171
1871 327
1872 373
1873 181
1874 183
1875 182
1876 185
1877 227
1878 174
1879 367
1880 179
1881 183
1882 168
1883 172
1884 187
1885 175
1886 174
1887 171
1888 171
1889 323
1890 175
1891 171
1892 183
1893 326
1894 327
1895 186
1896 172
1897 217
1898 168
1899 325
1900 401
1901 330
1902 323
1903 175
1904 174
1905 214
1906 217
1907 174
1908 176
1909 171
1910 170
1911 219
1912 173
1913 171
1914 173
1915 177
1916 331
1917 180
1918 179
1919 182
1920 176
1921 182
1922 325
1923 182
1924 172
1925 371
1926 172
1927 174
1928 215
1929 357
1930 352
1931 171
1932 227
1933 168
1934 170
1935 171
1936 507
1937 214
1938 173
1939 182
1940 185
1941 227
1942 179
1943 367
1944 184
1945 182
1946 174
1947 174
1948 174
1949 170
1950 169
1951 376
1952 186
1953 317
1954 173
1955 326
1956 324
1957 174
1958 332
1959 324
1960 182
1961 357
1962 171
1963 189
1964 171
1965 176
1966 370
1967 217
1968 171
1969 176
1970 172
1971 170
1972 172
1973 181
1974 173
1975 171
1976 353
1977 330
1978 600
1979 174
1980 354
1981 184
1982 172
1983 173
1984 172
1985 171
1986 173
1987 377
1988 326
1989 174
1990 347
1991 426
1992 368
1993 173
1994 172
1995 173
1996 173
1997 174
1998 178
1999 179
2000 183
2001 186
2002 170
2003 179
2004 184
2005 176
2006 321
2007 323
2008 175
2009 181
2010 171
2011 374
2012 322
2013 374
2014 324
2015 372
2016 189
2017 215
2018 175
2019 182
2020 173
2021 181
2022 175
2023 174
2024 178
2025 184
2026 173
2027 171
2028 168
2029 172
2030 190
2031 173
2032 369
2033 373
2034 327
2035 359
2036 185
2037 181
2038 172
2039 355
2040 207
2041 216
2042 235
2043 373
2044 168
2045 180
2046 172
2047 174
2048 186
2049 184
2050 184
2051 172
2052 174
2053 170
2054 184
2055 185
2056 209
2057 375
2058 325
2059 373
2060 325
2061 327
2062 424
2063 173
2064 218
2065 374
2066 325
2067 173
2068 169
2069 174
2070 187
2071 170
2072 172
2073 172
2074 172
2075 173
2076 181
2077 170
2078 173
2079 172
2080 174
2081 181
2082 226
2083 173
2084 218
2085 226
2086 172
2087 370
2088 325
2089 172
2090 174
2091 173
2092 372
2093 325
2094 179
2095 173
2096 173
2097 169
2098 235
2099 166
2100 173
2101 169
2102 169
2103 175
2104 174
2105 172
2106 181
2107 180
2108 191
2109 173
2110 373
2111 171
2112 326
2113 185
2114 349
2115 225
2116 398
2117 182
2118 172
2119 172
2120 424
2121 197
2122 429
2123 324
2124 181
2125 175
2126 177
2127 173
2128 325
2129 187
2130 185
2131 237
2132 171
2133 313
2134 321
2135 173
2136 324
2137 371
2138 174
2139 327
2140 171
2141 174
2142 173
2143 172
2144 174
2145 183
2146 184
2147 168
2148 215
2149 190
2150 187
2151 219
2152 174
2153 222
2154 329
2155 186
2156 186
2157 333
2158 172
2159 174
2160 238
2161 218
2162 600
2163 172
2164 175
2165 171
2166 178
2167 173
2168 174
2169 177
2170 173
2171 398
2172 187
2173 357
2174 374
2175 188
2176 191
2177 330
2178 172
2179 174
2180 173
2181 169
2182 170
2183 175
2184 175
2185 218
2186 182
2187 214
2188 177
2189 171
2190 171
2191 214
2192 393
2193 172
2194 172
2195 171
2196 173
2197 173
2198 168
2199 343
2200 190
2201 170
2202 173
2203 174
2204 182
2205 175
2206 176
2207 174
2208 370
2209 375
2210 188
2211 399
2212 344
2213 169
2214 172
2215 351
2216 173
2217 184
2218 414
2219 173
2220 171
2221 172
2222 465
2223 191
2224 370
2225 172
2226 170
2227 175
2228 411
2229 174
2230 409
2231 173
2232 421
2233 197
2234 174
2235 439
2236 472
2237 422
2238 188
2239 370
2240 176
2241 181
2242 173
2243 172
2244 174
2245 325
2246 217
2247 402
2248 326
2249 372
2250 317
2251 391
2252 236
2253 189
2254 423
2255 406
2256 407
2257 816
2258 173
2259 185
2260 173
2261 175
2262 170
2263 417
2264 175
2265 238
2266 172
2267 175
2268 174
2269 226
2270 385
2271 326
2272 354
2273 187
2274 178
2275 371
2276 439
2277 381
2278 339
2279 397
2280 175
2281 173
2282 171
2283 166
2284 0
2285 188
2286 185
2287 172
2288 172
2289 174
2290 352
2291 355
2292 218
2293 375
2294 172
2295 184
2296 173
2297 416
2298 343
2299 500
2300 328
2301 174
2302 423
2303 492
2304 187
2305 173
2306 350
2307 393
2308 172
2309 174
2310 215
2311 354
2312 344
2313 344
2314 174
2315 357
2316 169
2317 339
2318 343
2319 351
2320 394
2321 171
2322 171
2323 0
2324 171
2325 172
2326 175
2327 174
2328 174
2329 356
2330 218
2331 175
2332 180
2333 400
2334 391
2335 356
2336 173
2337 174
2338 342
2339 341
2340 170
2341 177
2342 170
2343 373
2344 173
2345 170
2346 175
2347 173
2348 175
2349 178
2350 174
2351 462
2352 413
2353 172
2354 368
2355 170
2356 174
2357 187
2358 223
2359 178
2360 174
2361 173
2362 188
2363 183
2364 177
2365 172
2366 172
2367 369
2368 173
2369 187
2370 362
2371 353
2372 363
2373 395
2374 423
2375 408
2376 404
2377 217
2378 184
2379 356
2380 186
2381 175
2382 427
2383 174
2384 173
2385 175
2386 428
2387 371
2388 591
2389 176
2390 174
2391 422
2392 425
2393 234
2394 395
2395 220
2396 183
2397 172
2398 171
2399 173
2400 332
2401 173
2402 171
2403 811
2404 172
2405 171
2406 593
2407 177
2408 224
2409 183
2410 170
2411 370
2412 179
2413 416
2414 204
2415 190
2416 170
2417 326
2418 226
2419 173
2420 175
2421 172
2422 540
2423 339
2424 172
2425 378
2426 178
2427 188
2428 356
2429 173
2430 411
2431 172
2432 360
2433 385
2434 173
2435 170
2436 172
2437 173
2438 173
2439 173
2440 216
2441 171
2442 176
2443 185
2444 392
2445 181
2446 176
2447 426
2448 169
2449 230
2450 177
2451 171
2452 175
2453 423
2454 429
2455 422
2456 172
2457 357
2458 428
2459 186
2460 425
2461 316
2462 570
2463 171
2464 172
2465 358
2466 169
2467 325
2468 188
2469 330
2470 390
2471 171
2472 326
2473 173
2474 175
2475 429
2476 0
2477 172
2478 183
2479 184
2480 183
2481 416
2482 172
2483 176
2484 172
2485 174
2486 170
2487 357
2488 347
2489 377
2490 599
2491 180
2492 171
2493 188
2494 171
2495 173
2496 171
2497 173
2498 173
2499 173
2500 173
2501 176
2502 173
2503 388
2504 173
2505 241
2506 517
2507 216
2508 173
2509 170
2510 175
2511 180
2512 220
2513 174
2514 0
2515 0
2516 173
2517 178
2518 0
2519 468
2520 176
2521 210
2522 422
2523 199
2524 460
2525 326
2526 328
2527 184
2528 0
2529 469
2530 172
2531 267
2532 329
2533 544
2534 368
2535 574
2536 427
2537 227
2538 173
2539 173
2540 173
2541 215
2542 355
2543 181
2544 183
2545 235
2546 374
2547 171
2548 324
2549 385
2550 387
2551 182
2552 317
2553 173
2554 182
2555 176
2556 387
2557 397
2558 330
2559 184
2560 171
2561 177
2562 184
2563 173
2564 352
2565 169
2566 327
2567 399
2568 172
2569 174
2570 174
2571 182
2572 0
2573 468
2574 184
2575 324
2576 173
2577 172
2578 175
2579 171
2580 0
