0 361
1 6
2 36
3 14
4 111
5 205
6 10
7 12
8 6
9 18
10 85
11 299
12 50
13 202
14 527
15 202
16 362
17 66
18 39
19 881
20 8
21 121
22 65
23 581
24 4
25 213
26 19
27 23
28 16
29 65
30 12
31 35
32 7
33 191
34 34
35 334
36 30
37 92
38 50
39 64
40 119
41 32
42 37
43 37
44 439
45 8
46 33
47 19
48 36
49 385
50 199
51 54
52 345
53 354
54 330
55 31
56 70
57 237
58 362
59 34
60 78
61 435
62 339
63 42
64 57
65 857
66 92
67 306
68 149
69 15
70 68
71 67
72 22
73 13
74 341
75 572
76 26
77 271
78 595
79 570
80 60
81 15
82 236
83 121
84 42
85 15
86 247
87 839
88 734
89 25
90 21
91 24
92 44
93 256
94 72
95 4
96 69
97 396
98 99
99 455
100 11
101 38
102 292
103 326
104 69
105 132
106 446
107 134
108 380
109 353
110 27
111 147
112 196
113 72
114 269
115 129
116 412
117 64
118 45
119 205
120 10
121 170
122 731
123 206
124 75
125 18
126 54
127 72
128 99
129 185
130 85
131 196
132 51
133 3
134 32
135 627
136 318
137 1460
138 101
139 102
140 544
141 480
142 84
143 82
144 11
145 27
146 382
147 92
148 516
149 319
150 136
151 0
152 8
153 153
154 114
155 193
156 79
157 139
158 1344
159 187
160 84
161 98
162 10
163 234
164 220
165 328
166 446
167 252
168 139
169 97
170 599
171 352
172 137
173 97
174 514
175 1027
176 651
177 87
178 183
179 9
180 632
181 54
182 1466
183 728
184 305
185 233
186 1157
187 1045
188 548
189 72
190 108
191 7
192 11
193 28
194 16
195 8
196 571
197 330
198 46
199 462
200 363
201 317
202 123
203 585
204 364
205 801
206 1253
207 290
208 173
209 12
210 891
211 28
212 114
213 286
214 2
215 680
216 40
217 160
218 208
219 1009
220 231
221 765
222 760
223 683
224 1181
225 657
226 567
227 99
228 10
229 118
230 28
231 14
232 0
233 70
234 0
235 97
236 1
237 11
238 350
239 1389
240 51
241 1350
242 796
243 129
244 834
245 192
246 347
247 17
248 220
249 151
250 122
251 35
252 78
253 2
254 34
255 132
256 2028
257 675
258 124
259 19
260 3
261 2
262 48
263 340
264 58
265 135
266 40
267 127
268 54
269 8
270 216
271 484
272 139
273 1
274 64
275 55
276 60
277 36
278 108
279 356
280 47
281 13
282 178
283 1296
284 36
285 42
286 138
287 117
288 129
289 78
290 1119
291 261
292 1550
293 534
294 22
295 305
296 428
297 170
298 215
299 103
300 272
301 205
302 320
303 265
304 1335
305 420
306 305
307 694
308 6
309 363
310 269
311 373
312 505
313 75
314 81
315 491
316 406
317 548
318 1127
319 46
320 179
321 243
322 64
323 104
324 6
325 26
326 100
327 49
328 22
329 9
330 53
331 291
332 85
333 599
334 753
335 679
336 75
337 283
338 974
339 577
340 9
341 32
342 46
343 14
344 57
345 28
346 191
347 37
348 549
349 181
350 260
351 1132
352 186
353 41
354 6
355 20
356 20
357 289
358 8
359 332
360 368
361 919
362 1251
363 40
364 2
365 8
366 97
367 181
368 397
369 474
370 177
371 116
372 111
373 172
374 88
375 116
376 259
377 16
378 66
379 297
380 313
381 9
382 269
383 18
384 246
385 407
386 6
387 13
388 349
389 464
390 743
391 506
392 817
393 25
394 461
395 201
396 868
397 288
398 3
399 573
400 32
401 255
402 137
403 154
404 435
405 348
406 778
407 599
408 179
409 18
410 68
411 153
412 266
413 1125
414 707
415 43
416 135
417 255
418 45
419 193
420 86
421 46
422 486
423 445
424 607
425 270
426 215
427 87
428 378
429 23
430 881
431 54
432 81
433 153
434 20
435 53
436 770
437 1098
438 1424
439 548
440 832
441 686
442 320
443 1151
444 199
445 172
446 135
447 33
448 565
449 209
450 429
451 253
452 416
453 722
454 791
455 128
456 489
457 1017
458 645
459 6
460 29
461 738
462 585
463 351
464 377
465 286
466 57
467 589
468 355
469 781
470 959
471 1012
472 645
473 375
474 716
475 237
476 53
477 91
478 36
479 137
480 88
481 144
482 212
483 40
484 564
485 184
486 303
487 447
488 182
489 789
490 224
491 152
492 805
493 1482
494 138
495 325
496 182
497 96
498 861
499 283
500 269
501 257
502 211
503 92
504 37
505 288
506 442
507 65
508 52
509 1261
510 102
511 160
512 580
513 978
514 376
515 609
516 307
517 233
518 14
519 217
520 1021
521 843
522 36
523 161
524 196
525 24
526 17
527 90
528 336
529 92
530 62
531 105
532 739
533 686
534 82
535 568
536 606
537 99
538 95
539 469
540 77
541 152
542 70
543 565
544 589
545 35
546 313
547 4
548 453
549 26
550 226
551 61
552 616
553 623
554 898
555 817
556 165
557 90
558 229
559 433
560 127
561 350
562 136
563 19
564 14
565 12
566 0
567 111
568 54
569 20
570 98
571 432
572 278
573 177
574 66
575 467
576 137
577 225
578 259
579 162
580 60
581 20
582 44
583 226
584 387
585 340
586 273
587 93
588 567
589 1175
590 35
591 25
592 251
593 31
594 40
595 119
596 95
597 61
598 658
599 936
600 622
601 1371
602 273
603 227
604 144
605 97
606 311
607 312
608 558
609 170
610 414
611 222
612 667
613 418
614 1002
615 701
616 619
617 15
618 61
619 34
620 105
621 16
622 209
623 109
624 134
625 806
626 377
627 1003
628 649
629 525
630 836
631 121
632 204
633 158
634 253
635 149
636 380
637 24
638 191
639 432
640 57
641 376
642 332
643 902
644 190
645 701
646 398
647 53
648 58
649 6
650 4
651 266
652 360
653 188
654 177
655 211
656 142
657 55
658 719
659 514
660 51
661 342
662 44
663 482
664 93
665 51
666 406
667 314
668 27
669 173
670 290
671 682
672 81
673 52
674 99
675 25
676 510
677 649
678 479
679 280
680 759
681 648
682 33
683 157
684 105
685 297
686 75
687 12
688 17
689 176
690 760
691 472
692 293
693 12
694 84
695 108
696 113
697 80
698 62
699 271
700 167
701 194
702 324
703 32
704 90
705 578
706 859
707 366
708 31
709 400
710 26
711 5
712 67
713 59
714 1
715 59
716 297
717 1157
718 544
719 434
720 1090
721 245
722 133
723 15
724 178
725 118
726 263
727 180
728 170
729 426
730 254
731 584
732 97
733 243
734 310
735 130
736 399
737 304
738 708
739 768
740 283
741 186
742 18
743 132
744 550
745 19
746 10
747 5
748 459
749 193
750 1239
751 51
752 540
753 145
754 434
755 40
756 211
757 99
758 179
759 708
760 336
761 113
762 306
763 115
764 881
765 275
766 279
767 251
768 14
769 141
770 874
771 127
772 57
773 0
774 200
775 349
776 203
777 208
778 200
779 28
780 7
781 67
782 214
783 106
784 290
785 146
786 510
787 344
788 74
789 728
790 90
791 101
792 186
793 424
794 398
795 0
796 399
797 518
798 255
799 135
800 72
801 2
802 139
803 10
804 31
805 24
806 826
807 349
808 202
809 574
810 333
811 79
812 254
813 281
814 74
815 28
816 0
817 1
818 145
819 617
820 675
821 670
822 278
823 390
824 79
825 274
826 115
827 526
828 328
829 173
830 152
831 243
832 337
833 418
834 417
835 198
836 286
837 126
838 117
839 46
840 7
841 60
842 47
843 0
844 176
845 292
846 302
847 522
848 319
849 93
850 435
851 15
852 394
853 83
854 37
855 274
856 97
857 523
858 470
859 80
860 90
861 214
862 432
863 124
864 183
865 269
866 74
867 246
868 71
869 62
870 119
871 43
872 14
873 47
874 2
875 7
876 67
877 777
878 299
879 237
880 1021
881 659
882 102
883 75
884 373
885 43
886 79
887 63
888 228
889 1179
890 114
891 104
892 274
893 122
894 103
895 214
896 123
897 266
898 84
899 47
900 0
901 11
902 97
903 1304
904 593
905 125
906 577
907 772
908 592
909 26
910 59
911 420
912 18
913 28
914 169
915 503
916 33
917 193
918 492
919 137
920 471
921 610
922 204
923 41
924 107
925 29
926 93
927 233
928 0
929 23
930 318
931 948
932 325
933 980
934 447
935 732
936 121
937 81
938 415
939 164
940 631
941 255
942 2
943 49
944 541
945 686
946 231
947 18
948 7
949 461
950 307
951 33
952 254
953 574
954 246
955 961
956 1067
957 210
958 127
959 359
960 197
961 31
962 120
963 350
964 393
965 97
966 296
967 228
968 279
969 712
970 287
971 16
972 248
973 562
974 175
975 317
976 64
977 39
978 1281
979 191
980 1105
981 1171
982 226
983 111
984 721
985 610
986 176
987 56
988 2
989 13
990 37
991 106
992 143
993 867
994 451
995 125
996 243
997 73
998 130
999 261
1000 106
1001 306
1002 530
1003 10
1004 5
1005 15
1006 7
1007 485
1008 865
1009 4
1010 135
1011 77
1012 42
1013 1
1014 6
1015 15
1016 241
1017 683
1018 66
1019 556
1020 476
1021 806
1022 509
1023 200
1024 287
1025 98
1026 379
1027 983
1028 202
1029 69
1030 75
1031 499
1032 21
1033 38
1034 154
1035 297
1036 153
1037 76
1038 780
1039 470
1040 706
1041 395
1042 26
1043 253
1044 102
1045 169
1046 336
1047 263
1048 352
1049 57
1050 64
1051 7
1052 15
1053 18
1054 37
1055 124
1056 172
1057 263
1058 427
1059 721
1060 704
1061 163
1062 2
1063 41
1064 0
1065 53
1066 39
1067 190
1068 61
1069 172
1070 167
1071 92
1072 646
1073 235
1074 486
1075 55
1076 75
1077 7
1078 292
1079 46
1080 548
1081 333
1082 125
1083 241
1084 207
1085 80
1086 9
1087 43
1088 13
1089 22
1090 532
1091 825
1092 635
1093 890
1094 426
1095 68
1096 159
1097 55
1098 178
1099 961
1100 30
1101 66
1102 78
1103 158
1104 46
1105 89
1106 980
1107 937
1108 181
1109 16
1110 1840
1111 475
1112 52
1113 341
1114 619
1115 58
1116 14
1117 90
1118 86
1119 668
1120 622
1121 554
1122 79
1123 32
1124 158
1125 28
1126 181
1127 8
1128 231
1129 356
1130 18
1131 16
1132 5
1133 265
1134 172
1135 101
1136 2
1137 2
1138 9
1139 457
1140 1924
1141 1126
1142 449
1143 15
1144 59
1145 5
1146 122
1147 4
1148 34
1149 716
1150 1131
1151 105
1152 122
1153 161
1154 286
1155 922
1156 603
1157 434
1158 121
1159 56
1160 125
1161 47
1162 232
1163 3
1164 24
1165 7
1166 192
1167 271
1168 627
1169 99
1170 648
1171 10
1172 10
1173 107
1174 28
1175 45
1176 441
1177 933
1178 129
1179 757
1180 73
1181 525
1182 376
1183 710
1184 280
1185 574
1186 335
1187 231
1188 42
1189 15
1190 15
1191 310
1192 300
1193 20
1194 76
1195 29
1196 84
1197 23
1198 251
1199 252
1200 133
1201 24
1202 12
1203 767
1204 67
1205 33
1206 124
1207 29
1208 210
1209 124
1210 526
1211 480
1212 1154
1213 91
1214 302
1215 624
1216 270
1217 1132
1218 556
1219 110
1220 379
1221 214
1222 89
1223 269
1224 226
1225 71
1226 175
1227 57
1228 271
1229 497
1230 185
1231 28
1232 153
1233 289
1234 351
1235 1016
1236 206
1237 247
1238 371
1239 14
1240 139
1241 3
1242 40
1243 394
1244 17
1245 200
1246 121
1247 383
1248 852
1249 1302
1250 83
1251 539
1252 873
1253 1155
1254 1836
1255 277
1256 221
1257 85
1258 533
1259 61
1260 205
1261 74
1262 213
1263 233
1264 617
1265 459
1266 291
1267 86
1268 26
1269 25
1270 49
1271 126
1272 238
1273 244
1274 1573
1275 710
1276 66
1277 139
1278 153
1279 187
1280 21
1281 26
1282 20
1283 15
1284 10
1285 4
1286 419
1287 828
1288 254
1289 692
1290 603
1291 624
1292 298
1293 341
1294 4688
1295 1687
1296 185
1297 48
1298 216
1299 556
1300 99
1301 7
1302 148
1303 294
1304 872
1305 184
1306 112
1307 534
1308 397
1309 357
1310 83
1311 300
1312 9
1313 7
1314 15
1315 786
1316 691
1317 717
1318 922
1319 851
1320 826
1321 1533
1322 864
1323 126
1324 104
1325 234
1326 55
1327 96
1328 6
1329 187
1330 88
1331 234
1332 972
1333 257
1334 76
1335 229
1336 197
1337 600
1338 460
1339 1647
1340 2184
1341 348
1342 143
1343 563
1344 686
1345 139
1346 105
1347 85
1348 57
1349 175
1350 871
1351 75
1352 33
1353 776
1354 93
1355 423
1356 389
1357 113
1358 138
1359 452
1360 70
1361 9
1362 12
1363 334
1364 1150
1365 1386
1366 280
1367 404
1368 404
1369 901
1370 641
1371 641
1372 6
1373 85
1374 12
1375 13
1376 42
1377 77
1378 219
1379 889
1380 981
1381 127
1382 152
1383 184
1384 425
1385 208
1386 606
1387 1675
1388 499
1389 84
1390 562
1391 476
1392 108
1393 132
1394 72
1395 277
1396 275
1397 205
1398 5
1399 90
1400 620
1401 397
1402 324
1403 421
1404 361
1405 148
1406 166
1407 473
1408 460
1409 539
1410 455
1411 179
1412 171
1413 1
1414 99
1415 54
1416 410
1417 574
1418 379
1419 946
1420 440
1421 1126
1422 292
1423 23
1424 112
1425 24
1426 99
1427 432
1428 1239
1429 1702
1430 1028
1431 1385
1432 979
1433 409
1434 483
1435 612
1436 437
1437 1014
1438 24
1439 7
1440 289
1441 280
1442 1592
1443 268
1444 282
1445 604
1446 863
1447 193
1448 263
1449 145
1450 118
1451 1013
1452 200
1453 607
1454 354
1455 57
1456 276
1457 1084
1458 35
1459 1065
1460 317
1461 169
1462 100
1463 197
1464 11
1465 186
1466 308
1467 265
1468 78
1469 76
1470 31
1471 6
1472 60
1473 68
1474 60
1475 335
1476 1543
1477 2771
1478 1095
1479 850
1480 1165
1481 956
1482 202
1483 699
1484 502
1485 10
1486 150
1487 59
1488 482
1489 406
1490 1806
1491 447
1492 239
1493 474
1494 515
1495 133
1496 815
1497 1024
1498 136
1499 356
1500 629
1501 183
1502 273
1503 111
1504 444
1505 815
1506 126
1507 282
1508 726
1509 156
1510 283
1511 44
1512 64
1513 157
1514 1075
1515 363
1516 207
1517 35
1518 3
1519 1
1520 15
1521 39
1522 56
1523 49
1524 446
1525 1572
1526 1126
1527 3183
1528 2348
1529 1584
1530 572
1531 27
1532 249
1533 889
1534 77
1535 500
1536 302
1537 312
1538 564
1539 375
1540 33
1541 446
1542 108
1543 310
1544 1719
1545 984
1546 1134
1547 548
1548 174
1549 401
1550 784
1551 195
1552 187
1553 328
1554 174
1555 210
1556 962
1557 1745
1558 189
1559 203
1560 359
1561 1092
1562 717
1563 637
1564 20
1565 55
1566 292
1567 303
1568 831
1569 18
1570 39
1571 162
1572 2313
1573 4467
1574 1545
1575 151
1576 1522
1577 681
1578 476
1579 1038
1580 1272
1581 466
1582 585
1583 455
1584 314
1585 82
1586 18
1587 250
1588 775
1589 91
1590 1526
1591 531
1592 363
1593 375
1594 402
1595 1222
1596 839
1597 117
1598 43
1599 122
1600 1133
1601 379
1602 1105
1603 144
1604 96
1605 14
1606 55
1607 180
1608 6
1609 13
1610 22
1611 6
1612 345
1613 403
1614 230
1615 42
1616 542
1617 1952
1618 1525
1619 2747
1620 1248
1621 2008
1622 1666
1623 634
1624 446
1625 79
1626 1319
1627 702
1628 322
1629 743
1630 454
1631 366
1632 456
1633 357
1634 615
1635 200
1636 198
1637 327
1638 345
1639 397
1640 700
1641 163
1642 18
1643 42
1644 61
1645 1259
1646 2189
1647 437
1648 784
1649 364
1650 244
1651 783
1652 1922
1653 73
1654 281
1655 869
1656 907
1657 240
1658 390
1659 591
1660 290
1661 397
1662 386
1663 104
1664 414
1665 639
1666 452
1667 1018
1668 899
1669 22
1670 202
1671 232
1672 7
1673 59
1674 16
1675 28
1676 27
1677 2223
1678 1474
1679 1190
1680 1296
1681 460
1682 712
1683 704
1684 401
1685 879
1686 551
1687 220
1688 330
1689 487
1690 205
1691 515
1692 131
1693 332
1694 505
1695 48
1696 236
1697 60
1698 115
1699 153
1700 71
1701 1083
1702 121
1703 344
1704 5
1705 16
1706 85
1707 285
1708 21
1709 395
1710 2052
1711 637
1712 388
1713 304
1714 317
1715 901
1716 603
1717 464
1718 144
1719 275
1720 44
1721 321
1722 85
1723 75
1724 136
1725 97
1726 299
1727 212
1728 763
1729 616
1730 43
1731 94
1732 33
1733 267
1734 130
1735 27
1736 203
1737 448
1738 792
1739 733
1740 500
1741 177
1742 647
1743 78
1744 317
1745 512
1746 252
1747 19
1748 57
1749 100
1750 180
1751 477
1752 710
1753 75
1754 44
1755 226
1756 143
1757 180
1758 283
1759 19
1760 18
1761 728
1762 223
1763 334
1764 368
1765 374
1766 223
1767 780
1768 426
1769 15
1770 86
1771 201
1772 392
1773 697
1774 318
1775 256
1776 278
1777 380
1778 690
1779 19
1780 110
1781 6
1782 402
1783 35
1784 136
1785 209
1786 31
1787 502
1788 276
1789 118
1790 357
1791 21
1792 517
1793 227
1794 47
1795 1
1796 107
1797 896
1798 832
1799 1590
1800 1297
1801 385
1802 483
1803 131
1804 289
1805 1239
1806 1206
1807 283
1808 335
1809 17
1810 424
1811 207
1812 157
1813 182
1814 135
1815 165
1816 104
1817 23
1818 194
1819 62
1820 375
1821 250
1822 195
1823 251
1824 916
1825 297
1826 94
1827 301
1828 420
1829 716
1830 55
1831 564
1832 149
1833 558
1834 108
1835 717
1836 299
1837 71
1838 269
1839 133
1840 219
1841 201
1842 91
1843 298
1844 917
1845 651
1846 206
1847 250
1848 588
1849 981
1850 122
1851 76
1852 120
1853 416
1854 165
1855 486
1856 297
1857 110
1858 772
1859 921
1860 252
1861 611
1862 627
1863 32
1864 258
1865 95
1866 279
1867 2421
1868 559
1869 298
1870 83
1871 325
1872 1115
1873 563
1874 183
1875 69
1876 79
1877 259
1878 305
1879 224
1880 25
1881 563
1882 908
1883 1099
1884 598
1885 248
1886 105
1887 103
1888 20
1889 488
1890 538
1891 170
1892 351
1893 376
1894 1535
1895 1584
1896 659
1897 173
1898 163
1899 131
1900 708
1901 462
1902 91
1903 992
1904 328
1905 471
1906 331
1907 475
1908 262
1909 302
1910 298
1911 421
1912 814
1913 394
1914 89
1915 36
1916 57
1917 496
1918 230
1919 536
1920 208
1921 406
1922 97
1923 435
1924 423
1925 447
1926 83
1927 90
1928 101
1929 120
1930 237
1931 412
1932 150
1933 57
1934 195
1935 466
1936 583
1937 84
1938 72
1939 143
1940 542
1941 452
1942 1159
1943 946
1944 151
1945 176
1946 198
1947 40
1948 226
1949 186
1950 170
1951 556
1952 334
1953 585
1954 302
1955 869
1956 137
1957 322
1958 454
1959 259
1960 182
1961 66
1962 12
1963 91
1964 945
1965 1024
1966 102
1967 535
1968 922
1969 431
1970 210
1971 397
1972 859
1973 116
1974 227
1975 524
1976 225
1977 4
1978 51
1979 41
1980 487
1981 890
1982 389
1983 98
1984 176
1985 823
1986 375
1987 44
1988 67
1989 593
1990 318
1991 405
1992 331
1993 163
1994 356
1995 826
1996 1278
1997 458
1998 225
1999 538
2000 527
2001 25
2002 96
2003 277
2004 815
2005 396
2006 206
2007 314
2008 220
2009 331
2010 363
2011 477
2012 98
2013 91
2014 542
2015 437
2016 813
2017 1026
2018 84
2019 724
2020 253
2021 206
2022 168
2023 761
2024 1138
2025 33
2026 276
2027 258
2028 273
2029 143
2030 477
2031 667
2032 432
2033 146
2034 438
2035 652
2036 947
2037 340
2038 291
2039 223
2040 147
2041 124
2042 179
2043 665
2044 140
2045 295
2046 256
2047 268
2048 794
2049 935
2050 615
2051 610
2052 55
2053 72
2054 402
2055 1311
2056 204
2057 266
2058 258
2059 288
2060 277
2061 557
2062 400
2063 343
2064 90
2065 67
2066 609
2067 428
2068 24
2069 645
2070 170
2071 342
2072 772
2073 667
2074 324
2075 484
2076 724
2077 182
2078 15
2079 90
2080 452
2081 850
2082 588
2083 441
2084 287
2085 201
2086 514
2087 371
2088 576
2089 477
2090 338
2091 237
2092 189
2093 223
2094 371
2095 1274
2096 364
2097 1400
2098 690
2099 394
2100 184
2101 93
2102 24
2103 948
2104 909
2105 412
2106 17
2107 19
2108 147
2109 118
2110 687
2111 457
2112 727
2113 394
2114 273
2115 475
2116 310
2117 278
2118 861
2119 904
2120 162
2121 180
2122 60
2123 69
2124 771
2125 94
2126 459
2127 474
2128 705
2129 228
2130 323
2131 790
2132 960
2133 117
2134 6
2135 93
2136 25
2137 498
2138 984
2139 243
2140 84
2141 13
2142 17
2143 22
2144 631
2145 692
2146 269
2147 133
2148 961
2149 411
2150 1066
2151 147
2152 645
2153 798
2154 611
2155 196
2156 41
2157 70
2158 45
2159 301
2160 819
2161 832
2162 4
2163 34
2164 160
2165 663
2166 334
2167 259
2168 161
2169 415
2170 142
2171 69
2172 532
2173 361
2174 27
2175 222
2176 21
2177 404
2178 77
2179 176
2180 88
2181 226
2182 168
2183 278
2184 97
2185 2
2186 12
2187 481
2188 229
2189 180
2190 561
2191 442
2192 178
2193 645
2194 105
2195 33
2196 11
2197 98
2198 55
2199 302
2200 182
2201 335
2202 432
2203 634
2204 117
2205 653
2206 641
2207 177
2208 27
2209 296
2210 252
2211 530
2212 1002
2213 828
2214 144
2215 203
2216 34
2217 78
2218 44
2219 91
2220 356
2221 13
2222 18
2223 182
2224 440
2225 95
2226 69
2227 653
2228 546
2229 480
2230 571
2231 63
2232 218
2233 301
2234 19
2235 86
2236 30
2237 224
2238 78
2239 14
2240 3
2241 51
2242 29
2243 762
2244 360
2245 71
2246 136
2247 575
2248 1007
2249 149
2250 790
2251 358
2252 107
2253 278
2254 852
2255 394
2256 546
2257 150
2258 28
2259 93
2260 595
2261 98
2262 51
2263 18
2264 20
2265 201
2266 1024
2267 781
2268 692
2269 941
2270 945
2271 524
2272 26
2273 112
2274 1116
2275 792
2276 386
2277 866
2278 241
2279 66
2280 47
2281 682
2282 941
2283 109
2284 0
2285 86
2286 529
2287 121
2288 183
2289 190
2290 810
2291 1127
2292 103
2293 20
2294 878
2295 727
2296 191
2297 387
2298 231
2299 29
2300 384
2301 581
2302 305
2303 14
2304 170
2305 43
2306 115
2307 303
2308 861
2309 279
2310 269
2311 272
2312 201
2313 197
2314 397
2315 215
2316 997
2317 326
2318 6
2319 128
2320 739
2321 439
2322 374
2323 0
2324 6
2325 98
2326 845
2327 1394
2328 264
2329 59
2330 95
2331 40
2332 175
2333 175
2334 1321
2335 1650
2336 199
2337 42
2338 201
2339 455
2340 378
2341 116
2342 6
2343 0
2344 308
2345 616
2346 319
2347 480
2348 74
2349 276
2350 396
2351 632
2352 563
2353 900
2354 516
2355 126
2356 395
2357 146
2358 54
2359 3
2360 18
2361 10
2362 18
2363 831
2364 731
2365 100
2366 613
2367 484
2368 130
2369 328
2370 563
2371 380
2372 325
2373 205
2374 26
2375 426
2376 604
2377 16
2378 9
2379 80
2380 132
2381 33
2382 767
2383 426
2384 280
2385 1031
2386 287
2387 741
2388 1242
2389 726
2390 486
2391 896
2392 122
2393 112
2394 791
2395 280
2396 97
2397 22
2398 679
2399 22
2400 77
2401 447
2402 1702
2403 130
2404 232
2405 586
2406 762
2407 549
2408 297
2409 420
2410 275
2411 631
2412 422
2413 90
2414 5
2415 184
2416 51
2417 111
2418 26
2419 468
2420 844
2421 703
2422 1568
2423 216
2424 393
2425 490
2426 650
2427 817
2428 1004
2429 198
2430 12
2431 217
2432 549
2433 4
2434 91
2435 261
2436 298
2437 164
2438 1001
2439 109
2440 366
2441 797
2442 795
2443 342
2444 384
2445 405
2446 67
2447 5
2448 6
2449 358
2450 37
2451 107
2452 61
2453 35
2454 288
2455 286
2456 438
2457 387
2458 67
2459 260
2460 59
2461 36
2462 4
2463 42
2464 246
2465 1537
2466 233
2467 8
2468 104
2469 122
2470 261
2471 174
2472 164
2473 42
2474 16
2475 17
2476 0
2477 84
2478 388
2479 33
2480 128
2481 191
2482 63
2483 180
2484 268
2485 388
2486 178
2487 578
2488 95
2489 138
2490 23
2491 12
2492 4
2493 13
2494 170
2495 347
2496 122
2497 230
2498 48
2499 255
2500 136
2501 109
2502 145
2503 689
2504 33
2505 8
2506 45
2507 14
2508 18
2509 129
2510 76
2511 109
2512 99
2513 201
2514 0
2515 2
2516 61
2517 5
2518 1
2519 19
2520 91
2521 53
2522 89
2523 247
2524 13
2525 9
2526 368
2527 173
2528 3
2529 75
2530 114
2531 59
2532 23
2533 15
2534 583
2535 742
2536 104
2537 197
2538 298
2539 52
2540 5
2541 55
2542 833
2543 224
2544 286
2545 709
2546 67
2547 31
2548 199
2549 101
2550 60
2551 33
2552 252
2553 441
2554 173
2555 6
2556 6
2557 52
2558 141
2559 119
2560 390
2561 328
2562 91
2563 247
2564 71
2565 73
2566 147
2567 73
2568 68
2569 30
2570 79
2571 50
2572 0
2573 131
2574 10
2575 323
2576 18
2577 23
2578 25
2579 15
2580 1
2581 3
2582 0
2583 0
2584 0
2585 0
2586 0
2587 0
2588 0
2589 0
2590 0
2591 0
2592 1
2593 0
2594 0
2595 0
2596 0
2597 0
2598 4
