0 8
1 0
2 0
3 0
4 2
5 4
6 0
7 0
8 0
9 0
10 1
11 6
12 1
13 4
14 12
15 4
16 8
17 1
18 0
19 19
20 0
21 2
22 1
23 12
24 0
25 4
26 0
27 0
28 0
29 1
30 0
31 0
32 0
33 4
34 0
35 7
36 0
37 2
38 1
39 1
40 2
41 0
42 0
43 0
44 10
45 0
46 0
47 0
48 0
49 8
50 4
51 1
52 6
53 8
54 7
55 0
56 1
57 5
58 8
59 0
60 1
61 9
62 7
63 0
64 1
65 18
66 2
67 6
68 3
69 0
70 1
71 1
72 0
73 0
74 6
75 12
76 0
77 6
78 13
79 13
80 1
81 0
82 4
83 2
84 0
85 0
86 5
87 19
88 16
89 0
90 0
91 0
92 0
93 4
94 1
95 0
96 1
97 9
98 2
99 10
100 0
101 0
102 6
103 7
104 1
105 2
106 9
107 3
108 8
109 7
110 0
111 3
112 4
113 1
114 6
115 2
116 9
117 1
118 1
119 4
120 0
121 3
122 16
123 4
124 1
125 0
126 1
127 1
128 2
129 3
130 1
131 3
132 1
133 0
134 0
135 13
136 6
137 33
138 2
139 2
140 11
141 10
142 1
143 1
144 0
145 0
146 8
147 2
148 11
149 7
150 3
151 0
152 0
153 3
154 2
155 4
156 1
157 3
158 29
159 4
160 1
161 2
162 0
163 4
164 5
165 7
166 10
167 5
168 3
169 2
170 12
171 7
172 2
173 2
174 11
175 23
176 13
177 1
178 4
179 0
180 13
181 1
182 33
183 16
184 6
185 5
186 26
187 23
188 11
189 1
190 2
191 0
192 0
193 0
194 0
195 0
196 12
197 7
198 1
199 10
200 8
201 7
202 2
203 13
204 8
205 17
206 28
207 6
208 3
209 0
210 19
211 0
212 2
213 6
214 0
215 15
216 0
217 3
218 4
219 23
220 5
221 17
222 16
223 14
224 24
225 14
226 12
227 2
228 0
229 2
230 0
231 0
232 0
233 1
234 0
235 2
236 0
237 0
238 7
239 31
240 1
241 29
242 17
243 2
244 18
245 4
246 7
247 0
248 4
249 3
250 2
251 0
252 1
253 0
254 0
255 3
256 44
257 14
258 2
259 0
260 0
261 0
262 1
263 7
264 1
265 3
266 0
267 2
268 1
269 0
270 5
271 10
272 3
273 0
274 1
275 1
276 1
277 0
278 2
279 8
280 1
281 0
282 3
283 28
284 0
285 0
286 3
287 2
288 2
289 1
290 25
291 6
292 34
293 11
294 0
295 6
296 9
297 3
298 4
299 2
300 6
301 4
302 7
303 6
304 29
305 8
306 6
307 15
308 0
309 7
310 5
311 8
312 11
313 1
314 1
315 10
316 9
317 12
318 25
319 1
320 3
321 5
322 1
323 2
324 0
325 0
326 2
327 0
328 0
329 0
330 1
331 6
332 1
333 13
334 17
335 14
336 1
337 6
338 21
339 13
340 0
341 0
342 1
343 0
344 1
345 0
346 4
347 0
348 12
349 3
350 5
351 25
352 4
353 0
354 0
355 0
356 0
357 6
358 0
359 7
360 8
361 20
362 27
363 0
364 0
365 0
366 2
367 4
368 9
369 10
370 4
371 2
372 2
373 3
374 2
375 2
376 5
377 0
378 1
379 6
380 6
381 0
382 6
383 0
384 5
385 8
386 0
387 0
388 7
389 10
390 16
391 11
392 18
393 0
394 10
395 4
396 19
397 6
398 0
399 12
400 0
401 5
402 3
403 3
404 9
405 7
406 16
407 13
408 3
409 0
410 1
411 3
412 6
413 25
414 15
415 1
416 2
417 5
418 1
419 4
420 2
421 1
422 10
423 9
424 13
425 6
426 5
427 1
428 8
429 0
430 19
431 1
432 1
433 3
434 0
435 1
436 16
437 24
438 31
439 12
440 17
441 14
442 6
443 25
444 4
445 3
446 3
447 0
448 12
449 4
450 9
451 5
452 8
453 16
454 17
455 2
456 9
457 21
458 13
459 0
460 0
461 17
462 13
463 8
464 8
465 6
466 1
467 13
468 8
469 18
470 21
471 22
472 14
473 8
474 16
475 5
476 1
477 2
478 0
479 2
480 1
481 2
482 4
483 0
484 11
485 4
486 6
487 10
488 4
489 18
490 4
491 3
492 17
493 34
494 2
495 7
496 4
497 2
498 18
499 5
500 5
501 5
502 3
503 2
504 0
505 6
506 10
507 1
508 1
509 28
510 2
511 3
512 13
513 22
514 8
515 13
516 7
517 5
518 0
519 5
520 22
521 19
522 0
523 3
524 4
525 0
526 0
527 2
528 7
529 1
530 1
531 2
532 16
533 15
534 1
535 13
536 13
537 2
538 2
539 10
540 1
541 3
542 1
543 12
544 12
545 0
546 7
547 0
548 10
549 0
550 4
551 1
552 14
553 13
554 20
555 18
556 3
557 2
558 5
559 9
560 2
561 7
562 3
563 0
564 0
565 0
566 0
567 2
568 1
569 0
570 2
571 9
572 6
573 3
574 1
575 10
576 3
577 4
578 5
579 3
580 1
581 0
582 1
583 5
584 8
585 6
586 5
587 1
588 12
589 26
590 0
591 0
592 5
593 0
594 0
595 2
596 2
597 1
598 14
599 19
600 13
601 29
602 5
603 5
604 3
605 2
606 6
607 6
608 12
609 3
610 9
611 5
612 14
613 9
614 20
615 15
616 14
617 0
618 1
619 0
620 2
621 0
622 4
623 2
624 3
625 18
626 8
627 22
628 14
629 10
630 18
631 2
632 4
633 3
634 5
635 3
636 8
637 0
638 3
639 9
640 1
641 8
642 7
643 20
644 4
645 15
646 8
647 1
648 1
649 0
650 0
651 5
652 8
653 4
654 3
655 4
656 3
657 1
658 14
659 10
660 1
661 7
662 1
663 10
664 2
665 1
666 8
667 6
668 0
669 3
670 6
671 15
672 1
673 1
674 2
675 0
676 11
677 14
678 10
679 6
680 16
681 14
682 0
683 3
684 2
685 6
686 1
687 0
688 0
689 3
690 16
691 9
692 6
693 0
694 1
695 2
696 2
697 1
698 1
699 6
700 3
701 4
702 7
703 0
704 2
705 13
706 19
707 8
708 0
709 8
710 0
711 0
712 1
713 1
714 0
715 1
716 6
717 26
718 11
719 9
720 24
721 5
722 2
723 0
724 4
725 2
726 5
727 4
728 3
729 9
730 5
731 12
732 2
733 5
734 6
735 2
736 9
737 6
738 15
739 17
740 6
741 3
742 0
743 2
744 12
745 0
746 0
747 0
748 10
749 4
750 28
751 0
752 11
753 3
754 9
755 0
756 4
757 2
758 4
759 16
760 7
761 2
762 6
763 2
764 19
765 6
766 6
767 5
768 0
769 2
770 20
771 2
772 1
773 0
774 4
775 6
776 4
777 4
778 4
779 0
780 0
781 1
782 4
783 2
784 6
785 3
786 11
787 7
788 1
789 15
790 2
791 2
792 4
793 9
794 8
795 0
796 9
797 11
798 5
799 3
800 1
801 0
802 3
803 0
804 0
805 0
806 17
807 7
808 4
809 12
810 6
811 1
812 5
813 6
814 1
815 0
816 0
817 0
818 3
819 13
820 14
821 14
822 6
823 8
824 1
825 5
826 2
827 11
828 6
829 4
830 3
831 5
832 7
833 9
834 9
835 4
836 6
837 2
838 2
839 1
840 0
841 1
842 1
843 0
844 3
845 6
846 6
847 11
848 6
849 1
850 9
851 0
852 9
853 1
854 0
855 6
856 2
857 11
858 10
859 1
860 2
861 4
862 9
863 2
864 4
865 6
866 1
867 5
868 1
869 1
870 2
871 0
872 0
873 1
874 0
875 0
876 1
877 17
878 6
879 5
880 23
881 15
882 2
883 1
884 7
885 0
886 1
887 1
888 5
889 25
890 2
891 2
892 5
893 2
894 2
895 4
896 2
897 5
898 1
899 1
900 0
901 0
902 2
903 28
904 13
905 2
906 12
907 16
908 12
909 0
910 1
911 9
912 0
913 0
914 3
915 11
916 0
917 4
918 10
919 3
920 10
921 14
922 4
923 0
924 2
925 0
926 2
927 4
928 0
929 0
930 7
931 21
932 7
933 21
934 10
935 16
936 2
937 1
938 9
939 3
940 13
941 5
942 0
943 1
944 12
945 14
946 5
947 0
948 0
949 10
950 7
951 0
952 5
953 13
954 5
955 21
956 24
957 4
958 3
959 8
960 4
961 0
962 2
963 7
964 9
965 2
966 6
967 5
968 6
969 15
970 6
971 0
972 5
973 12
974 3
975 7
976 1
977 0
978 28
979 4
980 24
981 26
982 5
983 2
984 16
985 13
986 4
987 1
988 0
989 0
990 0
991 2
992 3
993 19
994 10
995 2
996 5
997 1
998 3
999 5
1000 2
1001 6
1002 11
1003 0
1004 0
1005 0
1006 0
1007 10
1008 19
1009 0
1010 3
1011 1
1012 0
1013 0
1014 0
1015 0
1016 5
1017 15
1018 1
1019 12
1020 10
1021 18
1022 11
1023 4
1024 6
1025 2
1026 8
1027 21
1028 4
1029 1
1030 1
1031 11
1032 0
1033 0
1034 3
1035 6
1036 3
1037 1
1038 17
1039 10
1040 15
1041 8
1042 0
1043 5
1044 2
1045 3
1046 7
1047 6
1048 7
1049 1
1050 1
1051 0
1052 0
1053 0
1054 0
1055 2
1056 4
1057 6
1058 9
1059 15
1060 16
1061 3
1062 0
1063 0
1064 0
1065 1
1066 0
1067 4
1068 1
1069 3
1070 3
1071 1
1072 14
1073 5
1074 11
1075 1
1076 1
1077 0
1078 6
1079 1
1080 12
1081 7
1082 2
1083 5
1084 4
1085 1
1086 0
1087 1
1088 0
1089 0
1090 11
1091 18
1092 14
1093 19
1094 8
1095 1
1096 3
1097 1
1098 4
1099 22
1100 0
1101 1
1102 1
1103 3
1104 1
1105 1
1106 20
1107 21
1108 3
1109 0
1110 40
1111 10
1112 1
1113 7
1114 14
1115 1
1116 0
1117 2
1118 1
1119 15
1120 13
1121 12
1122 1
1123 0
1124 3
1125 0
1126 4
1127 0
1128 5
1129 8
1130 0
1131 0
1132 0
1133 6
1134 3
1135 2
1136 0
1137 0
1138 0
1139 10
1140 43
1141 25
1142 10
1143 0
1144 1
1145 0
1146 2
1147 0
1148 0
1149 15
1150 24
1151 2
1152 2
1153 3
1154 6
1155 21
1156 13
1157 10
1158 2
1159 1
1160 2
1161 1
1162 5
1163 0
1164 0
1165 0
1166 4
1167 6
1168 14
1169 2
1170 14
1171 0
1172 0
1173 2
1174 0
1175 1
1176 9
1177 20
1178 2
1179 16
1180 1
1181 11
1182 8
1183 15
1184 5
1185 13
1186 6
1187 5
1188 0
1189 0
1190 0
1191 6
1192 6
1193 0
1194 1
1195 0
1196 1
1197 0
1198 5
1199 5
1200 3
1201 0
1202 0
1203 17
1204 1
1205 0
1206 3
1207 0
1208 4
1209 2
1210 12
1211 10
1212 25
1213 2
1214 6
1215 14
1216 6
1217 26
1218 12
1219 2
1220 8
1221 4
1222 2
1223 5
1224 5
1225 1
1226 4
1227 1
1228 6
1229 11
1230 3
1231 0
1232 3
1233 6
1234 7
1235 21
1236 4
1237 5
1238 8
1239 0
1240 3
1241 0
1242 0
1243 9
1244 0
1245 4
1246 2
1247 8
1248 19
1249 28
1250 1
1251 11
1252 19
1253 25
1254 40
1255 6
1256 4
1257 1
1258 12
1259 1
1260 4
1261 1
1262 4
1263 5
1264 14
1265 10
1266 6
1267 2
1268 0
1269 0
1270 1
1271 2
1272 5
1273 5
1274 34
1275 15
1276 1
1277 3
1278 3
1279 4
1280 0
1281 0
1282 0
1283 0
1284 0
1285 0
1286 9
1287 18
1288 5
1289 14
1290 13
1291 13
1292 6
1293 8
1294 105
1295 37
1296 4
1297 1
1298 4
1299 12
1300 2
1301 0
1302 3
1303 6
1304 19
1305 4
1306 2
1307 12
1308 9
1309 7
1310 1
1311 6
1312 0
1313 0
1314 0
1315 17
1316 15
1317 16
1318 20
1319 18
1320 18
1321 34
1322 19
1323 2
1324 2
1325 5
1326 1
1327 2
1328 0
1329 4
1330 1
1331 5
1332 22
1333 5
1334 1
1335 5
1336 4
1337 13
1338 10
1339 36
1340 49
1341 7
1342 3
1343 12
1344 14
1345 3
1346 2
1347 1
1348 1
1349 3
1350 19
1351 1
1352 0
1353 16
1354 1
1355 9
1356 8
1357 2
1358 3
1359 10
1360 1
1361 0
1362 0
1363 7
1364 25
1365 30
1366 6
1367 9
1368 8
1369 19
1370 14
1371 14
1372 0
1373 1
1374 0
1375 0
1376 1
1377 1
1378 4
1379 20
1380 21
1381 2
1382 3
1383 4
1384 9
1385 4
1386 13
1387 38
1388 10
1389 1
1390 12
1391 10
1392 2
1393 2
1394 1
1395 6
1396 6
1397 4
1398 0
1399 2
1400 13
1401 8
1402 7
1403 9
1404 8
1405 3
1406 3
1407 10
1408 10
1409 11
1410 9
1411 4
1412 3
1413 0
1414 2
1415 1
1416 9
1417 13
1418 8
1419 20
1420 9
1421 25
1422 6
1423 0
1424 2
1425 0
1426 2
1427 9
1428 27
1429 37
1430 21
1431 31
1432 21
1433 9
1434 10
1435 13
1436 10
1437 22
1438 0
1439 0
1440 6
1441 6
1442 34
1443 6
1444 6
1445 13
1446 19
1447 4
1448 5
1449 3
1450 2
1451 22
1452 4
1453 13
1454 8
1455 1
1456 6
1457 24
1458 0
1459 22
1460 7
1461 3
1462 2
1463 4
1464 0
1465 4
1466 6
1467 6
1468 1
1469 1
1470 0
1471 0
1472 1
1473 1
1474 0
1475 7
1476 34
1477 63
1478 24
1479 19
1480 25
1481 21
1482 4
1483 15
1484 11
1485 0
1486 3
1487 1
1488 10
1489 9
1490 40
1491 10
1492 4
1493 10
1494 11
1495 3
1496 18
1497 22
1498 3
1499 8
1500 14
1501 4
1502 6
1503 2
1504 9
1505 18
1506 2
1507 6
1508 16
1509 3
1510 6
1511 0
1512 1
1513 3
1514 24
1515 8
1516 4
1517 0
1518 0
1519 0
1520 0
1521 0
1522 1
1523 1
1524 9
1525 33
1526 25
1527 70
1528 52
1529 33
1530 12
1531 0
1532 5
1533 19
1534 1
1535 10
1536 6
1537 6
1538 12
1539 7
1540 0
1541 10
1542 2
1543 7
1544 39
1545 22
1546 25
1547 10
1548 3
1549 8
1550 16
1551 4
1552 4
1553 7
1554 3
1555 4
1556 20
1557 39
1558 4
1559 4
1560 8
1561 25
1562 15
1563 14
1564 0
1565 1
1566 6
1567 6
1568 18
1569 0
1570 0
1571 3
1572 50
1573 99
1574 34
1575 3
1576 33
1577 14
1578 10
1579 23
1580 27
1581 10
1582 13
1583 10
1584 6
1585 1
1586 0
1587 5
1588 17
1589 2
1590 34
1591 12
1592 8
1593 8
1594 8
1595 27
1596 18
1597 2
1598 1
1599 2
1600 24
1601 8
1602 24
1603 3
1604 2
1605 0
1606 1
1607 3
1608 0
1609 0
1610 0
1611 0
1612 7
1613 8
1614 5
1615 0
1616 11
1617 44
1618 34
1619 59
1620 27
1621 45
1622 36
1623 14
1624 10
1625 1
1626 28
1627 16
1628 7
1629 16
1630 10
1631 8
1632 9
1633 7
1634 13
1635 4
1636 4
1637 7
1638 7
1639 9
1640 15
1641 3
1642 0
1643 1
1644 1
1645 27
1646 48
1647 9
1648 16
1649 7
1650 5
1651 17
1652 43
1653 1
1654 6
1655 18
1656 20
1657 5
1658 8
1659 13
1660 6
1661 9
1662 7
1663 2
1664 8
1665 14
1666 10
1667 23
1668 20
1669 0
1670 4
1671 5
1672 0
1673 1
1674 0
1675 0
1676 0
1677 49
1678 32
1679 26
1680 28
1681 10
1682 16
1683 15
1684 8
1685 20
1686 12
1687 5
1688 6
1689 10
1690 4
1691 11
1692 3
1693 7
1694 11
1695 1
1696 5
1697 1
1698 2
1699 3
1700 1
1701 24
1702 2
1703 7
1704 0
1705 0
1706 1
1707 5
1708 0
1709 8
1710 46
1711 14
1712 8
1713 6
1714 6
1715 19
1716 13
1717 10
1718 2
1719 5
1720 1
1721 7
1722 1
1723 1
1724 2
1725 2
1726 6
1727 4
1728 16
1729 12
1730 1
1731 2
1732 0
1733 5
1734 2
1735 0
1736 4
1737 9
1738 18
1739 16
1740 11
1741 4
1742 14
1743 1
1744 6
1745 12
1746 5
1747 0
1748 1
1749 2
1750 4
1751 10
1752 14
1753 1
1754 0
1755 5
1756 3
1757 4
1758 6
1759 0
1760 0
1761 16
1762 5
1763 7
1764 8
1765 8
1766 4
1767 17
1768 9
1769 0
1770 1
1771 4
1772 8
1773 15
1774 7
1775 5
1776 6
1777 8
1778 15
1779 0
1780 2
1781 0
1782 8
1783 0
1784 2
1785 4
1786 0
1787 11
1788 6
1789 2
1790 7
1791 0
1792 11
1793 5
1794 1
1795 0
1796 2
1797 20
1798 18
1799 36
1800 28
1801 8
1802 10
1803 2
1804 6
1805 26
1806 26
1807 6
1808 7
1809 0
1810 9
1811 4
1812 3
1813 3
1814 2
1815 3
1816 2
1817 0
1818 4
1819 1
1820 8
1821 5
1822 3
1823 5
1824 20
1825 6
1826 2
1827 6
1828 9
1829 15
1830 1
1831 12
1832 3
1833 12
1834 2
1835 15
1836 6
1837 1
1838 5
1839 3
1840 4
1841 4
1842 1
1843 6
1844 20
1845 15
1846 4
1847 5
1848 13
1849 22
1850 2
1851 1
1852 2
1853 9
1854 3
1855 10
1856 6
1857 2
1858 17
1859 20
1860 5
1861 13
1862 14
1863 0
1864 5
1865 2
1866 6
1867 54
1868 12
1869 6
1870 1
1871 7
1872 24
1873 12
1874 3
1875 1
1876 1
1877 5
1878 6
1879 5
1880 0
1881 12
1882 19
1883 24
1884 13
1885 5
1886 2
1887 2
1888 0
1889 10
1890 12
1891 4
1892 7
1893 8
1894 33
1895 33
1896 14
1897 3
1898 3
1899 2
1900 15
1901 10
1902 2
1903 22
1904 7
1905 10
1906 7
1907 10
1908 5
1909 6
1910 6
1911 9
1912 18
1913 9
1914 2
1915 0
1916 1
1917 11
1918 4
1919 12
1920 4
1921 9
1922 1
1923 9
1924 8
1925 9
1926 1
1927 2
1928 2
1929 2
1930 5
1931 8
1932 3
1933 1
1934 4
1935 10
1936 13
1937 1
1938 1
1939 2
1940 11
1941 10
1942 25
1943 20
1944 3
1945 3
1946 4
1947 0
1948 4
1949 3
1950 3
1951 12
1952 7
1953 13
1954 7
1955 19
1956 3
1957 7
1958 10
1959 6
1960 3
1961 1
1962 0
1963 1
1964 20
1965 22
1966 2
1967 10
1968 20
1969 9
1970 4
1971 9
1972 19
1973 2
1974 4
1975 11
1976 4
1977 0
1978 1
1979 0
1980 11
1981 20
1982 8
1983 2
1984 3
1985 18
1986 8
1987 0
1988 1
1989 13
1990 7
1991 9
1992 7
1993 3
1994 7
1995 18
1996 28
1997 10
1998 5
1999 12
2000 12
2001 0
2002 2
2003 6
2004 18
2005 8
2006 4
2007 7
2008 5
2009 7
2010 8
2011 10
2012 2
2013 2
2014 12
2015 9
2016 17
2017 23
2018 1
2019 16
2020 5
2021 4
2022 3
2023 16
2024 26
2025 0
2026 5
2027 5
2028 5
2029 3
2030 10
2031 14
2032 9
2033 3
2034 10
2035 14
2036 19
2037 7
2038 6
2039 4
2040 3
2041 2
2042 4
2043 14
2044 3
2045 6
2046 5
2047 6
2048 18
2049 20
2050 14
2051 12
2052 1
2053 1
2054 8
2055 29
2056 4
2057 5
2058 5
2059 6
2060 6
2061 11
2062 9
2063 7
2064 2
2065 1
2066 13
2067 9
2068 0
2069 14
2070 3
2071 7
2072 17
2073 14
2074 7
2075 11
2076 16
2077 3
2078 0
2079 1
2080 10
2081 19
2082 13
2083 10
2084 6
2085 4
2086 11
2087 7
2088 12
2089 10
2090 7
2091 5
2092 4
2093 5
2094 8
2095 28
2096 7
2097 30
2098 14
2099 8
2100 4
2101 1
2102 0
2103 21
2104 20
2105 9
2106 0
2107 0
2108 3
2109 2
2110 15
2111 10
2112 15
2113 9
2114 5
2115 10
2116 6
2117 5
2118 18
2119 18
2120 3
2121 3
2122 1
2123 1
2124 17
2125 2
2126 10
2127 10
2128 15
2129 5
2130 7
2131 17
2132 21
2133 2
2134 0
2135 2
2136 0
2137 10
2138 22
2139 5
2140 1
2141 0
2142 0
2143 0
2144 14
2145 14
2146 5
2147 2
2148 20
2149 9
2150 24
2151 3
2152 14
2153 18
2154 14
2155 4
2156 1
2157 1
2158 0
2159 6
2160 19
2161 18
2162 0
2163 0
2164 3
2165 14
2166 7
2167 5
2168 3
2169 9
2170 3
2171 1
2172 11
2173 7
2174 0
2175 5
2176 0
2177 8
2178 1
2179 3
2180 1
2181 5
2182 3
2183 6
2184 2
2185 0
2186 0
2187 10
2188 4
2189 3
2190 12
2191 8
2192 4
2193 14
2194 2
2195 0
2196 0
2197 2
2198 1
2199 6
2200 4
2201 7
2202 10
2203 14
2204 2
2205 14
2206 14
2207 3
2208 0
2209 6
2210 5
2211 11
2212 21
2213 18
2214 3
2215 4
2216 0
2217 1
2218 0
2219 1
2220 7
2221 0
2222 0
2223 4
2224 9
2225 2
2226 1
2227 15
2228 12
2229 10
2230 12
2231 1
2232 4
2233 6
2234 0
2235 1
2236 0
2237 5
2238 1
2239 0
2240 0
2241 1
2242 0
2243 16
2244 7
2245 1
2246 2
2247 13
2248 21
2249 3
2250 17
2251 7
2252 2
2253 6
2254 19
2255 8
2256 12
2257 3
2258 0
2259 1
2260 13
2261 2
2262 1
2263 0
2264 0
2265 4
2266 23
2267 17
2268 14
2269 20
2270 21
2271 11
2272 0
2273 2
2274 25
2275 17
2276 8
2277 19
2278 5
2279 1
2280 0
2281 15
2282 21
2283 2
2284 0
2285 1
2286 11
2287 2
2288 4
2289 3
2290 18
2291 25
2292 2
2293 0
2294 19
2295 16
2296 4
2297 8
2298 4
2299 0
2300 8
2301 12
2302 6
2303 0
2304 3
2305 0
2306 2
2307 6
2308 18
2309 6
2310 6
2311 6
2312 4
2313 4
2314 9
2315 4
2316 23
2317 7
2318 0
2319 2
2320 16
2321 10
2322 8
2323 0
2324 0
2325 2
2326 19
2327 30
2328 5
2329 1
2330 2
2331 0
2332 4
2333 4
2334 30
2335 36
2336 4
2337 0
2338 4
2339 10
2340 8
2341 2
2342 0
2343 0
2344 6
2345 13
2346 7
2347 11
2348 1
2349 6
2350 8
2351 13
2352 12
2353 19
2354 11
2355 2
2356 8
2357 3
2358 1
2359 0
2360 0
2361 0
2362 0
2363 18
2364 16
2365 2
2366 13
2367 11
2368 3
2369 7
2370 13
2371 8
2372 7
2373 4
2374 0
2375 9
2376 13
2377 0
2378 0
2379 1
2380 2
2381 0
2382 17
2383 9
2384 6
2385 22
2386 6
2387 15
2388 28
2389 15
2390 10
2391 20
2392 2
2393 2
2394 17
2395 6
2396 2
2397 0
2398 15
2399 0
2400 1
2401 10
2402 38
2403 2
2404 4
2405 13
2406 17
2407 12
2408 6
2409 9
2410 6
2411 14
2412 9
2413 2
2414 0
2415 4
2416 1
2417 2
2418 0
2419 10
2420 18
2421 15
2422 34
2423 5
2424 9
2425 10
2426 13
2427 17
2428 22
2429 4
2430 0
2431 5
2432 12
2433 0
2434 2
2435 5
2436 6
2437 3
2438 22
2439 2
2440 8
2441 18
2442 17
2443 7
2444 8
2445 8
2446 1
2447 0
2448 0
2449 7
2450 0
2451 2
2452 1
2453 0
2454 6
2455 6
2456 9
2457 8
2458 1
2459 5
2460 1
2461 0
2462 0
2463 0
2464 5
2465 34
2466 5
2467 0
2468 2
2469 2
2470 5
2471 3
2472 3
2473 0
2474 0
2475 0
2476 0
2477 1
2478 8
2479 0
2480 2
2481 4
2482 1
2483 3
2484 5
2485 8
2486 4
2487 11
2488 2
2489 3
2490 0
2491 0
2492 0
2493 0
2494 3
2495 7
2496 2
2497 5
2498 1
2499 5
2500 3
2501 2
2502 2
2503 15
2504 0
2505 0
2506 1
2507 0
2508 0
2509 2
2510 1
2511 2
2512 2
2513 4
2514 0
2515 0
2516 1
2517 0
2518 0
2519 0
2520 2
2521 1
2522 1
2523 5
2524 0
2525 0
2526 7
2527 3
2528 0
2529 1
2530 2
2531 1
2532 0
2533 0
2534 13
2535 16
2536 2
2537 4
2538 6
2539 1
2540 0
2541 1
2542 19
2543 5
2544 6
2545 15
2546 1
2547 0
2548 4
2549 2
2550 1
2551 0
2552 5
2553 9
2554 3
2555 0
2556 0
2557 0
2558 3
2559 2
2560 8
2561 7
2562 1
2563 5
2564 1
2565 1
2566 3
2567 1
2568 1
2569 0
2570 1
2571 1
2572 0
2573 3
2574 0
2575 7
2576 0
2577 0
2578 0
2579 0
2580 0
2581 0
2582 0
2583 0
2584 0
2585 0
2586 0
2587 0
2588 0
2589 0
2590 0
2591 0
2592 0
2593 0
2594 0
2595 0
2596 0
2597 0
2598 0
