0 87
1 0
2 7
3 0
4 30
5 63
6 0
7 0
8 0
9 3
10 30
11 100
12 12
13 59
14 166
15 58
16 110
17 17
18 12
19 255
20 0
21 35
22 10
23 171
24 0
25 51
26 4
27 1
28 2
29 17
30 2
31 10
32 0
33 58
34 9
35 104
36 7
37 30
38 12
39 21
40 35
41 7
42 6
43 13
44 108
45 0
46 1
47 5
48 3
49 110
50 57
51 18
52 106
53 104
54 97
55 8
56 21
57 70
58 114
59 7
60 23
61 127
62 98
63 10
64 14
65 260
66 25
67 99
68 38
69 1
70 17
71 17
72 2
73 3
74 80
75 139
76 4
77 63
78 175
79 172
80 20
81 1
82 70
83 33
84 10
85 1
86 71
87 247
88 224
89 4
90 1
91 4
92 9
93 78
94 20
95 0
96 20
97 122
98 23
99 114
100 1
101 5
102 69
103 96
104 16
105 36
106 136
107 37
108 92
109 109
110 5
111 43
112 53
113 22
114 82
115 33
116 128
117 16
118 12
119 67
120 1
121 53
122 218
123 49
124 15
125 4
126 14
127 18
128 29
129 40
130 22
131 55
132 5
133 0
134 8
135 192
136 92
137 447
138 32
139 21
140 157
141 138
142 25
143 25
144 0
145 9
146 109
147 29
148 156
149 95
150 27
151 0
152 0
153 41
154 29
155 59
156 26
157 35
158 332
159 58
160 27
161 29
162 0
163 70
164 68
165 96
166 138
167 81
168 29
169 17
170 150
171 84
172 42
173 30
174 155
175 305
176 196
177 14
178 53
179 0
180 189
181 15
182 259
183 229
184 89
185 66
186 355
187 238
188 175
189 17
190 36
191 1
192 0
193 2
194 3
195 0
196 174
197 97
198 15
199 106
200 115
201 93
202 28
203 167
204 109
205 200
206 381
207 78
208 54
209 0
210 268
211 6
212 28
213 82
214 0
215 212
216 10
217 33
218 58
219 295
220 54
221 236
222 223
223 214
224 369
225 199
226 174
227 33
228 0
229 38
230 4
231 0
232 0
233 22
234 0
235 26
236 0
237 1
238 82
239 413
240 14
241 329
242 236
243 35
244 258
245 41
246 86
247 0
248 64
249 46
250 35
251 6
252 18
253 0
254 9
255 50
256 622
257 193
258 37
259 0
260 0
261 0
262 13
263 99
264 16
265 43
266 10
267 37
268 7
269 1
270 58
271 142
272 41
273 0
274 8
275 14
276 15
277 5
278 32
279 104
280 12
281 0
282 56
283 389
284 8
285 10
286 49
287 35
288 43
289 23
290 323
291 81
292 447
293 168
294 3
295 90
296 126
297 49
298 71
299 26
300 86
301 69
302 95
303 80
304 406
305 136
306 80
307 204
308 0
309 103
310 80
311 107
312 128
313 15
314 26
315 139
316 130
317 159
318 336
319 15
320 60
321 73
322 16
323 25
324 0
325 5
326 23
327 12
328 3
329 0
330 15
331 88
332 20
333 185
334 230
335 198
336 23
337 90
338 290
339 132
340 0
341 8
342 14
343 0
344 13
345 5
346 59
347 9
348 158
349 54
350 77
351 350
352 63
353 8
354 0
355 6
356 3
357 89
358 0
359 98
360 109
361 281
362 293
363 8
364 0
365 1
366 31
367 55
368 114
369 138
370 48
371 16
372 25
373 57
374 24
375 34
376 78
377 2
378 13
379 88
380 91
381 0
382 80
383 3
384 64
385 116
386 0
387 2
388 110
389 144
390 224
391 156
392 251
393 5
394 137
395 73
396 254
397 87
398 0
399 177
400 6
401 78
402 39
403 45
404 128
405 102
406 227
407 175
408 52
409 5
410 19
411 44
412 65
413 345
414 224
415 11
416 45
417 85
418 3
419 53
420 20
421 8
422 142
423 133
424 182
425 82
426 63
427 30
428 124
429 5
430 269
431 11
432 16
433 46
434 5
435 13
436 216
437 319
438 444
439 156
440 247
441 213
442 91
443 352
444 52
445 53
446 36
447 11
448 172
449 59
450 129
451 67
452 132
453 222
454 229
455 38
456 90
457 314
458 192
459 0
460 7
461 226
462 174
463 100
464 113
465 84
466 16
467 183
468 107
469 232
470 304
471 330
472 186
473 105
474 206
475 75
476 16
477 28
478 6
479 46
480 29
481 52
482 49
483 9
484 165
485 51
486 73
487 130
488 51
489 237
490 50
491 47
492 248
493 446
494 41
495 97
496 55
497 26
498 264
499 79
500 82
501 73
502 63
503 26
504 11
505 82
506 143
507 19
508 12
509 393
510 26
511 41
512 143
513 292
514 117
515 178
516 74
517 70
518 3
519 67
520 300
521 259
522 6
523 52
524 61
525 2
526 4
527 26
528 109
529 31
530 11
531 31
532 218
533 195
534 19
535 177
536 188
537 29
538 28
539 141
540 17
541 35
542 22
543 168
544 170
545 3
546 93
547 0
548 108
549 5
550 70
551 18
552 183
553 193
554 275
555 245
556 52
557 26
558 72
559 131
560 23
561 102
562 42
563 0
564 1
565 1
566 0
567 35
568 12
569 3
570 31
571 105
572 84
573 51
574 18
575 120
576 40
577 61
578 71
579 42
580 16
581 0
582 14
583 57
584 109
585 98
586 62
587 28
588 167
589 357
590 8
591 3
592 78
593 8
594 6
595 27
596 27
597 13
598 191
599 279
600 190
601 409
602 79
603 73
604 49
605 25
606 93
607 71
608 138
609 50
610 128
611 52
612 158
613 123
614 284
615 201
616 191
617 0
618 10
619 7
620 36
621 2
622 60
623 28
624 33
625 246
626 114
627 296
628 190
629 159
630 245
631 38
632 61
633 39
634 62
635 43
636 127
637 1
638 51
639 129
640 16
641 112
642 100
643 289
644 54
645 201
646 111
647 14
648 14
649 0
650 0
651 76
652 106
653 59
654 56
655 59
656 39
657 18
658 211
659 163
660 13
661 105
662 10
663 139
664 27
665 10
666 102
667 87
668 6
669 52
670 70
671 198
672 19
673 14
674 30
675 7
676 148
677 197
678 151
679 91
680 221
681 157
682 9
683 42
684 28
685 73
686 25
687 2
688 1
689 36
690 236
691 109
692 95
693 1
694 25
695 33
696 36
697 25
698 19
699 62
700 47
701 59
702 74
703 8
704 30
705 136
706 260
707 111
708 8
709 93
710 7
711 0
712 18
713 16
714 0
715 14
716 67
717 339
718 164
719 133
720 341
721 69
722 40
723 0
724 60
725 33
726 71
727 57
728 54
729 133
730 75
731 164
732 22
733 55
734 94
735 37
736 118
737 91
738 218
739 253
740 77
741 58
742 1
743 37
744 157
745 2
746 0
747 0
748 142
749 42
750 363
751 11
752 170
753 48
754 131
755 11
756 51
757 25
758 58
759 167
760 97
761 26
762 85
763 21
764 256
765 73
766 86
767 67
768 2
769 37
770 258
771 41
772 13
773 0
774 56
775 105
776 60
777 62
778 61
779 5
780 0
781 21
782 51
783 36
784 71
785 43
786 162
787 106
788 24
789 212
790 29
791 27
792 55
793 106
794 123
795 0
796 120
797 133
798 71
799 38
800 20
801 0
802 30
803 0
804 6
805 2
806 258
807 102
808 62
809 175
810 103
811 24
812 54
813 86
814 19
815 8
816 0
817 0
818 48
819 184
820 165
821 197
822 65
823 112
824 22
825 69
826 25
827 152
828 94
829 55
830 47
831 74
832 101
833 96
834 123
835 59
836 76
837 35
838 28
839 7
840 0
841 23
842 10
843 0
844 51
845 84
846 76
847 150
848 98
849 28
850 120
851 2
852 99
853 22
854 9
855 71
856 29
857 154
858 145
859 25
860 31
861 52
862 140
863 28
864 54
865 78
866 16
867 73
868 23
869 14
870 32
871 9
872 2
873 12
874 0
875 0
876 13
877 235
878 93
879 64
880 312
881 208
882 26
883 26
884 114
885 13
886 18
887 20
888 63
889 355
890 35
891 24
892 78
893 38
894 25
895 64
896 31
897 74
898 28
899 10
900 0
901 2
902 33
903 391
904 174
905 41
906 171
907 226
908 161
909 8
910 16
911 124
912 2
913 5
914 37
915 157
916 5
917 61
918 146
919 48
920 147
921 152
922 46
923 11
924 28
925 5
926 27
927 70
928 0
929 0
930 100
931 220
932 92
933 230
934 135
935 224
936 37
937 22
938 138
939 47
940 193
941 77
942 0
943 10
944 158
945 205
946 75
947 5
948 0
949 146
950 95
951 5
952 74
953 130
954 72
955 303
956 242
957 61
958 37
959 109
960 57
961 9
962 28
963 99
964 119
965 29
966 88
967 71
968 79
969 177
970 88
971 3
972 75
973 171
974 51
975 95
976 17
977 14
978 409
979 56
980 331
981 356
982 65
983 30
984 214
985 148
986 51
987 13
988 0
989 0
990 6
991 37
992 47
993 257
994 140
995 21
996 81
997 21
998 37
999 80
1000 30
1001 90
1002 159
1003 2
1004 0
1005 3
1006 0
1007 136
1008 256
1009 0
1010 39
1011 20
1012 8
1013 0
1014 0
1015 0
1016 71
1017 158
1018 19
1019 132
1020 155
1021 255
1022 149
1023 64
1024 82
1025 25
1026 114
1027 303
1028 60
1029 19
1030 21
1031 156
1032 4
1033 13
1034 43
1035 90
1036 40
1037 23
1038 253
1039 136
1040 160
1041 128
1042 5
1043 61
1044 31
1045 53
1046 77
1047 76
1048 110
1049 17
1050 17
1051 0
1052 0
1053 2
1054 10
1055 32
1056 56
1057 90
1058 126
1059 205
1060 218
1061 47
1062 0
1063 10
1064 0
1065 18
1066 7
1067 61
1068 16
1069 38
1070 49
1071 29
1072 192
1073 69
1074 149
1075 7
1076 17
1077 0
1078 85
1079 13
1080 155
1081 81
1082 38
1083 56
1084 58
1085 20
1086 0
1087 13
1088 1
1089 1
1090 149
1091 245
1092 197
1093 271
1094 108
1095 12
1096 49
1097 17
1098 51
1099 293
1100 4
1101 19
1102 25
1103 46
1104 16
1105 26
1106 303
1107 276
1108 57
1109 4
1110 557
1111 110
1112 13
1113 105
1114 177
1115 16
1116 1
1117 23
1118 20
1119 200
1120 187
1121 170
1122 24
1123 8
1124 50
1125 4
1126 52
1127 0
1128 70
1129 83
1130 2
1131 0
1132 0
1133 84
1134 54
1135 32
1136 0
1137 0
1138 0
1139 143
1140 466
1141 272
1142 132
1143 2
1144 18
1145 0
1146 36
1147 0
1148 8
1149 218
1150 341
1151 25
1152 39
1153 50
1154 87
1155 280
1156 179
1157 127
1158 34
1159 10
1160 43
1161 10
1162 69
1163 0
1164 5
1165 1
1166 40
1167 83
1168 176
1169 35
1170 196
1171 0
1172 0
1173 36
1174 12
1175 12
1176 119
1177 228
1178 41
1179 179
1180 19
1181 156
1182 112
1183 205
1184 57
1185 189
1186 101
1187 67
1188 7
1189 1
1190 0
1191 91
1192 83
1193 1
1194 26
1195 8
1196 20
1197 4
1198 77
1199 76
1200 40
1201 3
1202 1
1203 241
1204 21
1205 8
1206 32
1207 4
1208 56
1209 37
1210 155
1211 149
1212 342
1213 23
1214 89
1215 208
1216 80
1217 329
1218 175
1219 25
1220 111
1221 67
1222 26
1223 75
1224 65
1225 20
1226 39
1227 18
1228 80
1229 155
1230 59
1231 6
1232 45
1233 72
1234 88
1235 308
1236 57
1237 78
1238 101
1239 2
1240 38
1241 0
1242 9
1243 124
1244 3
1245 60
1246 36
1247 91
1248 252
1249 398
1250 23
1251 153
1252 272
1253 343
1254 547
1255 81
1256 57
1257 24
1258 155
1259 14
1260 48
1261 21
1262 65
1263 49
1264 181
1265 145
1266 83
1267 27
1268 9
1269 3
1270 11
1271 44
1272 67
1273 75
1274 378
1275 174
1276 18
1277 41
1278 47
1279 47
1280 2
1281 6
1282 4
1283 1
1284 1
1285 0
1286 124
1287 251
1288 76
1289 197
1290 191
1291 183
1292 74
1293 107
1294 1443
1295 511
1296 63
1297 15
1298 73
1299 181
1300 29
1301 0
1302 42
1303 87
1304 223
1305 57
1306 24
1307 157
1308 128
1309 79
1310 25
1311 79
1312 0
1313 0
1314 1
1315 193
1316 201
1317 219
1318 212
1319 241
1320 242
1321 466
1322 267
1323 32
1324 24
1325 72
1326 13
1327 29
1328 0
1329 58
1330 25
1331 75
1332 292
1333 78
1334 21
1335 63
1336 55
1337 179
1338 144
1339 497
1340 670
1341 106
1342 22
1343 166
1344 213
1345 44
1346 28
1347 28
1348 14
1349 53
1350 267
1351 20
1352 11
1353 234
1354 28
1355 126
1356 108
1357 34
1358 40
1359 121
1360 18
1361 0
1362 2
1363 82
1364 354
1365 436
1366 85
1367 131
1368 112
1369 268
1370 192
1371 198
1372 0
1373 25
1374 1
1375 0
1376 14
1377 17
1378 67
1379 211
1380 289
1381 37
1382 33
1383 48
1384 136
1385 62
1386 185
1387 494
1388 158
1389 21
1390 175
1391 152
1392 31
1393 40
1394 22
1395 70
1396 86
1397 65
1398 0
1399 21
1400 186
1401 128
1402 92
1403 133
1404 97
1405 49
1406 50
1407 138
1408 141
1409 162
1410 137
1411 58
1412 47
1413 0
1414 28
1415 16
1416 129
1417 170
1418 112
1419 289
1420 107
1421 342
1422 67
1423 0
1424 28
1425 3
1426 19
1427 109
1428 365
1429 516
1430 309
1431 435
1432 291
1433 127
1434 148
1435 192
1436 124
1437 254
1438 5
1439 0
1440 83
1441 79
1442 378
1443 76
1444 77
1445 153
1446 253
1447 60
1448 85
1449 44
1450 40
1451 242
1452 70
1453 186
1454 84
1455 13
1456 82
1457 339
1458 11
1459 329
1460 103
1461 61
1462 32
1463 48
1464 0
1465 39
1466 86
1467 72
1468 25
1469 25
1470 2
1471 0
1472 15
1473 18
1474 16
1475 105
1476 466
1477 826
1478 324
1479 255
1480 333
1481 283
1482 54
1483 211
1484 144
1485 0
1486 43
1487 9
1488 153
1489 123
1490 520
1491 130
1492 57
1493 144
1494 152
1495 40
1496 244
1497 314
1498 35
1499 107
1500 194
1501 44
1502 87
1503 36
1504 138
1505 249
1506 35
1507 85
1508 213
1509 44
1510 80
1511 12
1512 20
1513 45
1514 258
1515 108
1516 64
1517 8
1518 0
1519 0
1520 2
1521 6
1522 11
1523 12
1524 131
1525 475
1526 331
1527 939
1528 577
1529 472
1530 169
1531 3
1532 75
1533 275
1534 13
1535 151
1536 87
1537 94
1538 175
1539 80
1540 9
1541 144
1542 34
1543 98
1544 516
1545 302
1546 268
1547 164
1548 58
1549 118
1550 225
1551 51
1552 56
1553 103
1554 37
1555 56
1556 282
1557 525
1558 55
1559 59
1560 97
1561 334
1562 221
1563 189
1564 3
1565 14
1566 87
1567 69
1568 250
1569 2
1570 9
1571 55
1572 687
1573 1356
1574 464
1575 44
1576 447
1577 202
1578 141
1579 322
1580 380
1581 144
1582 179
1583 135
1584 92
1585 19
1586 3
1587 70
1588 247
1589 30
1590 465
1591 151
1592 110
1593 110
1594 110
1595 372
1596 259
1597 32
1598 9
1599 37
1600 334
1601 106
1602 259
1603 47
1604 27
1605 4
1606 17
1607 42
1608 0
1609 2
1610 1
1611 0
1612 102
1613 126
1614 66
1615 6
1616 149
1617 579
1618 441
1619 831
1620 388
1621 597
1622 505
1623 191
1624 123
1625 20
1626 369
1627 216
1628 96
1629 228
1630 112
1631 110
1632 129
1633 112
1634 170
1635 59
1636 57
1637 105
1638 103
1639 127
1640 218
1641 55
1642 2
1643 14
1644 17
1645 381
1646 677
1647 132
1648 244
1649 113
1650 78
1651 235
1652 586
1653 17
1654 84
1655 259
1656 284
1657 72
1658 120
1659 193
1660 85
1661 121
1662 115
1663 33
1664 134
1665 191
1666 138
1667 312
1668 213
1669 2
1670 49
1671 72
1672 0
1673 16
1674 1
1675 8
1676 7
1677 685
1678 436
1679 349
1680 389
1681 133
1682 210
1683 213
1684 122
1685 270
1686 161
1687 71
1688 98
1689 141
1690 63
1691 154
1692 42
1693 96
1694 158
1695 9
1696 70
1697 19
1698 31
1699 46
1700 17
1701 324
1702 31
1703 105
1704 0
1705 4
1706 23
1707 73
1708 3
1709 121
1710 614
1711 195
1712 121
1713 77
1714 101
1715 271
1716 199
1717 114
1718 39
1719 89
1720 8
1721 85
1722 23
1723 16
1724 43
1725 27
1726 82
1727 68
1728 231
1729 196
1730 14
1731 28
1732 8
1733 83
1734 37
1735 2
1736 62
1737 123
1738 246
1739 234
1740 154
1741 45
1742 218
1743 23
1744 93
1745 157
1746 75
1747 4
1748 17
1749 32
1750 43
1751 141
1752 204
1753 19
1754 12
1755 64
1756 36
1757 53
1758 89
1759 1
1760 0
1761 219
1762 69
1763 97
1764 113
1765 102
1766 70
1767 238
1768 122
1769 3
1770 26
1771 62
1772 125
1773 171
1774 89
1775 77
1776 82
1777 114
1778 157
1779 3
1780 36
1781 0
1782 124
1783 8
1784 38
1785 65
1786 4
1787 113
1788 82
1789 36
1790 107
1791 3
1792 122
1793 70
1794 14
1795 0
1796 34
1797 259
1798 159
1799 465
1800 392
1801 112
1802 129
1803 40
1804 87
1805 376
1806 362
1807 78
1808 112
1809 0
1810 126
1811 59
1812 39
1813 57
1814 26
1815 49
1816 35
1817 4
1818 58
1819 14
1820 114
1821 81
1822 66
1823 71
1824 283
1825 78
1826 29
1827 90
1828 123
1829 171
1830 13
1831 181
1832 51
1833 163
1834 29
1835 220
1836 89
1837 22
1838 79
1839 36
1840 62
1841 35
1842 24
1843 86
1844 278
1845 191
1846 58
1847 71
1848 189
1849 288
1850 35
1851 20
1852 26
1853 102
1854 53
1855 143
1856 86
1857 35
1858 216
1859 281
1860 61
1861 190
1862 194
1863 11
1864 70
1865 23
1866 87
1867 731
1868 164
1869 91
1870 29
1871 97
1872 325
1873 169
1874 50
1875 19
1876 21
1877 77
1878 99
1879 67
1880 5
1881 178
1882 279
1883 261
1884 134
1885 60
1886 28
1887 32
1888 2
1889 145
1890 166
1891 58
1892 104
1893 117
1894 376
1895 478
1896 199
1897 42
1898 33
1899 44
1900 215
1901 142
1902 21
1903 297
1904 95
1905 135
1906 85
1907 150
1908 80
1909 86
1910 93
1911 125
1912 246
1913 116
1914 28
1915 8
1916 14
1917 141
1918 65
1919 152
1920 62
1921 100
1922 19
1923 138
1924 127
1925 142
1926 24
1927 25
1928 30
1929 33
1930 61
1931 117
1932 43
1933 21
1934 60
1935 136
1936 165
1937 21
1938 24
1939 43
1940 98
1941 132
1942 344
1943 288
1944 38
1945 54
1946 62
1947 9
1948 68
1949 43
1950 51
1951 160
1952 96
1953 173
1954 94
1955 221
1956 36
1957 106
1958 126
1959 83
1960 50
1961 13
1962 1
1963 27
1964 293
1965 314
1966 27
1967 154
1968 286
1969 131
1970 60
1971 131
1972 218
1973 31
1974 59
1975 120
1976 64
1977 0
1978 14
1979 9
1980 155
1981 263
1982 119
1983 29
1984 48
1985 252
1986 112
1987 13
1988 14
1989 136
1990 92
1991 124
1992 106
1993 50
1994 83
1995 256
1996 391
1997 114
1998 67
1999 165
2000 130
2001 4
2002 22
2003 91
2004 191
2005 123
2006 51
2007 86
2008 68
2009 107
2010 108
2011 149
2012 29
2013 26
2014 167
2015 96
2016 240
2017 306
2018 24
2019 218
2020 80
2021 67
2022 51
2023 247
2024 280
2025 8
2026 58
2027 77
2028 65
2029 28
2030 140
2031 160
2032 132
2033 41
2034 133
2035 203
2036 276
2037 107
2038 67
2039 50
2040 49
2041 35
2042 58
2043 211
2044 42
2045 84
2046 66
2047 87
2048 235
2049 226
2050 183
2051 186
2052 16
2053 23
2054 126
2055 381
2056 60
2057 63
2058 78
2059 81
2060 86
2061 168
2062 106
2063 102
2064 20
2065 17
2066 184
2067 136
2068 5
2069 193
2070 56
2071 102
2072 235
2073 201
2074 100
2075 141
2076 232
2077 55
2078 0
2079 24
2080 142
2081 256
2082 178
2083 140
2084 80
2085 61
2086 157
2087 122
2088 166
2089 116
2090 103
2091 59
2092 50
2093 69
2094 116
2095 372
2096 117
2097 424
2098 209
2099 128
2100 57
2101 27
2102 3
2103 293
2104 277
2105 123
2106 3
2107 5
2108 45
2109 31
2110 201
2111 145
2112 239
2113 115
2114 62
2115 140
2116 93
2117 69
2118 264
2119 251
2120 54
2121 52
2122 19
2123 18
2124 226
2125 29
2126 134
2127 134
2128 168
2129 77
2130 100
2131 186
2132 233
2133 32
2134 1
2135 26
2136 6
2137 150
2138 306
2139 82
2140 26
2141 0
2142 2
2143 5
2144 188
2145 167
2146 65
2147 32
2148 282
2149 98
2150 318
2151 47
2152 192
2153 236
2154 112
2155 55
2156 6
2157 17
2158 12
2159 100
2160 252
2161 197
2162 0
2163 4
2164 45
2165 164
2166 96
2167 77
2168 45
2169 103
2170 44
2171 16
2172 166
2173 83
2174 5
2175 69
2176 1
2177 112
2178 20
2179 52
2180 23
2181 64
2182 49
2183 62
2184 24
2185 0
2186 0
2187 149
2188 66
2189 50
2190 139
2191 133
2192 44
2193 191
2194 30
2195 9
2196 0
2197 32
2198 7
2199 89
2200 54
2201 96
2202 134
2203 157
2204 37
2205 186
2206 167
2207 54
2208 3
2209 90
2210 75
2211 170
2212 286
2213 250
2214 42
2215 64
2216 10
2217 22
2218 14
2219 25
2220 107
2221 3
2222 2
2223 43
2224 97
2225 24
2226 22
2227 197
2228 125
2229 118
2230 183
2231 12
2232 66
2233 75
2234 1
2235 19
2236 6
2237 64
2238 24
2239 1
2240 0
2241 13
2242 4
2243 214
2244 122
2245 23
2246 31
2247 176
2248 295
2249 34
2250 244
2251 111
2252 31
2253 78
2254 246
2255 119
2256 168
2257 42
2258 4
2259 27
2260 167
2261 28
2262 17
2263 4
2264 6
2265 43
2266 303
2267 134
2268 203
2269 285
2270 286
2271 150
2272 6
2273 31
2274 341
2275 245
2276 119
2277 258
2278 56
2279 11
2280 14
2281 218
2282 292
2283 36
2284 0
2285 24
2286 160
2287 31
2288 55
2289 52
2290 240
2291 357
2292 31
2293 4
2294 216
2295 225
2296 46
2297 134
2298 74
2299 5
2300 117
2301 181
2302 99
2303 0
2304 50
2305 13
2306 30
2307 97
2308 244
2309 80
2310 67
2311 88
2312 66
2313 57
2314 116
2315 55
2316 307
2317 101
2318 1
2319 40
2320 220
2321 136
2322 114
2323 0
2324 0
2325 22
2326 254
2327 419
2328 82
2329 17
2330 30
2331 6
2332 43
2333 51
2334 408
2335 502
2336 62
2337 7
2338 57
2339 127
2340 107
2341 29
2342 0
2343 0
2344 76
2345 184
2346 105
2347 153
2348 22
2349 88
2350 122
2351 206
2352 164
2353 270
2354 151
2355 37
2356 105
2357 42
2358 9
2359 0
2360 3
2361 0
2362 2
2363 249
2364 209
2365 28
2366 188
2367 136
2368 42
2369 98
2370 175
2371 119
2372 96
2373 63
2374 4
2375 126
2376 179
2377 1
2378 1
2379 17
2380 40
2381 7
2382 230
2383 127
2384 84
2385 311
2386 81
2387 231
2388 307
2389 218
2390 151
2391 230
2392 40
2393 29
2394 236
2395 85
2396 25
2397 2
2398 201
2399 4
2400 21
2401 129
2402 502
2403 32
2404 57
2405 178
2406 232
2407 173
2408 88
2409 127
2410 84
2411 191
2412 126
2413 27
2414 0
2415 46
2416 18
2417 33
2418 8
2419 139
2420 255
2421 216
2422 464
2423 68
2424 124
2425 152
2426 197
2427 244
2428 303
2429 58
2430 2
2431 64
2432 164
2433 0
2434 28
2435 82
2436 85
2437 48
2438 299
2439 31
2440 100
2441 236
2442 239
2443 109
2444 112
2445 125
2446 18
2447 0
2448 0
2449 118
2450 7
2451 35
2452 15
2453 7
2454 85
2455 90
2456 131
2457 120
2458 23
2459 74
2460 15
2461 5
2462 0
2463 6
2464 78
2465 468
2466 53
2467 1
2468 28
2469 37
2470 67
2471 56
2472 51
2473 12
2474 1
2475 2
2476 0
2477 28
2478 125
2479 7
2480 28
2481 56
2482 14
2483 52
2484 81
2485 124
2486 54
2487 132
2488 27
2489 49
2490 6
2491 0
2492 0
2493 0
2494 48
2495 102
2496 34
2497 68
2498 16
2499 67
2500 36
2501 31
2502 43
2503 160
2504 3
2505 0
2506 6
2507 0
2508 2
2509 39
2510 17
2511 35
2512 28
2513 47
2514 0
2515 0
2516 20
2517 0
2518 0
2519 2
2520 24
2521 17
2522 22
2523 70
2524 0
2525 1
2526 108
2527 44
2528 0
2529 15
2530 31
2531 13
2532 6
2533 0
2534 178
2535 223
2536 30
2537 57
2538 85
2539 12
2540 0
2541 12
2542 266
2543 69
2544 84
2545 214
2546 17
2547 5
2548 66
2549 29
2550 17
2551 10
2552 44
2553 136
2554 51
2555 0
2556 0
2557 10
2558 33
2559 36
2560 109
2561 95
2562 29
2563 74
2564 25
2565 22
2566 42
2567 22
2568 16
2569 6
2570 21
2571 14
2572 0
2573 32
2574 1
2575 97
2576 4
2577 8
2578 4
2579 2
2580 0
2581 0
2582 0
2583 0
2584 0
2585 0
2586 0
2587 0
2588 0
2589 0
2590 0
2591 0
2592 0
2593 0
2594 0
2595 0
2596 0
2597 0
2598 0
