0 125
1 378
2 143
3 254
4 285
5 226
6 169
7 134
8 435
9 331
10 144
11 128
12 143
13 132
14 132
15 227
16 130
17 269
18 132
19 129
20 133
21 130
22 265
23 127
24 341
25 277
26 122
27 127
28 318
29 171
30 130
31 122
32 431
33 140
34 282
35 131
36 274
37 223
38 129
39 129
40 129
41 126
42 132
43 133
44 145
45 289
46 127
47 288
48 241
49 129
50 127
51 231
52 129
53 127
54 129
55 130
56 124
57 131
58 138
59 128
60 233
61 130
62 128
63 307
64 130
65 129
66 268
67 128
68 128
69 315
70 132
71 126
72 357
73 389
74 131
75 128
76 131
77 128
78 262
79 131
80 130
81 321
82 222
83 127
84 272
85 233
86 132
87 128
88 128
89 166
90 124
91 232
92 124
93 226
94 122
95 125
96 123
97 129
98 431
99 128
100 131
101 387
102 160
103 127
104 132
105 292
106 323
107 161
108 182
109 129
110 127
111 297
112 133
113 123
114 137
115 128
116 225
117 129
118 263
119 152
120 126
121 306
122 132
123 126
124 130
125 130
126 155
127 152
128 125
129 122
130 122
131 128
132 170
133 0
134 356
135 266
136 127
137 131
138 128
139 235
140 150
141 124
142 170
143 122
144 127
145 294
146 128
147 151
148 225
149 132
150 234
151 0
152 273
153 125
154 123
155 128
156 131
157 151
158 127
159 130
160 170
161 155
162 264
163 256
164 225
165 130
166 133
167 133
168 232
169 234
170 286
171 127
172 128
173 123
174 134
175 133
176 122
177 120
178 398
179 171
180 132
181 299
182 127
183 265
184 121
185 131
186 229
187 234
188 228
189 133
190 226
191 239
192 228
193 128
194 365
195 234
196 317
197 131
198 255
199 128
200 124
201 360
202 132
203 130
204 131
205 234
206 269
207 232
208 225
209 133
210 230
211 300
212 300
213 273
214 0
215 130
216 129
217 256
218 131
219 231
220 151
221 230
222 153
223 128
224 153
225 130
226 227
227 152
228 131
229 129
230 230
231 291
232 0
233 123
234 0
235 222
236 0
237 170
238 298
239 129
240 273
241 143
242 119
243 129
244 232
245 123
246 131
247 274
248 348
249 427
250 225
251 226
252 227
253 0
254 129
255 128
256 129
257 143
258 301
259 255
260 95
261 128
262 226
263 231
264 316
265 286
266 285
267 253
268 127
269 126
270 228
271 169
272 121
273 129
274 225
275 170
276 128
277 253
278 134
279 167
280 255
281 128
282 123
283 126
284 129
285 133
286 261
287 269
288 226
289 185
290 131
291 120
292 123
293 122
294 145
295 126
296 254
297 131
298 232
299 296
300 218
301 126
302 169
303 426
304 405
305 131
306 133
307 129
308 269
309 128
310 253
311 235
312 170
313 315
314 130
315 126
316 145
317 129
318 325
319 171
320 127
321 122
322 275
323 168
324 260
325 312
326 169
327 322
328 299
329 318
330 312
331 125
332 264
333 127
334 329
335 129
336 130
337 273
338 127
339 126
340 224
341 132
342 274
343 224
344 132
345 222
346 127
347 234
348 228
349 252
350 156
351 124
352 231
353 135
354 133
355 168
356 167
357 255
358 267
359 299
360 317
361 269
362 155
363 130
364 0
365 130
366 253
367 131
368 131
369 254
370 386
371 143
372 249
373 153
374 125
375 130
376 230
377 303
378 167
379 130
380 226
381 169
382 129
383 256
384 231
385 155
386 227
387 227
388 290
389 224
390 314
391 221
392 127
393 227
394 231
395 131
396 168
397 119
398 260
399 131
400 290
401 224
402 226
403 226
404 130
405 282
406 253
407 302
408 274
409 254
410 131
411 129
412 129
413 151
414 150
415 258
416 351
417 288
418 155
419 252
420 229
421 133
422 256
423 291
424 133
425 233
426 211
427 120
428 252
429 128
430 129
431 130
432 128
433 298
434 285
435 169
436 299
437 130
438 126
439 316
440 255
441 295
442 126
443 130
444 127
445 131
446 271
447 128
448 130
449 234
450 131
451 130
452 127
453 131
454 235
455 131
456 130
457 130
458 128
459 131
460 130
461 131
462 130
463 121
464 128
465 127
466 255
467 323
468 130
469 128
470 131
471 276
472 230
473 237
474 130
475 166
476 264
477 130
478 129
479 131
480 129
481 270
482 127
483 235
484 233
485 267
486 264
487 231
488 127
489 267
490 290
491 152
492 129
493 129
494 129
495 151
496 128
497 126
498 132
499 232
500 128
501 126
502 131
503 132
504 130
505 131
506 132
507 238
508 127
509 127
510 233
511 137
512 129
513 131
514 272
515 265
516 131
517 168
518 127
519 130
520 129
521 129
522 127
523 152
524 127
525 247
526 135
527 129
528 131
529 129
530 168
531 131
532 223
533 122
534 128
535 223
536 315
537 192
538 122
539 129
540 129
541 271
542 128
543 129
544 169
545 144
546 125
547 587
548 224
549 131
550 132
551 131
552 188
553 131
554 276
555 154
556 159
557 130
558 170
559 129
560 127
561 130
562 139
563 172
564 130
565 127
566 0
567 132
568 130
569 127
570 199
571 270
572 302
573 309
574 234
575 143
576 152
577 127
578 219
579 125
580 129
581 224
582 129
583 151
584 153
585 153
586 170
587 128
588 172
589 144
590 256
591 130
592 127
593 132
594 235
595 130
596 130
597 228
598 293
599 131
600 122
601 239
602 128
603 265
604 231
605 130
606 129
607 138
608 130
609 131
610 183
611 122
612 150
613 133
614 131
615 131
616 124
617 132
618 129
619 129
620 130
621 131
622 132
623 130
624 130
625 131
626 127
627 254
628 125
629 124
630 171
631 137
632 128
633 130
634 129
635 133
636 130
637 126
638 264
639 152
640 154
641 153
642 130
643 131
644 125
645 136
646 127
647 301
648 133
649 130
650 129
651 128
652 130
653 130
654 325
655 333
656 280
657 282
658 128
659 131
660 123
661 237
662 134
663 146
664 256
665 171
666 152
667 269
668 223
669 135
670 127
671 372
672 159
673 131
674 154
675 140
676 128
677 154
678 154
679 173
680 171
681 131
682 126
683 133
684 132
685 131
686 139
687 128
688 131
689 352
690 302
691 125
692 277
693 119
694 265
695 132
696 228
697 235
698 152
699 128
700 172
701 281
702 169
703 141
704 400
705 233
706 230
707 140
708 131
709 171
710 129
711 169
712 265
713 131
714 0
715 282
716 305
717 124
718 267
719 125
720 126
721 130
722 128
723 152
724 144
725 119
726 171
727 131
728 224
729 275
730 264
731 183
732 122
733 126
734 125
735 130
736 130
737 129
738 139
739 127
740 170
741 137
742 272
743 130
744 132
745 130
746 130
747 130
748 151
749 170
750 211
751 262
752 128
753 170
754 299
755 304
756 250
757 274
758 132
759 169
760 127
761 126
762 127
763 159
764 153
765 125
766 127
767 129
768 135
769 129
770 129
771 132
772 130
773 0
774 128
775 234
776 265
777 273
778 133
779 127
780 129
781 225
782 234
783 269
784 169
785 250
786 125
787 122
788 254
789 160
790 266
791 170
792 130
793 127
794 268
795 0
796 129
797 130
798 153
799 131
800 124
801 125
802 143
803 139
804 171
805 277
806 264
807 223
808 130
809 132
810 271
811 303
812 433
813 124
814 312
815 127
816 0
817 0
818 152
819 171
820 131
821 142
822 127
823 264
824 359
825 324
826 302
827 263
828 130
829 126
830 130
831 129
832 132
833 128
834 266
835 157
836 126
837 130
838 131
839 128
840 169
841 170
842 125
843 0
844 407
845 123
846 272
847 132
848 173
849 419
850 131
851 266
852 260
853 130
854 122
855 266
856 130
857 276
858 275
859 133
860 152
861 131
862 126
863 363
864 127
865 169
866 127
867 127
868 265
869 169
870 125
871 152
872 168
873 153
874 222
875 256
876 263
877 130
878 171
879 292
880 143
881 419
882 264
883 130
884 258
885 411
886 270
887 121
888 263
889 269
890 130
891 169
892 255
893 124
894 131
895 255
896 170
897 129
898 126
899 130
900 0
901 330
902 236
903 287
904 233
905 124
906 265
907 130
908 133
909 414
910 126
911 317
912 263
913 280
914 263
915 275
916 130
917 263
918 132
919 255
920 129
921 130
922 147
923 142
924 132
925 131
926 145
927 219
928 0
929 229
930 132
931 150
932 171
933 255
934 238
935 260
936 233
937 124
938 325
939 264
940 201
941 122
942 0
943 123
944 253
945 269
946 125
947 132
948 265
949 170
950 128
951 124
952 434
953 350
954 266
955 126
956 170
957 348
958 289
959 227
960 129
961 254
962 255
963 277
964 121
965 867
966 267
967 128
968 264
969 156
970 123
971 126
972 250
973 123
974 126
975 130
976 170
977 124
978 253
979 247
980 132
981 124
982 328
983 395
984 128
985 285
986 171
987 237
988 143
989 153
990 131
991 171
992 265
993 231
994 265
995 130
996 122
997 130
998 128
999 305
1000 405
1001 129
1002 172
1003 171
1004 130
1005 125
1006 133
1007 264
1008 143
1009 142
1010 124
1011 357
1012 136
1013 0
1014 350
1015 403
1016 333
1017 255
1018 126
1019 123
1020 229
1021 289
1022 274
1023 170
1024 256
1025 359
1026 302
1027 294
1028 128
1029 128
1030 168
1031 129
1032 129
1033 127
1034 268
1035 393
1036 135
1037 381
1038 130
1039 131
1040 131
1041 170
1042 121
1043 168
1044 431
1045 124
1046 130
1047 129
1048 280
1049 280
1050 128
1051 130
1052 130
1053 149
1054 305
1055 129
1056 255
1057 171
1058 126
1059 267
1060 127
1061 264
1062 0
1063 276
1064 0
1065 221
1066 131
1067 214
1068 430
1069 127
1070 131
1071 131
1072 129
1073 129
1074 131
1075 162
1076 350
1077 274
1078 123
1079 275
1080 300
1081 172
1082 346
1083 156
1084 123
1085 124
1086 129
1087 170
1088 380
1089 325
1090 126
1091 360
1092 127
1093 123
1094 122
1095 122
1096 123
1097 121
1098 368
1099 226
1100 272
1101 231
1102 129
1103 131
1104 122
1105 129
1106 173
1107 128
1108 130
1109 211
1110 123
1111 154
1112 377
1113 377
1114 332
1115 123
1116 142
1117 358
1118 123
1119 128
1120 280
1121 154
1122 129
1123 120
1124 326
1125 152
1126 123
1127 124
1128 135
1129 284
1130 135
1131 154
1132 128
1133 156
1134 131
1135 254
1136 142
1137 0
1138 122
1139 132
1140 225
1141 125
1142 279
1143 309
1144 303
1145 265
1146 129
1147 169
1148 250
1149 307
1150 255
1151 169
1152 127
1153 134
1154 132
1155 353
1156 239
1157 236
1158 122
1159 373
1160 132
1161 131
1162 132
1163 169
1164 265
1165 351
1166 320
1167 130
1168 126
1169 272
1170 168
1171 420
1172 256
1173 124
1174 121
1175 309
1176 290
1177 421
1178 234
1179 300
1180 281
1181 266
1182 123
1183 287
1184 123
1185 171
1186 236
1187 135
1188 126
1189 129
1190 124
1191 155
1192 158
1193 169
1194 126
1195 131
1196 128
1197 125
1198 120
1199 133
1200 124
1201 308
1202 233
1203 132
1204 225
1205 267
1206 268
1207 407
1208 299
1209 253
1210 153
1211 264
1212 265
1213 311
1214 334
1215 126
1216 226
1217 144
1218 127
1219 293
1220 255
1221 258
1222 284
1223 121
1224 140
1225 228
1226 153
1227 120
1228 152
1229 130
1230 132
1231 133
1232 124
1233 172
1234 127
1235 307
1236 162
1237 160
1238 265
1239 170
1240 133
1241 249
1242 126
1243 232
1244 232
1245 124
1246 268
1247 121
1248 131
1249 291
1250 725
1251 129
1252 239
1253 437
1254 242
1255 294
1256 130
1257 294
1258 121
1259 348
1260 129
1261 124
1262 128
1263 122
1264 129
1265 134
1266 130
1267 129
1268 132
1269 129
1270 141
1271 122
1272 172
1273 121
1274 252
1275 134
1276 123
1277 124
1278 168
1279 170
1280 169
1281 338
1282 328
1283 331
1284 329
1285 153
1286 172
1287 217
1288 133
1289 268
1290 429
1291 125
1292 252
1293 253
1294 351
1295 234
1296 156
1297 129
1298 385
1299 124
1300 122
1301 132
1302 129
1303 130
1304 130
1305 133
1306 120
1307 131
1308 127
1309 128
1310 128
1311 265
1312 132
1313 171
1314 128
1315 332
1316 123
1317 172
1318 134
1319 169
1320 122
1321 144
1322 153
1323 263
1324 123
1325 269
1326 271
1327 325
1328 328
1329 267
1330 265
1331 124
1332 265
1333 129
1334 267
1335 135
1336 267
1337 231
1338 273
1339 128
1340 128
1341 127
1342 295
1343 153
1344 230
1345 129
1346 131
1347 129
1348 143
1349 125
1350 145
1351 581
1352 120
1353 129
1354 131
1355 151
1356 131
1357 129
1358 128
1359 262
1360 127
1361 230
1362 131
1363 266
1364 131
1365 129
1366 316
1367 264
1368 314
1369 265
1370 153
1371 163
1372 329
1373 268
1374 276
1375 393
1376 234
1377 267
1378 125
1379 125
1380 266
1381 170
1382 154
1383 268
1384 232
1385 127
1386 235
1387 232
1388 378
1389 243
1390 123
1391 306
1392 224
1393 128
1394 129
1395 261
1396 126
1397 128
1398 123
1399 267
1400 168
1401 131
1402 121
1403 269
1404 129
1405 226
1406 229
1407 170
1408 256
1409 123
1410 128
1411 125
1412 162
1413 0
1414 128
1415 154
1416 267
1417 123
1418 121
1419 240
1420 262
1421 237
1422 264
1423 264
1424 265
1425 350
1426 120
1427 137
1428 232
1429 328
1430 130
1431 128
1432 277
1433 127
1434 134
1435 153
1436 304
1437 233
1438 127
1439 133
1440 225
1441 124
1442 130
1443 127
1444 131
1445 127
1446 129
1447 127
1448 127
1449 171
1450 127
1451 128
1452 296
1453 233
1454 127
1455 397
1456 126
1457 118
1458 123
1459 127
1460 151
1461 166
1462 124
1463 172
1464 151
1465 129
1466 224
1467 125
1468 125
1469 266
1470 265
1471 267
1472 287
1473 127
1474 133
1475 264
1476 253
1477 122
1478 364
1479 276
1480 150
1481 274
1482 349
1483 157
1484 234
1485 303
1486 236
1487 277
1488 257
1489 123
1490 131
1491 128
1492 128
1493 127
1494 131
1495 130
1496 127
1497 131
1498 129
1499 263
1500 127
1501 153
1502 172
1503 121
1504 130
1505 130
1506 122
1507 283
1508 152
1509 124
1510 131
1511 132
1512 124
1513 123
1514 131
1515 234
1516 265
1517 121
1518 124
1519 0
1520 265
1521 268
1522 169
1523 130
1524 132
1525 276
1526 275
1527 390
1528 266
1529 263
1530 235
1531 267
1532 300
1533 292
1534 358
1535 331
1536 123
1537 122
1538 124
1539 130
1540 127
1541 129
1542 130
1543 130
1544 127
1545 143
1546 172
1547 134
1548 125
1549 123
1550 170
1551 129
1552 169
1553 231
1554 172
1555 121
1556 304
1557 168
1558 128
1559 130
1560 130
1561 170
1562 121
1563 156
1564 170
1565 155
1566 247
1567 153
1568 334
1569 267
1570 128
1571 124
1572 266
1573 134
1574 130
1575 132
1576 128
1577 130
1578 143
1579 267
1580 162
1581 164
1582 135
1583 282
1584 230
1585 123
1586 129
1587 129
1588 127
1589 123
1590 130
1591 126
1592 129
1593 132
1594 127
1595 120
1596 119
1597 170
1598 262
1599 122
1600 330
1601 272
1602 161
1603 149
1604 129
1605 125
1606 152
1607 131
1608 122
1609 123
1610 171
1611 168
1612 265
1613 237
1614 124
1615 267
1616 121
1617 266
1618 265
1619 137
1620 269
1621 265
1622 348
1623 123
1624 136
1625 240
1626 224
1627 162
1628 121
1629 307
1630 131
1631 129
1632 132
1633 132
1634 131
1635 153
1636 132
1637 222
1638 130
1639 305
1640 131
1641 129
1642 125
1643 265
1644 262
1645 122
1646 124
1647 121
1648 122
1649 122
1650 268
1651 267
1652 121
1653 264
1654 268
1655 267
1656 235
1657 131
1658 122
1659 131
1660 129
1661 124
1662 131
1663 131
1664 157
1665 169
1666 128
1667 152
1668 271
1669 123
1670 160
1671 168
1672 127
1673 127
1674 263
1675 123
1676 156
1677 358
1678 129
1679 124
1680 155
1681 265
1682 267
1683 319
1684 125
1685 126
1686 178
1687 153
1688 192
1689 254
1690 399
1691 131
1692 128
1693 130
1694 123
1695 128
1696 129
1697 125
1698 134
1699 120
1700 124
1701 124
1702 136
1703 170
1704 233
1705 233
1706 300
1707 158
1708 133
1709 262
1710 267
1711 130
1712 265
1713 396
1714 377
1715 135
1716 123
1717 264
1718 433
1719 128
1720 121
1721 226
1722 312
1723 127
1724 130
1725 128
1726 127
1727 128
1728 124
1729 152
1730 122
1731 169
1732 121
1733 129
1734 265
1735 121
1736 170
1737 406
1738 267
1739 131
1740 123
1741 230
1742 263
1743 126
1744 166
1745 121
1746 156
1747 124
1748 153
1749 255
1750 128
1751 170
1752 130
1753 123
1754 223
1755 266
1756 123
1757 255
1758 230
1759 125
1760 230
1761 405
1762 130
1763 156
1764 262
1765 125
1766 130
1767 273
1768 298
1769 228
1770 125
1771 240
1772 120
1773 239
1774 251
1775 130
1776 276
1777 123
1778 268
1779 133
1780 123
1781 167
1782 126
1783 306
1784 269
1785 387
1786 242
1787 131
1788 237
1789 267
1790 120
1791 127
1792 132
1793 259
1794 232
1795 0
1796 247
1797 267
1798 128
1799 124
1800 134
1801 122
1802 123
1803 269
1804 124
1805 170
1806 129
1807 124
1808 154
1809 228
1810 228
1811 130
1812 119
1813 132
1814 159
1815 231
1816 152
1817 233
1818 268
1819 124
1820 132
1821 130
1822 122
1823 273
1824 267
1825 262
1826 129
1827 266
1828 265
1829 121
1830 232
1831 297
1832 124
1833 239
1834 122
1835 438
1836 125
1837 131
1838 125
1839 122
1840 348
1841 264
1842 122
1843 126
1844 281
1845 233
1846 270
1847 234
1848 251
1849 123
1850 122
1851 278
1852 122
1853 225
1854 122
1855 127
1856 130
1857 265
1858 124
1859 126
1860 129
1861 131
1862 129
1863 124
1864 167
1865 163
1866 237
1867 134
1868 124
1869 156
1870 122
1871 234
1872 267
1873 127
1874 132
1875 129
1876 132
1877 164
1878 123
1879 265
1880 130
1881 131
1882 121
1883 123
1884 134
1885 124
1886 123
1887 124
1888 123
1889 230
1890 124
1891 121
1892 130
1893 231
1894 234
1895 134
1896 123
1897 156
1898 124
1899 233
1900 284
1901 234
1902 229
1903 126
1904 126
1905 152
1906 153
1907 124
1908 125
1909 122
1910 122
1911 157
1912 121
1913 119
1914 125
1915 127
1916 236
1917 128
1918 128
1919 129
1920 124
1921 131
1922 233
1923 130
1924 120
1925 264
1926 124
1927 124
1928 155
1929 254
1930 251
1931 121
1932 162
1933 120
1934 122
1935 121
1936 360
1937 153
1938 123
1939 128
1940 134
1941 162
1942 127
1943 262
1944 132
1945 130
1946 123
1947 125
1948 123
1949 122
1950 121
1951 269
1952 132
1953 226
1954 121
1955 233
1956 231
1957 122
1958 235
1959 233
1960 128
1961 256
1962 121
1963 135
1964 122
1965 126
1966 265
1967 156
1968 121
1969 124
1970 120
1971 122
1972 122
1973 129
1974 124
1975 123
1976 252
1977 236
1978 731
1979 123
1980 254
1981 131
1982 122
1983 126
1984 124
1985 121
1986 123
1987 270
1988 232
1989 124
1990 245
1991 300
1992 264
1993 121
1994 124
1995 122
1996 124
1997 123
1998 130
1999 130
2000 131
2001 135
2002 122
2003 129
2004 131
2005 122
2006 226
2007 231
2008 125
2009 128
2010 126
2011 266
2012 231
2013 265
2014 232
2015 261
2016 135
2017 155
2018 126
2019 129
2020 124
2021 129
2022 125
2023 126
2024 129
2025 133
2026 126
2027 121
2028 119
2029 124
2030 135
2031 123
2032 262
2033 263
2034 232
2035 256
2036 132
2037 129
2038 122
2039 256
2040 148
2041 154
2042 169
2043 266
2044 123
2045 128
2046 123
2047 123
2048 133
2049 130
2050 129
2051 123
2052 125
2053 123
2054 133
2055 133
2056 146
2057 264
2058 233
2059 266
2060 230
2061 232
2062 302
2063 123
2064 152
2065 265
2066 235
2067 122
2068 121
2069 126
2070 133
2071 123
2072 123
2073 122
2074 123
2075 124
2076 130
2077 120
2078 123
2079 121
2080 126
2081 129
2082 159
2083 123
2084 157
2085 162
2086 123
2087 267
2088 232
2089 123
2090 126
2091 123
2092 268
2093 233
2094 125
2095 122
2096 123
2097 122
2098 171
2099 122
2100 122
2101 120
2102 122
2103 123
2104 125
2105 122
2106 129
2107 130
2108 134
2109 125
2110 267
2111 121
2112 235
2113 132
2114 248
2115 160
2116 288
2117 133
2118 124
2119 123
2120 300
2121 143
2122 306
2123 231
2124 128
2125 125
2126 130
2127 125
2128 231
2129 133
2130 132
2131 167
2132 120
2133 223
2134 232
2135 124
2136 234
2137 263
2138 123
2139 233
2140 122
2141 122
2142 123
2143 121
2144 124
2145 131
2146 130
2147 121
2148 154
2149 134
2150 133
2151 153
2152 124
2153 156
2154 232
2155 133
2156 130
2157 235
2158 122
2159 126
2160 170
2161 155
2162 124
2163 119
2164 126
2165 120
2166 128
2167 123
2168 127
2169 126
2170 125
2171 287
2172 132
2173 253
2174 265
2175 134
2176 135
2177 232
2178 121
2179 123
2180 123
2181 121
2182 122
2183 125
2184 125
2185 0
2186 129
2187 154
2188 129
2189 120
2190 122
2191 151
2192 281
2193 123
2194 121
2195 124
2196 124
2197 123
2198 120
2199 245
2200 135
2201 122
2202 122
2203 125
2204 128
2205 123
2206 124
2207 123
2208 264
2209 268
2210 132
2211 288
2212 244
2213 121
2214 122
2215 255
2216 124
2217 131
2218 295
2219 122
2220 122
2221 122
2222 330
2223 135
2224 263
2225 121
2226 120
2227 126
2228 297
2229 124
2230 290
2231 123
2232 303
2233 145
2234 124
2235 316
2236 336
2237 301
2238 136
2239 266
2240 125
2241 128
2242 124
2243 122
2244 122
2245 229
2246 152
2247 285
2248 234
2249 265
2250 226
2251 280
2252 170
2253 135
2254 298
2255 290
2256 290
2257 127
2258 123
2259 134
2260 125
2261 122
2262 122
2263 298
2264 124
2265 170
2266 122
2267 122
2268 121
2269 160
2270 276
2271 231
2272 249
2273 134
2274 126
2275 265
2276 312
2277 272
2278 241
2279 280
2280 124
2281 125
2282 120
2283 121
2284 0
2285 133
2286 130
2287 121
2288 124
2289 124
2290 250
2291 256
2292 154
2293 268
2294 123
2295 133
2296 122
2297 296
2298 243
2299 362
2300 235
2301 122
2302 303
2303 348
2304 132
2305 124
2306 253
2307 282
2308 123
2309 123
2310 155
2311 255
2312 246
2313 248
2314 122
2315 252
2316 122
2317 240
2318 246
2319 250
2320 281
2321 123
2322 121
2323 0
2324 121
2325 123
2326 124
2327 124
2328 124
2329 255
2330 156
2331 128
2332 129
2333 283
2334 278
2335 253
2336 123
2337 124
2338 244
2339 244
2340 121
2341 129
2342 120
2343 0
2344 124
2345 123
2346 124
2347 123
2348 127
2349 130
2350 124
2351 331
2352 295
2353 123
2354 265
2355 122
2356 123
2357 135
2358 159
2359 126
2360 125
2361 124
2362 132
2363 130
2364 127
2365 124
2366 122
2367 268
2368 123
2369 134
2370 255
2371 255
2372 260
2373 281
2374 304
2375 290
2376 292
2377 153
2378 131
2379 254
2380 132
2381 127
2382 308
2383 124
2384 123
2385 125
2386 308
2387 264
2388 423
2389 125
2390 124
2391 303
2392 305
2393 165
2394 280
2395 157
2396 130
2397 123
2398 121
2399 121
2400 240
2401 122
2402 125
2403 124
2404 120
2405 123
2406 422
2407 125
2408 158
2409 129
2410 121
2411 268
2412 126
2413 296
2414 147
2415 134
2416 121
2417 232
2418 161
2419 124
2420 124
2421 121
2422 390
2423 242
2424 122
2425 270
2426 128
2427 135
2428 253
2429 122
2430 292
2431 123
2432 253
2433 274
2434 123
2435 123
2436 124
2437 123
2438 123
2439 123
2440 154
2441 123
2442 124
2443 134
2444 280
2445 129
2446 124
2447 307
2448 120
2449 167
2450 124
2451 578
2452 124
2453 302
2454 306
2455 299
2456 123
2457 251
2458 308
2459 131
2460 303
2461 225
2462 0
2463 125
2464 123
2465 254
2466 120
2467 233
2468 133
2469 232
2470 277
2471 122
2472 231
2473 123
2474 123
2475 307
2476 0
2477 123
2478 130
2479 129
2480 132
2481 289
2482 124
2483 125
2484 120
2485 121
2486 121
2487 254
2488 246
2489 268
2490 430
2491 127
2492 123
2493 135
2494 124
2495 124
2496 122
2497 122
2498 120
2499 124
2500 124
2501 127
2502 123
2503 277
2504 122
2505 171
2506 366
2507 156
2508 123
2509 120
2510 125
2511 127
2512 156
2513 126
2514 0
2515 0
2516 122
2517 126
2518 0
2519 332
2520 125
2521 150
2522 305
2523 144
2524 328
2525 233
2526 234
2527 130
2528 254
2529 336
2530 123
2531 191
2532 238
2533 390
2534 264
2535 412
2536 304
2537 162
2538 123
2539 121
2540 122
2541 156
2542 253
2543 130
2544 130
2545 169
2546 267
2547 124
2548 233
2549 279
2550 276
2551 129
2552 227
2553 124
2554 130
2555 125
2556 276
2557 286
2558 236
2559 132
2560 123
2561 126
2562 130
2563 120
2564 251
2565 121
2566 233
2567 286
2568 125
2569 124
2570 123
2571 129
2572 0
2573 335
2574 132
2575 231
2576 122
2577 124
2578 124
2579 121
2580 0
