0 1
1 0
2 0
3 0
4 0
5 0
6 0
7 0
8 0
9 0
10 0
11 0
12 0
13 0
14 1
15 0
16 0
17 0
18 0
19 3
20 0
21 0
22 0
23 2
24 0
25 1
26 0
27 0
28 0
29 0
30 0
31 0
32 0
33 0
34 0
35 0
36 0
37 0
38 0
39 0
40 0
41 0
42 0
43 0
44 2
45 0
46 0
47 0
48 0
49 0
50 0
51 0
52 1
53 0
54 2
55 0
56 0
57 1
58 1
59 0
60 0
61 0
62 1
63 0
64 0
65 5
66 0
67 1
68 1
69 0
70 0
71 0
72 0
73 0
74 0
75 3
76 0
77 0
78 4
79 3
80 0
81 0
82 0
83 0
84 0
85 0
86 0
87 2
88 3
89 0
90 0
91 0
92 0
93 0
94 0
95 0
96 0
97 0
98 0
99 0
100 0
101 0
102 0
103 1
104 0
105 0
106 0
107 0
108 2
109 0
110 0
111 0
112 1
113 0
114 1
115 0
116 0
117 0
118 0
119 0
120 0
121 0
122 2
123 0
124 0
125 0
126 0
127 0
128 0
129 0
130 0
131 0
132 0
133 0
134 0
135 2
136 0
137 8
138 0
139 0
140 1
141 2
142 0
143 0
144 0
145 0
146 2
147 0
148 1
149 1
150 0
151 0
152 0
153 0
154 0
155 0
156 0
157 0
158 7
159 1
160 0
161 0
162 0
163 1
164 0
165 1
166 2
167 0
168 0
169 0
170 4
171 1
172 0
173 0
174 3
175 5
176 3
177 0
178 1
179 0
180 3
181 0
182 9
183 2
184 0
185 2
186 4
187 6
188 2
189 0
190 0
191 0
192 0
193 0
194 0
195 0
196 2
197 0
198 0
199 1
200 0
201 1
202 0
203 3
204 0
205 5
206 6
207 0
208 0
209 0
210 5
211 0
212 0
213 0
214 0
215 1
216 0
217 0
218 0
219 5
220 0
221 3
222 3
223 2
224 5
225 3
226 1
227 0
228 0
229 0
230 0
231 0
232 0
233 0
234 0
235 0
236 0
237 0
238 0
239 7
240 0
241 7
242 3
243 0
244 4
245 0
246 2
247 0
248 0
249 0
250 0
251 0
252 0
253 0
254 0
255 1
256 11
257 4
258 0
259 0
260 0
261 0
262 0
263 1
264 0
265 0
266 0
267 0
268 0
269 0
270 0
271 1
272 0
273 0
274 0
275 0
276 0
277 0
278 0
279 0
280 0
281 0
282 0
283 5
284 0
285 0
286 0
287 0
288 0
289 0
290 0
291 0
292 8
293 2
294 0
295 2
296 2
297 0
298 0
299 0
300 0
301 1
302 2
303 0
304 5
305 1
306 1
307 3
308 0
309 1
310 0
311 1
312 2
313 0
314 0
315 1
316 1
317 0
318 7
319 0
320 0
321 1
322 0
323 0
324 0
325 0
326 0
327 0
328 0
329 0
330 0
331 0
332 0
333 2
334 2
335 2
336 0
337 0
338 5
339 3
340 0
341 0
342 0
343 0
344 0
345 0
346 0
347 0
348 2
349 0
350 0
351 3
352 0
353 0
354 0
355 0
356 0
357 0
358 0
359 1
360 1
361 0
362 4
363 0
364 0
365 0
366 0
367 1
368 0
369 3
370 0
371 0
372 0
373 0
374 0
375 0
376 0
377 0
378 0
379 1
380 0
381 0
382 1
383 0
384 0
385 1
386 0
387 0
388 0
389 2
390 3
391 2
392 2
393 0
394 2
395 0
396 2
397 0
398 0
399 2
400 0
401 1
402 0
403 0
404 0
405 2
406 3
407 3
408 1
409 0
410 0
411 0
412 1
413 5
414 3
415 0
416 0
417 0
418 0
419 0
420 0
421 0
422 0
423 2
424 2
425 1
426 0
427 0
428 2
429 0
430 5
431 0
432 0
433 0
434 0
435 0
436 3
437 5
438 6
439 2
440 0
441 3
442 2
443 4
444 0
445 0
446 0
447 0
448 3
449 0
450 0
451 1
452 0
453 2
454 4
455 0
456 2
457 4
458 0
459 0
460 0
461 4
462 2
463 0
464 1
465 0
466 0
467 3
468 1
469 3
470 5
471 0
472 2
473 1
474 3
475 1
476 0
477 0
478 0
479 0
480 0
481 0
482 1
483 0
484 2
485 1
486 0
487 2
488 0
489 4
490 0
491 0
492 3
493 8
494 0
495 0
496 0
497 0
498 4
499 0
500 0
501 0
502 0
503 0
504 0
505 0
506 1
507 0
508 0
509 6
510 0
511 0
512 2
513 5
514 1
515 2
516 0
517 0
518 0
519 0
520 5
521 5
522 0
523 0
524 1
525 0
526 0
527 0
528 2
529 0
530 0
531 0
532 1
533 0
534 0
535 3
536 0
537 0
538 0
539 2
540 0
541 0
542 0
543 3
544 2
545 0
546 0
547 0
548 2
549 0
550 0
551 0
552 2
553 3
554 3
555 0
556 0
557 0
558 1
559 2
560 0
561 0
562 0
563 0
564 0
565 0
566 0
567 0
568 0
569 0
570 0
571 2
572 0
573 1
574 0
575 1
576 0
577 1
578 1
579 1
580 0
581 0
582 0
583 0
584 2
585 0
586 1
587 0
588 3
589 6
590 0
591 0
592 0
593 0
594 0
595 0
596 0
597 0
598 4
599 0
600 3
601 6
602 1
603 0
604 0
605 0
606 2
607 0
608 3
609 0
610 1
611 0
612 3
613 0
614 5
615 3
616 3
617 0
618 0
619 0
620 0
621 0
622 0
623 0
624 0
625 3
626 2
627 2
628 2
629 2
630 4
631 0
632 1
633 0
634 2
635 0
636 2
637 0
638 0
639 2
640 0
641 0
642 2
643 4
644 0
645 2
646 0
647 0
648 0
649 0
650 0
651 0
652 0
653 0
654 0
655 0
656 0
657 0
658 3
659 1
660 0
661 0
662 0
663 2
664 0
665 0
666 1
667 1
668 0
669 0
670 0
671 3
672 0
673 0
674 0
675 0
676 3
677 2
678 0
679 0
680 4
681 4
682 0
683 0
684 0
685 0
686 0
687 0
688 0
689 1
690 3
691 0
692 0
693 0
694 0
695 0
696 0
697 0
698 0
699 1
700 1
701 0
702 1
703 0
704 0
705 4
706 3
707 1
708 0
709 2
710 0
711 0
712 0
713 0
714 0
715 0
716 0
717 7
718 2
719 1
720 6
721 0
722 0
723 0
724 0
725 0
726 1
727 0
728 0
729 1
730 0
731 3
732 0
733 0
734 0
735 0
736 2
737 1
738 3
739 5
740 1
741 0
742 0
743 1
744 2
745 0
746 0
747 0
748 0
749 0
750 7
751 0
752 3
753 0
754 2
755 0
756 1
757 0
758 0
759 1
760 0
761 1
762 0
763 0
764 0
765 1
766 2
767 1
768 0
769 0
770 0
771 0
772 0
773 0
774 1
775 1
776 0
777 0
778 0
779 0
780 0
781 0
782 1
783 0
784 0
785 1
786 2
787 0
788 0
789 1
790 0
791 0
792 0
793 3
794 1
795 0
796 2
797 2
798 1
799 0
800 0
801 0
802 0
803 0
804 0
805 0
806 4
807 0
808 0
809 3
810 1
811 0
812 0
813 0
814 0
815 0
816 0
817 0
818 0
819 3
820 2
821 3
822 0
823 2
824 0
825 1
826 0
827 3
828 0
829 0
830 1
831 0
832 0
833 2
834 2
835 0
836 1
837 0
838 0
839 0
840 0
841 0
842 0
843 0
844 0
845 2
846 3
847 3
848 0
849 0
850 0
851 0
852 0
853 0
854 0
855 0
856 0
857 2
858 0
859 0
860 0
861 1
862 1
863 0
864 1
865 0
866 0
867 0
868 0
869 0
870 0
871 0
872 0
873 0
874 0
875 0
876 0
877 0
878 0
879 0
880 6
881 1
882 0
883 0
884 1
885 0
886 0
887 0
888 0
889 7
890 0
891 0
892 0
893 0
894 0
895 1
896 0
897 0
898 0
899 0
900 0
901 0
902 0
903 0
904 0
905 0
906 3
907 3
908 2
909 0
910 0
911 2
912 0
913 0
914 0
915 2
916 0
917 0
918 2
919 0
920 1
921 2
922 0
923 0
924 0
925 0
926 0
927 0
928 0
929 0
930 1
931 6
932 0
933 4
934 1
935 3
936 0
937 0
938 0
939 1
940 4
941 0
942 0
943 0
944 1
945 0
946 0
947 0
948 0
949 2
950 1
951 0
952 0
953 2
954 0
955 5
956 4
957 0
958 0
959 2
960 1
961 0
962 0
963 1
964 0
965 0
966 1
967 1
968 0
969 0
970 1
971 0
972 0
973 2
974 0
975 0
976 0
977 0
978 4
979 1
980 6
981 5
982 0
983 0
984 4
985 3
986 0
987 0
988 0
989 0
990 0
991 0
992 0
993 4
994 1
995 0
996 0
997 0
998 0
999 0
1000 0
1001 1
1002 1
1003 0
1004 0
1005 0
1006 0
1007 1
1008 3
1009 0
1010 0
1011 0
1012 0
1013 0
1014 0
1015 0
1016 0
1017 0
1018 0
1019 3
1020 0
1021 3
1022 2
1023 0
1024 1
1025 0
1026 0
1027 5
1028 0
1029 0
1030 0
1031 0
1032 0
1033 0
1034 0
1035 1
1036 0
1037 0
1038 2
1039 0
1040 3
1041 2
1042 0
1043 0
1044 0
1045 0
1046 0
1047 1
1048 0
1049 0
1050 0
1051 0
1052 0
1053 0
1054 0
1055 0
1056 1
1057 0
1058 2
1059 4
1060 3
1061 0
1062 0
1063 0
1064 0
1065 0
1066 0
1067 0
1068 0
1069 0
1070 0
1071 0
1072 4
1073 0
1074 0
1075 0
1076 0
1077 0
1078 0
1079 0
1080 3
1081 1
1082 0
1083 1
1084 0
1085 0
1086 0
1087 0
1088 0
1089 0
1090 3
1091 2
1092 3
1093 4
1094 2
1095 0
1096 0
1097 0
1098 1
1099 4
1100 0
1101 0
1102 0
1103 0
1104 0
1105 0
1106 5
1107 5
1108 0
1109 0
1110 8
1111 1
1112 0
1113 0
1114 2
1115 0
1116 0
1117 0
1118 0
1119 3
1120 4
1121 2
1122 0
1123 0
1124 0
1125 0
1126 0
1127 0
1128 1
1129 2
1130 0
1131 0
1132 0
1133 0
1134 0
1135 0
1136 0
1137 0
1138 0
1139 3
1140 9
1141 5
1142 3
1143 0
1144 0
1145 0
1146 1
1147 0
1148 0
1149 4
1150 5
1151 0
1152 0
1153 0
1154 1
1155 5
1156 0
1157 0
1158 0
1159 0
1160 0
1161 0
1162 1
1163 0
1164 0
1165 0
1166 0
1167 0
1168 1
1169 0
1170 2
1171 0
1172 0
1173 0
1174 0
1175 0
1176 1
1177 0
1178 0
1179 4
1180 0
1181 1
1182 2
1183 4
1184 1
1185 2
1186 0
1187 0
1188 0
1189 0
1190 0
1191 1
1192 0
1193 0
1194 0
1195 0
1196 0
1197 0
1198 1
1199 0
1200 1
1201 0
1202 0
1203 0
1204 0
1205 0
1206 0
1207 0
1208 0
1209 0
1210 0
1211 2
1212 6
1213 0
1214 0
1215 2
1216 1
1217 4
1218 2
1219 0
1220 1
1221 1
1222 0
1223 0
1224 1
1225 0
1226 0
1227 0
1228 0
1229 0
1230 0
1231 0
1232 0
1233 1
1234 2
1235 5
1236 1
1237 1
1238 1
1239 0
1240 0
1241 0
1242 0
1243 0
1244 0
1245 1
1246 0
1247 0
1248 5
1249 8
1250 0
1251 2
1252 5
1253 5
1254 8
1255 2
1256 0
1257 0
1258 2
1259 0
1260 0
1261 0
1262 0
1263 2
1264 0
1265 0
1266 1
1267 0
1268 0
1269 0
1270 0
1271 0
1272 0
1273 1
1274 8
1275 4
1276 0
1277 0
1278 0
1279 0
1280 0
1281 0
1282 0
1283 0
1284 0
1285 0
1286 0
1287 3
1288 1
1289 2
1290 2
1291 3
1292 1
1293 2
1294 25
1295 9
1296 0
1297 0
1298 1
1299 3
1300 0
1301 0
1302 0
1303 0
1304 4
1305 0
1306 0
1307 1
1308 1
1309 1
1310 0
1311 0
1312 0
1313 0
1314 0
1315 4
1316 3
1317 5
1318 5
1319 4
1320 0
1321 9
1322 3
1323 0
1324 0
1325 0
1326 0
1327 0
1328 0
1329 0
1330 0
1331 0
1332 6
1333 0
1334 0
1335 1
1336 0
1337 4
1338 2
1339 7
1340 10
1341 2
1342 0
1343 3
1344 2
1345 0
1346 0
1347 0
1348 0
1349 0
1350 4
1351 0
1352 0
1353 3
1354 0
1355 3
1356 2
1357 0
1358 0
1359 2
1360 0
1361 0
1362 0
1363 1
1364 6
1365 4
1366 2
1367 2
1368 2
1369 4
1370 2
1371 2
1372 0
1373 0
1374 0
1375 0
1376 0
1377 0
1378 0
1379 4
1380 3
1381 0
1382 0
1383 0
1384 0
1385 0
1386 2
1387 6
1388 0
1389 0
1390 0
1391 2
1392 0
1393 0
1394 0
1395 0
1396 0
1397 0
1398 0
1399 0
1400 5
1401 0
1402 2
1403 0
1404 2
1405 1
1406 0
1407 2
1408 0
1409 2
1410 2
1411 0
1412 0
1413 0
1414 0
1415 0
1416 2
1417 3
1418 2
1419 4
1420 2
1421 5
1422 0
1423 0
1424 0
1425 0
1426 0
1427 1
1428 5
1429 8
1430 4
1431 6
1432 6
1433 2
1434 2
1435 1
1436 0
1437 4
1438 0
1439 0
1440 0
1441 0
1442 5
1443 1
1444 1
1445 2
1446 4
1447 0
1448 0
1449 0
1450 0
1451 5
1452 0
1453 2
1454 0
1455 0
1456 0
1457 0
1458 0
1459 4
1460 0
1461 0
1462 0
1463 0
1464 0
1465 0
1466 1
1467 1
1468 0
1469 0
1470 0
1471 0
1472 0
1473 0
1474 0
1475 1
1476 9
1477 13
1478 6
1479 4
1480 8
1481 3
1482 0
1483 3
1484 2
1485 0
1486 0
1487 0
1488 1
1489 2
1490 7
1491 1
1492 1
1493 1
1494 2
1495 0
1496 2
1497 4
1498 0
1499 2
1500 3
1501 0
1502 1
1503 0
1504 0
1505 0
1506 0
1507 0
1508 5
1509 0
1510 2
1511 0
1512 0
1513 1
1514 4
1515 2
1516 0
1517 0
1518 0
1519 0
1520 0
1521 0
1522 0
1523 0
1524 3
1525 6
1526 6
1527 15
1528 11
1529 7
1530 3
1531 0
1532 1
1533 5
1534 0
1535 2
1536 1
1537 2
1538 2
1539 1
1540 0
1541 1
1542 0
1543 0
1544 4
1545 4
1546 4
1547 2
1548 0
1549 1
1550 2
1551 0
1552 1
1553 0
1554 0
1555 1
1556 2
1557 9
1558 0
1559 0
1560 0
1561 6
1562 3
1563 2
1564 0
1565 0
1566 0
1567 1
1568 4
1569 0
1570 0
1571 1
1572 10
1573 22
1574 7
1575 0
1576 5
1577 3
1578 2
1579 4
1580 5
1581 1
1582 3
1583 2
1584 0
1585 0
1586 0
1587 1
1588 4
1589 0
1590 6
1591 1
1592 0
1593 0
1594 1
1595 7
1596 4
1597 0
1598 0
1599 0
1600 5
1601 0
1602 4
1603 0
1604 0
1605 0
1606 0
1607 0
1608 0
1609 0
1610 0
1611 0
1612 1
1613 2
1614 0
1615 0
1616 2
1617 12
1618 7
1619 11
1620 4
1621 10
1622 5
1623 1
1624 0
1625 0
1626 7
1627 4
1628 0
1629 3
1630 2
1631 1
1632 2
1633 1
1634 2
1635 0
1636 0
1637 2
1638 1
1639 0
1640 4
1641 0
1642 0
1643 0
1644 0
1645 3
1646 12
1647 1
1648 3
1649 1
1650 0
1651 0
1652 7
1653 0
1654 0
1655 4
1656 4
1657 0
1658 1
1659 2
1660 1
1661 2
1662 1
1663 0
1664 2
1665 3
1666 1
1667 4
1668 6
1669 0
1670 0
1671 0
1672 0
1673 0
1674 0
1675 0
1676 0
1677 11
1678 6
1679 4
1680 6
1681 1
1682 3
1683 2
1684 3
1685 4
1686 2
1687 1
1688 2
1689 2
1690 0
1691 4
1692 0
1693 1
1694 2
1695 0
1696 1
1697 0
1698 0
1699 0
1700 0
1701 5
1702 0
1703 0
1704 0
1705 0
1706 0
1707 1
1708 0
1709 2
1710 9
1711 3
1712 2
1713 0
1714 0
1715 5
1716 3
1717 1
1718 0
1719 1
1720 0
1721 2
1722 0
1723 0
1724 0
1725 0
1726 0
1727 1
1728 3
1729 1
1730 0
1731 0
1732 0
1733 1
1734 0
1735 0
1736 0
1737 2
1738 4
1739 2
1740 2
1741 0
1742 2
1743 0
1744 0
1745 3
1746 0
1747 0
1748 0
1749 0
1750 0
1751 0
1752 3
1753 0
1754 0
1755 1
1756 0
1757 0
1758 0
1759 0
1760 0
1761 3
1762 1
1763 2
1764 0
1765 0
1766 0
1767 3
1768 1
1769 0
1770 0
1771 0
1772 2
1773 2
1774 0
1775 1
1776 0
1777 1
1778 3
1779 0
1780 0
1781 0
1782 0
1783 0
1784 0
1785 1
1786 0
1787 1
1788 1
1789 0
1790 1
1791 0
1792 0
1793 0
1794 0
1795 0
1796 0
1797 4
1798 5
1799 9
1800 6
1801 0
1802 0
1803 0
1804 1
1805 5
1806 6
1807 0
1808 2
1809 0
1810 1
1811 1
1812 0
1813 0
1814 0
1815 0
1816 0
1817 0
1818 0
1819 0
1820 2
1821 0
1822 0
1823 2
1824 5
1825 0
1826 0
1827 0
1828 2
1829 4
1830 0
1831 2
1832 0
1833 3
1834 0
1835 3
1836 1
1837 0
1838 1
1839 0
1840 0
1841 0
1842 0
1843 1
1844 3
1845 2
1846 0
1847 0
1848 3
1849 3
1850 0
1851 0
1852 0
1853 1
1854 0
1855 2
1856 0
1857 0
1858 2
1859 3
1860 1
1861 2
1862 2
1863 0
1864 1
1865 0
1866 1
1867 10
1868 0
1869 0
1870 0
1871 1
1872 2
1873 3
1874 1
1875 0
1876 0
1877 0
1878 0
1879 0
1880 0
1881 0
1882 4
1883 0
1884 3
1885 0
1886 0
1887 0
1888 0
1889 1
1890 3
1891 0
1892 1
1893 2
1894 7
1895 7
1896 2
1897 0
1898 0
1899 0
1900 3
1901 0
1902 0
1903 4
1904 0
1905 0
1906 0
1907 0
1908 2
1909 0
1910 1
1911 0
1912 3
1913 2
1914 0
1915 0
1916 0
1917 0
1918 0
1919 2
1920 0
1921 2
1922 0
1923 1
1924 0
1925 1
1926 0
1927 0
1928 0
1929 0
1930 0
1931 0
1932 0
1933 0
1934 0
1935 0
1936 2
1937 0
1938 0
1939 0
1940 3
1941 2
1942 5
1943 3
1944 0
1945 1
1946 0
1947 0
1948 0
1949 0
1950 0
1951 2
1952 1
1953 2
1954 1
1955 3
1956 0
1957 1
1958 0
1959 0
1960 1
1961 0
1962 0
1963 0
1964 0
1965 4
1966 0
1967 2
1968 0
1969 2
1970 0
1971 2
1972 5
1973 0
1974 0
1975 3
1976 0
1977 0
1978 0
1979 0
1980 1
1981 4
1982 2
1983 0
1984 0
1985 2
1986 1
1987 0
1988 0
1989 3
1990 2
1991 0
1992 0
1993 0
1994 0
1995 3
1996 8
1997 1
1998 1
1999 2
2000 2
2001 0
2002 0
2003 0
2004 0
2005 2
2006 0
2007 1
2008 0
2009 0
2010 2
2011 2
2012 0
2013 0
2014 5
2015 1
2016 4
2017 5
2018 0
2019 2
2020 1
2021 0
2022 0
2023 0
2024 4
2025 0
2026 1
2027 1
2028 1
2029 0
2030 0
2031 2
2032 2
2033 1
2034 2
2035 4
2036 5
2037 1
2038 0
2039 0
2040 0
2041 0
2042 0
2043 2
2044 0
2045 0
2046 1
2047 0
2048 5
2049 4
2050 1
2051 4
2052 0
2053 0
2054 1
2055 0
2056 0
2057 0
2058 0
2059 1
2060 0
2061 4
2062 2
2063 2
2064 0
2065 0
2066 2
2067 1
2068 0
2069 1
2070 0
2071 1
2072 3
2073 3
2074 0
2075 0
2076 4
2077 0
2078 0
2079 0
2080 2
2081 3
2082 0
2083 0
2084 1
2085 0
2086 2
2087 0
2088 2
2089 0
2090 1
2091 0
2092 0
2093 0
2094 2
2095 6
2096 2
2097 4
2098 3
2099 1
2100 0
2101 0
2102 0
2103 4
2104 5
2105 0
2106 0
2107 0
2108 0
2109 0
2110 3
2111 2
2112 3
2113 0
2114 0
2115 1
2116 1
2117 0
2118 3
2119 5
2120 0
2121 1
2122 0
2123 0
2124 4
2125 0
2126 1
2127 2
2128 1
2129 0
2130 1
2131 2
2132 0
2133 0
2134 0
2135 0
2136 0
2137 3
2138 6
2139 0
2140 0
2141 0
2142 0
2143 0
2144 0
2145 4
2146 1
2147 0
2148 5
2149 1
2150 5
2151 1
2152 2
2153 4
2154 3
2155 0
2156 0
2157 0
2158 0
2159 2
2160 5
2161 3
2162 0
2163 0
2164 0
2165 0
2166 0
2167 0
2168 0
2169 2
2170 0
2171 0
2172 1
2173 1
2174 0
2175 1
2176 0
2177 0
2178 0
2179 0
2180 0
2181 0
2182 0
2183 1
2184 0
2185 0
2186 0
2187 2
2188 0
2189 1
2190 3
2191 0
2192 0
2193 3
2194 0
2195 0
2196 0
2197 0
2198 0
2199 1
2200 0
2201 0
2202 2
2203 2
2204 0
2205 2
2206 3
2207 0
2208 0
2209 0
2210 0
2211 1
2212 5
2213 5
2214 1
2215 0
2216 0
2217 0
2218 0
2219 0
2220 0
2221 0
2222 0
2223 0
2224 1
2225 0
2226 0
2227 2
2228 0
2229 2
2230 2
2231 0
2232 0
2233 0
2234 0
2235 0
2236 0
2237 1
2238 0
2239 0
2240 0
2241 0
2242 0
2243 2
2244 2
2245 0
2246 0
2247 1
2248 0
2249 0
2250 5
2251 1
2252 0
2253 0
2254 4
2255 1
2256 2
2257 0
2258 0
2259 0
2260 4
2261 0
2262 0
2263 0
2264 0
2265 0
2266 5
2267 2
2268 3
2269 6
2270 5
2271 3
2272 0
2273 0
2274 3
2275 3
2276 0
2277 0
2278 1
2279 0
2280 0
2281 3
2282 4
2283 0
2284 0
2285 0
2286 1
2287 0
2288 0
2289 0
2290 3
2291 7
2292 0
2293 0
2294 4
2295 0
2296 0
2297 0
2298 0
2299 0
2300 1
2301 2
2302 1
2303 0
2304 0
2305 0
2306 0
2307 2
2308 4
2309 1
2310 0
2311 0
2312 0
2313 0
2314 2
2315 0
2316 4
2317 1
2318 0
2319 0
2320 5
2321 0
2322 1
2323 0
2324 0
2325 0
2326 0
2327 5
2328 1
2329 0
2330 0
2331 0
2332 0
2333 0
2334 0
2335 7
2336 0
2337 0
2338 0
2339 0
2340 1
2341 0
2342 0
2343 0
2344 0
2345 2
2346 0
2347 0
2348 0
2349 0
2350 1
2351 0
2352 3
2353 4
2354 0
2355 0
2356 3
2357 0
2358 0
2359 0
2360 0
2361 0
2362 0
2363 4
2364 2
2365 0
2366 3
2367 3
2368 0
2369 2
2370 2
2371 2
2372 2
2373 0
2374 0
2375 1
2376 3
2377 0
2378 0
2379 0
2380 0
2381 0
2382 3
2383 1
2384 1
2385 6
2386 0
2387 5
2388 6
2389 3
2390 0
2391 3
2392 1
2393 0
2394 5
2395 0
2396 0
2397 0
2398 4
2399 0
2400 0
2401 2
2402 10
2403 0
2404 0
2405 2
2406 3
2407 2
2408 0
2409 3
2410 2
2411 0
2412 2
2413 0
2414 0
2415 0
2416 0
2417 0
2418 0
2419 1
2420 3
2421 4
2422 6
2423 0
2424 1
2425 3
2426 3
2427 3
2428 4
2429 0
2430 0
2431 1
2432 0
2433 0
2434 0
2435 1
2436 1
2437 0
2438 4
2439 0
2440 1
2441 4
2442 6
2443 0
2444 2
2445 0
2446 0
2447 0
2448 0
2449 0
2450 0
2451 0
2452 0
2453 0
2454 0
2455 0
2456 3
2457 2
2458 0
2459 0
2460 0
2461 0
2462 0
2463 0
2464 0
2465 7
2466 0
2467 0
2468 0
2469 1
2470 1
2471 0
2472 0
2473 0
2474 0
2475 0
2476 0
2477 0
2478 0
2479 0
2480 0
2481 0
2482 0
2483 2
2484 1
2485 2
2486 0
2487 1
2488 0
2489 0
2490 0
2491 0
2492 0
2493 0
2494 0
2495 0
2496 0
2497 0
2498 0
2499 1
2500 0
2501 0
2502 0
2503 3
2504 0
2505 0
2506 0
2507 0
2508 0
2509 0
2510 0
2511 0
2512 0
2513 0
2514 0
2515 0
2516 0
2517 0
2518 0
2519 0
2520 0
2521 0
2522 0
2523 0
2524 0
2525 0
2526 0
2527 0
2528 0
2529 0
2530 0
2531 0
2532 0
2533 0
2534 3
2535 3
2536 0
2537 0
2538 1
2539 0
2540 0
2541 0
2542 4
2543 0
2544 0
2545 4
2546 0
2547 0
2548 0
2549 0
2550 0
2551 0
2552 0
2553 2
2554 0
2555 0
2556 0
2557 0
2558 0
2559 0
2560 1
2561 0
2562 0
2563 0
2564 0
2565 0
2566 0
2567 0
2568 1
2569 0
2570 0
2571 0
2572 0
2573 0
2574 0
2575 0
2576 0
2577 0
2578 0
2579 0
2580 0
2581 0
2582 0
2583 0
2584 0
2585 0
2586 0
2587 0
2588 0
2589 0
2590 0
2591 0
2592 0
2593 0
2594 0
2595 0
2596 0
2597 0
2598 0
