0 19
1 0
2 0
3 0
4 7
5 7
6 0
7 0
8 0
9 0
10 3
11 16
12 1
13 10
14 33
15 7
16 13
17 0
18 0
19 39
20 0
21 5
22 1
23 36
24 0
25 11
26 0
27 0
28 0
29 1
30 0
31 0
32 0
33 6
34 0
35 20
36 0
37 2
38 1
39 1
40 4
41 0
42 0
43 0
44 27
45 0
46 1
47 0
48 0
49 22
50 12
51 1
52 21
53 20
54 16
55 0
56 0
57 12
58 15
59 0
60 1
61 27
62 23
63 0
64 3
65 52
66 5
67 14
68 5
69 0
70 1
71 0
72 0
73 0
74 21
75 37
76 0
77 8
78 27
79 35
80 0
81 0
82 10
83 4
84 0
85 0
86 16
87 50
88 44
89 0
90 0
91 0
92 1
93 13
94 1
95 0
96 2
97 21
98 2
99 26
100 0
101 0
102 14
103 18
104 0
105 4
106 23
107 5
108 17
109 22
110 0
111 4
112 10
113 0
114 12
115 2
116 25
117 1
118 2
119 12
120 0
121 11
122 44
123 6
124 0
125 0
126 1
127 1
128 4
129 7
130 1
131 12
132 1
133 0
134 0
135 32
136 14
137 87
138 5
139 2
140 37
141 25
142 4
143 4
144 0
145 0
146 23
147 0
148 29
149 17
150 3
151 0
152 0
153 4
154 2
155 13
156 0
157 5
158 77
159 7
160 2
161 3
162 0
163 13
164 12
165 18
166 27
167 9
168 3
169 1
170 34
171 21
172 2
173 3
174 28
175 58
176 30
177 1
178 10
179 0
180 43
181 0
182 94
183 44
184 19
185 13
186 65
187 61
188 30
189 0
190 3
191 0
192 0
193 0
194 0
195 0
196 34
197 15
198 0
199 26
200 20
201 19
202 1
203 33
204 15
205 53
206 74
207 17
208 8
209 0
210 43
211 0
212 2
213 14
214 0
215 41
216 0
217 9
218 7
219 51
220 9
221 44
222 46
223 40
224 59
225 36
226 34
227 3
228 0
229 0
230 0
231 0
232 0
233 1
234 0
235 2
236 0
237 0
238 16
239 88
240 1
241 77
242 48
243 4
244 47
245 8
246 14
247 0
248 15
249 5
250 3
251 0
252 0
253 0
254 0
255 7
256 120
257 41
258 5
259 0
260 0
261 0
262 1
263 14
264 1
265 4
266 0
267 6
268 1
269 0
270 15
271 27
272 7
273 0
274 0
275 1
276 0
277 0
278 5
279 27
280 0
281 0
282 10
283 65
284 0
285 0
286 3
287 6
288 6
289 1
290 65
291 8
292 96
293 28
294 0
295 13
296 28
297 7
298 12
299 3
300 17
301 11
302 23
303 10
304 83
305 27
306 19
307 41
308 0
309 25
310 10
311 26
312 28
313 2
314 2
315 25
316 18
317 32
318 66
319 0
320 8
321 10
322 1
323 3
324 0
325 0
326 2
327 1
328 0
329 0
330 0
331 16
332 4
333 34
334 48
335 43
336 3
337 17
338 59
339 36
340 0
341 0
342 0
343 0
344 0
345 0
346 11
347 0
348 36
349 12
350 12
351 72
352 11
353 0
354 0
355 0
356 0
357 19
358 0
359 17
360 18
361 52
362 69
363 0
364 0
365 0
366 2
367 4
368 22
369 27
370 3
371 6
372 4
373 11
374 2
375 3
376 15
377 0
378 1
379 16
380 13
381 0
382 15
383 0
384 8
385 23
386 0
387 0
388 22
389 23
390 35
391 34
392 52
393 0
394 16
395 7
396 55
397 14
398 0
399 33
400 0
401 13
402 7
403 4
404 24
405 11
406 43
407 39
408 11
409 0
410 0
411 6
412 13
413 65
414 43
415 0
416 3
417 14
418 0
419 10
420 2
421 0
422 30
423 25
424 35
425 12
426 13
427 2
428 22
429 0
430 53
431 0
432 4
433 9
434 0
435 0
436 42
437 54
438 82
439 25
440 42
441 38
442 11
443 60
444 12
445 6
446 5
447 0
448 35
449 6
450 21
451 13
452 23
453 41
454 52
455 1
456 30
457 57
458 33
459 0
460 0
461 44
462 34
463 22
464 23
465 11
466 0
467 35
468 20
469 46
470 57
471 62
472 38
473 21
474 43
475 12
476 0
477 2
478 0
479 7
480 2
481 6
482 11
483 0
484 33
485 9
486 15
487 22
488 3
489 50
490 7
491 6
492 43
493 93
494 4
495 15
496 5
497 7
498 46
499 15
500 12
501 15
502 7
503 3
504 0
505 11
506 31
507 2
508 1
509 70
510 4
511 4
512 34
513 58
514 17
515 35
516 19
517 5
518 0
519 15
520 61
521 49
522 1
523 6
524 6
525 0
526 0
527 3
528 20
529 3
530 0
531 3
532 40
533 36
534 1
535 25
536 39
537 3
538 2
539 20
540 1
541 5
542 2
543 32
544 36
545 0
546 9
547 0
548 25
549 0
550 10
551 0
552 39
553 36
554 55
555 45
556 7
557 3
558 14
559 16
560 4
561 23
562 4
563 0
564 0
565 0
566 0
567 6
568 0
569 0
570 1
571 26
572 8
573 7
574 3
575 25
576 6
577 11
578 12
579 7
580 2
581 0
582 0
583 16
584 22
585 20
586 9
587 2
588 30
589 69
590 0
591 0
592 13
593 0
594 0
595 1
596 4
597 2
598 36
599 60
600 38
601 70
602 12
603 9
604 8
605 2
606 20
607 13
608 39
609 12
610 20
611 14
612 41
613 8
614 52
615 38
616 40
617 0
618 0
619 0
620 5
621 0
622 11
623 6
624 7
625 45
626 22
627 63
628 29
629 30
630 49
631 6
632 11
633 6
634 10
635 9
636 24
637 0
638 5
639 25
640 1
641 24
642 22
643 53
644 5
645 40
646 22
647 1
648 0
649 0
650 0
651 12
652 16
653 9
654 9
655 6
656 5
657 0
658 35
659 29
660 1
661 20
662 0
663 28
664 3
665 0
666 21
667 14
668 0
669 9
670 10
671 38
672 1
673 0
674 3
675 0
676 25
677 38
678 15
679 16
680 42
681 40
682 0
683 2
684 3
685 13
686 2
687 0
688 0
689 7
690 52
691 30
692 12
693 0
694 3
695 2
696 3
697 3
698 0
699 10
700 2
701 8
702 13
703 0
704 1
705 37
706 49
707 27
708 0
709 24
710 0
711 0
712 0
713 2
714 0
715 0
716 13
717 62
718 35
719 24
720 65
721 14
722 4
723 0
724 4
725 6
726 13
727 9
728 4
729 23
730 11
731 34
732 1
733 9
734 16
735 2
736 20
737 12
738 36
739 41
740 16
741 6
742 0
743 3
744 24
745 0
746 0
747 0
748 29
749 11
750 69
751 1
752 34
753 3
754 23
755 1
756 13
757 2
758 8
759 45
760 19
761 3
762 11
763 5
764 59
765 11
766 14
767 15
768 0
769 8
770 52
771 5
772 0
773 0
774 8
775 16
776 9
777 8
778 11
779 0
780 0
781 1
782 10
783 3
784 18
785 7
786 31
787 14
788 1
789 44
790 1
791 0
792 6
793 24
794 24
795 0
796 25
797 27
798 12
799 8
800 1
801 0
802 3
803 0
804 0
805 0
806 49
807 16
808 8
809 35
810 20
811 1
812 16
813 15
814 1
815 0
816 0
817 0
818 6
819 35
820 40
821 35
822 12
823 24
824 0
825 12
826 2
827 34
828 10
829 8
830 7
831 15
832 20
833 24
834 22
835 11
836 15
837 6
838 0
839 0
840 0
841 2
842 0
843 0
844 7
845 15
846 19
847 24
848 17
849 3
850 14
851 0
852 22
853 2
854 0
855 12
856 3
857 29
858 27
859 2
860 0
861 12
862 31
863 6
864 6
865 16
866 2
867 10
868 0
869 2
870 4
871 0
872 0
873 0
874 0
875 0
876 1
877 45
878 13
879 6
880 50
881 42
882 0
883 3
884 24
885 0
886 5
887 2
888 9
889 68
890 2
891 3
892 12
893 3
894 2
895 13
896 6
897 15
898 0
899 0
900 0
901 0
902 1
903 81
904 38
905 5
906 34
907 47
908 34
909 0
910 0
911 19
912 0
913 0
914 5
915 28
916 0
917 12
918 30
919 4
920 26
921 41
922 13
923 0
924 5
925 0
926 3
927 12
928 0
929 0
930 16
931 60
932 19
933 57
934 30
935 45
936 7
937 2
938 27
939 7
940 37
941 14
942 0
943 2
944 28
945 41
946 7
947 0
948 0
949 24
950 13
951 0
952 16
953 32
954 15
955 63
956 60
957 9
958 6
959 18
960 9
961 0
962 6
963 21
964 23
965 3
966 17
967 12
968 10
969 40
970 13
971 0
972 14
973 29
974 7
975 20
976 2
977 0
978 71
979 11
980 70
981 53
982 13
983 4
984 42
985 34
986 10
987 0
988 0
989 0
990 0
991 5
992 5
993 56
994 23
995 6
996 12
997 1
998 2
999 13
1000 3
1001 9
1002 35
1003 0
1004 0
1005 0
1006 0
1007 31
1008 53
1009 0
1010 6
1011 1
1012 1
1013 0
1014 0
1015 0
1016 10
1017 41
1018 1
1019 37
1020 28
1021 42
1022 28
1023 14
1024 18
1025 3
1026 19
1027 59
1028 10
1029 2
1030 1
1031 29
1032 0
1033 0
1034 9
1035 20
1036 6
1037 2
1038 45
1039 29
1040 41
1041 19
1042 0
1043 14
1044 6
1045 8
1046 23
1047 12
1048 15
1049 0
1050 1
1051 0
1052 0
1053 0
1054 0
1055 5
1056 4
1057 17
1058 29
1059 41
1060 41
1061 10
1062 0
1063 0
1064 0
1065 0
1066 0
1067 11
1068 0
1069 6
1070 5
1071 1
1072 38
1073 13
1074 28
1075 1
1076 4
1077 0
1078 20
1079 0
1080 33
1081 23
1082 2
1083 14
1084 13
1085 3
1086 0
1087 0
1088 0
1089 0
1090 32
1091 45
1092 40
1093 51
1094 28
1095 0
1096 10
1097 1
1098 9
1099 50
1100 0
1101 0
1102 0
1103 12
1104 1
1105 3
1106 43
1107 48
1108 7
1109 0
1110 86
1111 28
1112 0
1113 23
1114 36
1115 0
1116 0
1117 4
1118 2
1119 45
1120 24
1121 30
1122 3
1123 0
1124 6
1125 0
1126 7
1127 0
1128 4
1129 20
1130 0
1131 0
1132 0
1133 18
1134 10
1135 3
1136 0
1137 0
1138 0
1139 26
1140 118
1141 78
1142 15
1143 0
1144 1
1145 0
1146 3
1147 0
1148 0
1149 28
1150 58
1151 3
1152 4
1153 3
1154 16
1155 53
1156 29
1157 26
1158 2
1159 1
1160 6
1161 2
1162 13
1163 0
1164 0
1165 0
1166 10
1167 17
1168 38
1169 3
1170 34
1171 0
1172 0
1173 7
1174 0
1175 0
1176 26
1177 55
1178 2
1179 50
1180 0
1181 32
1182 24
1183 45
1184 17
1185 36
1186 17
1187 13
1188 0
1189 0
1190 0
1191 11
1192 18
1193 0
1194 2
1195 0
1196 1
1197 0
1198 16
1199 9
1200 4
1201 0
1202 0
1203 44
1204 1
1205 0
1206 8
1207 0
1208 7
1209 4
1210 20
1211 29
1212 68
1213 2
1214 13
1215 43
1216 9
1217 73
1218 27
1219 0
1220 19
1221 6
1222 3
1223 14
1224 12
1225 2
1226 4
1227 0
1228 18
1229 28
1230 4
1231 0
1232 2
1233 11
1234 19
1235 58
1236 12
1237 11
1238 14
1239 0
1240 2
1241 0
1242 0
1243 24
1244 0
1245 14
1246 8
1247 22
1248 50
1249 74
1250 1
1251 33
1252 39
1253 66
1254 109
1255 12
1256 9
1257 1
1258 28
1259 0
1260 9
1261 0
1262 11
1263 15
1264 39
1265 28
1266 9
1267 1
1268 0
1269 0
1270 0
1271 6
1272 14
1273 15
1274 96
1275 45
1276 0
1277 4
1278 10
1279 11
1280 0
1281 0
1282 0
1283 0
1284 0
1285 0
1286 23
1287 49
1288 11
1289 35
1290 24
1291 32
1292 17
1293 25
1294 287
1295 102
1296 9
1297 0
1298 11
1299 33
1300 6
1301 0
1302 2
1303 17
1304 27
1305 5
1306 5
1307 25
1308 21
1309 22
1310 2
1311 17
1312 0
1313 0
1314 0
1315 44
1316 41
1317 39
1318 48
1319 56
1320 43
1321 90
1322 49
1323 5
1324 4
1325 12
1326 0
1327 2
1328 0
1329 10
1330 2
1331 6
1332 68
1333 12
1334 3
1335 9
1336 10
1337 30
1338 28
1339 102
1340 103
1341 25
1342 3
1343 24
1344 45
1345 2
1346 1
1347 3
1348 1
1349 8
1350 54
1351 3
1352 0
1353 48
1354 5
1355 18
1356 19
1357 3
1358 4
1359 26
1360 0
1361 0
1362 0
1363 21
1364 70
1365 87
1366 17
1367 23
1368 22
1369 50
1370 27
1371 41
1372 0
1373 4
1374 0
1375 0
1376 0
1377 3
1378 13
1379 54
1380 55
1381 6
1382 8
1383 6
1384 20
1385 13
1386 32
1387 83
1388 32
1389 0
1390 30
1391 29
1392 4
1393 3
1394 1
1395 15
1396 17
1397 8
1398 0
1399 3
1400 33
1401 26
1402 18
1403 27
1404 18
1405 10
1406 10
1407 28
1408 22
1409 29
1410 28
1411 10
1412 4
1413 0
1414 2
1415 0
1416 18
1417 36
1418 23
1419 56
1420 26
1421 50
1422 11
1423 0
1424 2
1425 0
1426 1
1427 21
1428 77
1429 104
1430 63
1431 79
1432 45
1433 29
1434 26
1435 32
1436 27
1437 55
1438 0
1439 0
1440 16
1441 14
1442 93
1443 17
1444 16
1445 38
1446 50
1447 6
1448 13
1449 6
1450 4
1451 44
1452 10
1453 31
1454 21
1455 1
1456 14
1457 66
1458 1
1459 62
1460 18
1461 6
1462 3
1463 10
1464 0
1465 8
1466 17
1467 15
1468 2
1469 2
1470 0
1471 0
1472 1
1473 2
1474 0
1475 18
1476 92
1477 163
1478 56
1479 52
1480 56
1481 64
1482 7
1483 40
1484 30
1485 0
1486 9
1487 1
1488 23
1489 21
1490 75
1491 28
1492 13
1493 22
1494 34
1495 7
1496 45
1497 61
1498 6
1499 25
1500 35
1501 8
1502 16
1503 7
1504 36
1505 45
1506 6
1507 13
1508 44
1509 3
1510 12
1511 1
1512 3
1513 8
1514 61
1515 19
1516 10
1517 0
1518 0
1519 0
1520 0
1521 0
1522 3
1523 0
1524 22
1525 92
1526 66
1527 189
1528 139
1529 89
1530 36
1531 0
1532 10
1533 51
1534 3
1535 27
1536 19
1537 21
1538 37
1539 24
1540 1
1541 27
1542 4
1543 19
1544 105
1545 58
1546 51
1547 28
1548 5
1549 26
1550 34
1551 11
1552 6
1553 16
1554 11
1555 11
1556 47
1557 89
1558 4
1559 11
1560 21
1561 69
1562 39
1563 43
1564 0
1565 1
1566 17
1567 17
1568 49
1569 0
1570 0
1571 10
1572 137
1573 261
1574 87
1575 7
1576 89
1577 35
1578 26
1579 49
1580 78
1581 26
1582 32
1583 28
1584 21
1585 2
1586 0
1587 11
1588 50
1589 1
1590 99
1591 28
1592 21
1593 21
1594 23
1595 75
1596 57
1597 8
1598 0
1599 4
1600 54
1601 16
1602 63
1603 8
1604 1
1605 0
1606 1
1607 9
1608 0
1609 0
1610 0
1611 0
1612 15
1613 21
1614 15
1615 0
1616 30
1617 120
1618 94
1619 168
1620 80
1621 112
1622 98
1623 42
1624 30
1625 2
1626 77
1627 46
1628 21
1629 44
1630 26
1631 20
1632 21
1633 24
1634 39
1635 10
1636 10
1637 19
1638 14
1639 17
1640 48
1641 10
1642 0
1643 1
1644 0
1645 77
1646 132
1647 24
1648 51
1649 22
1650 16
1651 40
1652 107
1653 3
1654 17
1655 48
1656 58
1657 14
1658 25
1659 41
1660 17
1661 23
1662 22
1663 3
1664 25
1665 27
1666 28
1667 58
1668 53
1669 0
1670 10
1671 11
1672 0
1673 0
1674 0
1675 0
1676 0
1677 121
1678 91
1679 70
1680 82
1681 28
1682 35
1683 33
1684 20
1685 53
1686 35
1687 9
1688 18
1689 26
1690 12
1691 29
1692 3
1693 21
1694 28
1695 1
1696 13
1697 1
1698 5
1699 4
1700 1
1701 66
1702 2
1703 16
1704 0
1705 0
1706 0
1707 17
1708 0
1709 20
1710 125
1711 27
1712 21
1713 19
1714 20
1715 50
1716 21
1717 16
1718 8
1719 16
1720 1
1721 15
1722 1
1723 0
1724 4
1725 3
1726 12
1727 12
1728 47
1729 40
1730 0
1731 5
1732 0
1733 14
1734 2
1735 0
1736 11
1737 27
1738 48
1739 43
1740 17
1741 12
1742 38
1743 0
1744 13
1745 29
1746 17
1747 0
1748 0
1749 3
1750 9
1751 26
1752 40
1753 1
1754 0
1755 14
1756 3
1757 8
1758 15
1759 0
1760 0
1761 46
1762 8
1763 12
1764 16
1765 22
1766 11
1767 45
1768 26
1769 0
1770 1
1771 6
1772 18
1773 43
1774 14
1775 12
1776 13
1777 16
1778 32
1779 0
1780 8
1781 0
1782 18
1783 1
1784 6
1785 9
1786 0
1787 33
1788 9
1789 3
1790 19
1791 0
1792 28
1793 10
1794 0
1795 0
1796 6
1797 41
1798 47
1799 72
1800 65
1801 13
1802 29
1803 4
1804 18
1805 79
1806 59
1807 12
1808 19
1809 0
1810 20
1811 11
1812 5
1813 9
1814 2
1815 2
1816 0
1817 0
1818 12
1819 1
1820 20
1821 14
1822 7
1823 15
1824 48
1825 17
1826 2
1827 16
1828 20
1829 45
1830 0
1831 32
1832 6
1833 34
1834 4
1835 44
1836 20
1837 0
1838 14
1839 8
1840 5
1841 13
1842 3
1843 21
1844 43
1845 32
1846 15
1847 14
1848 37
1849 43
1850 3
1851 3
1852 6
1853 23
1854 8
1855 21
1856 16
1857 7
1858 44
1859 51
1860 15
1861 37
1862 18
1863 0
1864 14
1865 2
1866 15
1867 148
1868 36
1869 17
1870 4
1871 18
1872 65
1873 31
1874 5
1875 0
1876 2
1877 17
1878 18
1879 16
1880 0
1881 30
1882 56
1883 70
1884 35
1885 9
1886 7
1887 7
1888 0
1889 30
1890 34
1891 10
1892 16
1893 22
1894 104
1895 99
1896 42
1897 4
1898 3
1899 5
1900 47
1901 28
1902 0
1903 53
1904 18
1905 20
1906 17
1907 30
1908 18
1909 17
1910 16
1911 27
1912 49
1913 19
1914 1
1915 0
1916 2
1917 30
1918 12
1919 31
1920 8
1921 25
1922 1
1923 23
1924 26
1925 21
1926 1
1927 1
1928 4
1929 4
1930 11
1931 22
1932 7
1933 2
1934 8
1935 28
1936 18
1937 1
1938 3
1939 3
1940 31
1941 29
1942 54
1943 58
1944 8
1945 7
1946 9
1947 0
1948 13
1949 8
1950 12
1951 35
1952 17
1953 27
1954 15
1955 48
1956 6
1957 13
1958 25
1959 13
1960 10
1961 3
1962 0
1963 0
1964 54
1965 63
1966 2
1967 32
1968 55
1969 26
1970 12
1971 18
1972 43
1973 1
1974 9
1975 32
1976 10
1977 0
1978 0
1979 1
1980 30
1981 54
1982 20
1983 3
1984 10
1985 53
1986 18
1987 1
1988 0
1989 34
1990 19
1991 14
1992 19
1993 7
1994 22
1995 46
1996 82
1997 23
1998 13
1999 28
2000 30
2001 0
2002 3
2003 19
2004 56
2005 24
2006 12
2007 16
2008 10
2009 21
2010 13
2011 24
2012 2
2013 4
2014 30
2015 23
2016 48
2017 58
2018 2
2019 35
2020 14
2021 11
2022 2
2023 51
2024 69
2025 0
2026 16
2027 11
2028 12
2029 4
2030 28
2031 41
2032 29
2033 8
2034 27
2035 37
2036 58
2037 21
2038 16
2039 7
2040 9
2041 2
2042 7
2043 35
2044 5
2045 18
2046 14
2047 16
2048 43
2049 50
2050 40
2051 36
2052 1
2053 2
2054 21
2055 78
2056 10
2057 7
2058 12
2059 18
2060 17
2061 28
2062 25
2063 21
2064 2
2065 1
2066 28
2067 24
2068 0
2069 42
2070 9
2071 15
2072 46
2073 44
2074 24
2075 25
2076 42
2077 7
2078 0
2079 0
2080 30
2081 50
2082 37
2083 24
2084 17
2085 15
2086 24
2087 22
2088 27
2089 25
2090 21
2091 9
2092 9
2093 13
2094 23
2095 73
2096 17
2097 84
2098 42
2099 22
2100 5
2101 4
2102 0
2103 55
2104 46
2105 23
2106 0
2107 0
2108 6
2109 2
2110 41
2111 21
2112 45
2113 25
2114 13
2115 31
2116 21
2117 11
2118 44
2119 54
2120 9
2121 7
2122 0
2123 0
2124 43
2125 0
2126 21
2127 29
2128 29
2129 11
2130 18
2131 51
2132 43
2133 6
2134 0
2135 2
2136 0
2137 31
2138 59
2139 10
2140 2
2141 0
2142 0
2143 0
2144 37
2145 41
2146 9
2147 3
2148 55
2149 24
2150 67
2151 9
2152 35
2153 46
2154 26
2155 7
2156 0
2157 3
2158 1
2159 15
2160 47
2161 47
2162 0
2163 0
2164 9
2165 46
2166 19
2167 6
2168 4
2169 22
2170 7
2171 0
2172 37
2173 16
2174 0
2175 11
2176 0
2177 21
2178 0
2179 7
2180 2
2181 10
2182 6
2183 16
2184 1
2185 0
2186 0
2187 25
2188 10
2189 9
2190 33
2191 27
2192 4
2193 43
2194 2
2195 0
2196 0
2197 2
2198 2
2199 20
2200 13
2201 15
2202 23
2203 39
2204 3
2205 33
2206 41
2207 7
2208 0
2209 11
2210 12
2211 29
2212 57
2213 47
2214 4
2215 12
2216 0
2217 1
2218 1
2219 1
2220 15
2221 0
2222 0
2223 4
2224 29
2225 1
2226 0
2227 35
2228 31
2229 26
2230 27
2231 1
2232 7
2233 12
2234 0
2235 3
2236 0
2237 11
2238 3
2239 0
2240 0
2241 0
2242 0
2243 36
2244 16
2245 1
2246 5
2247 24
2248 55
2249 6
2250 47
2251 24
2252 0
2253 18
2254 50
2255 25
2256 34
2257 6
2258 0
2259 4
2260 32
2261 1
2262 2
2263 0
2264 0
2265 12
2266 62
2267 34
2268 29
2269 45
2270 38
2271 27
2272 0
2273 8
2274 67
2275 49
2276 17
2277 54
2278 9
2279 3
2280 0
2281 34
2282 57
2283 4
2284 0
2285 1
2286 29
2287 7
2288 12
2289 13
2290 40
2291 73
2292 4
2293 0
2294 51
2295 47
2296 9
2297 23
2298 14
2299 0
2300 17
2301 30
2302 14
2303 0
2304 9
2305 0
2306 6
2307 18
2308 48
2309 17
2310 18
2311 16
2312 3
2313 7
2314 22
2315 11
2316 58
2317 20
2318 0
2319 3
2320 43
2321 23
2322 20
2323 0
2324 0
2325 2
2326 52
2327 82
2328 15
2329 0
2330 6
2331 0
2332 7
2333 7
2334 83
2335 105
2336 11
2337 0
2338 14
2339 27
2340 24
2341 5
2342 0
2343 0
2344 13
2345 29
2346 17
2347 31
2348 1
2349 12
2350 7
2351 38
2352 35
2353 53
2354 28
2355 6
2356 20
2357 7
2358 1
2359 0
2360 0
2361 0
2362 0
2363 52
2364 44
2365 2
2366 39
2367 31
2368 2
2369 15
2370 37
2371 23
2372 17
2373 11
2374 0
2375 26
2376 39
2377 0
2378 0
2379 1
2380 7
2381 0
2382 47
2383 22
2384 14
2385 63
2386 18
2387 35
2388 71
2389 35
2390 25
2391 55
2392 4
2393 5
2394 46
2395 14
2396 3
2397 0
2398 40
2399 0
2400 0
2401 31
2402 103
2403 4
2404 11
2405 27
2406 41
2407 24
2408 18
2409 24
2410 13
2411 34
2412 24
2413 4
2414 0
2415 6
2416 1
2417 3
2418 0
2419 28
2420 48
2421 45
2422 90
2423 12
2424 17
2425 30
2426 28
2427 45
2428 46
2429 8
2430 0
2431 10
2432 33
2433 0
2434 1
2435 15
2436 17
2437 7
2438 59
2439 3
2440 27
2441 44
2442 53
2443 21
2444 17
2445 18
2446 0
2447 0
2448 0
2449 21
2450 0
2451 4
2452 1
2453 0
2454 15
2455 13
2456 26
2457 20
2458 2
2459 11
2460 1
2461 0
2462 0
2463 0
2464 13
2465 95
2466 11
2467 0
2468 3
2469 4
2470 12
2471 8
2472 6
2473 0
2474 0
2475 0
2476 0
2477 2
2478 20
2479 0
2480 2
2481 11
2482 0
2483 10
2484 15
2485 23
2486 6
2487 36
2488 3
2489 8
2490 0
2491 0
2492 0
2493 0
2494 4
2495 17
2496 2
2497 7
2498 1
2499 9
2500 8
2501 3
2502 6
2503 44
2504 0
2505 0
2506 0
2507 0
2508 0
2509 7
2510 1
2511 1
2512 3
2513 10
2514 0
2515 0
2516 3
2517 0
2518 0
2519 0
2520 3
2521 0
2522 1
2523 15
2524 0
2525 0
2526 22
2527 6
2528 0
2529 1
2530 4
2531 0
2532 0
2533 0
2534 31
2535 47
2536 3
2537 10
2538 13
2539 0
2540 0
2541 0
2542 49
2543 12
2544 15
2545 39
2546 2
2547 0
2548 8
2549 0
2550 0
2551 0
2552 12
2553 20
2554 9
2555 0
2556 0
2557 0
2558 7
2559 5
2560 23
2561 20
2562 2
2563 12
2564 1
2565 2
2566 10
2567 0
2568 2
2569 0
2570 2
2571 0
2572 0
2573 3
2574 0
2575 18
2576 0
2577 0
2578 0
2579 0
2580 0
2581 0
2582 0
2583 0
2584 0
2585 0
2586 0
2587 0
2588 0
2589 0
2590 0
2591 0
2592 0
2593 0
2594 0
2595 0
2596 0
2597 0
2598 0
