0 8
1 0
2 0
3 0
4 3
5 6
6 0
7 0
8 0
9 0
10 3
11 6
12 0
13 4
14 15
15 5
16 9
17 0
18 0
19 21
20 0
21 3
22 0
23 13
24 0
25 4
26 0
27 0
28 0
29 2
30 0
31 0
32 0
33 3
34 0
35 8
36 0
37 2
38 1
39 1
40 1
41 0
42 0
43 1
44 12
45 0
46 0
47 0
48 0
49 9
50 4
51 0
52 9
53 8
54 6
55 0
56 2
57 6
58 9
59 1
60 2
61 9
62 6
63 0
64 0
65 17
66 2
67 7
68 3
69 0
70 0
71 1
72 0
73 0
74 5
75 14
76 0
77 6
78 17
79 13
80 0
81 0
82 4
83 3
84 2
85 0
86 6
87 22
88 18
89 0
90 0
91 0
92 0
93 6
94 0
95 0
96 1
97 9
98 3
99 12
100 0
101 0
102 7
103 7
104 1
105 2
106 10
107 2
108 8
109 8
110 0
111 3
112 4
113 1
114 6
115 3
116 11
117 0
118 0
119 4
120 0
121 5
122 14
123 5
124 1
125 0
126 1
127 0
128 2
129 4
130 0
131 6
132 1
133 0
134 0
135 12
136 5
137 37
138 1
139 2
140 0
141 9
142 2
143 2
144 0
145 0
146 9
147 2
148 11
149 8
150 2
151 0
152 0
153 3
154 2
155 4
156 0
157 2
158 35
159 4
160 1
161 2
162 0
163 0
164 6
165 7
166 10
167 5
168 3
169 1
170 15
171 8
172 4
173 2
174 14
175 23
176 16
177 0
178 3
179 0
180 13
181 1
182 34
183 22
184 8
185 5
186 29
187 24
188 13
189 0
190 0
191 0
192 0
193 0
194 0
195 0
196 13
197 5
198 1
199 9
200 9
201 6
202 3
203 15
204 8
205 20
206 33
207 9
208 4
209 0
210 24
211 0
212 3
213 5
214 0
215 13
216 0
217 4
218 6
219 25
220 0
221 22
222 18
223 15
224 30
225 16
226 13
227 2
228 0
229 4
230 0
231 0
232 0
233 0
234 0
235 2
236 0
237 0
238 6
239 34
240 0
241 32
242 17
243 4
244 19
245 6
246 10
247 0
248 7
249 3
250 3
251 0
252 0
253 0
254 0
255 2
256 55
257 16
258 3
259 0
260 0
261 0
262 1
263 6
264 0
265 3
266 0
267 4
268 1
269 0
270 6
271 8
272 4
273 0
274 1
275 0
276 0
277 0
278 2
279 8
280 0
281 0
282 3
283 40
284 0
285 0
286 4
287 3
288 2
289 0
290 26
291 6
292 40
293 11
294 0
295 8
296 11
297 3
298 7
299 4
300 6
301 3
302 6
303 6
304 34
305 9
306 6
307 14
308 0
309 7
310 5
311 9
312 10
313 1
314 1
315 11
316 0
317 13
318 24
319 0
320 4
321 5
322 1
323 2
324 0
325 0
326 2
327 0
328 0
329 0
330 0
331 8
332 1
333 12
334 16
335 14
336 0
337 7
338 0
339 0
340 0
341 0
342 0
343 0
344 1
345 0
346 4
347 0
348 15
349 4
350 5
351 23
352 3
353 0
354 0
355 0
356 0
357 0
358 0
359 7
360 9
361 21
362 31
363 0
364 0
365 0
366 1
367 3
368 8
369 10
370 0
371 3
372 0
373 4
374 1
375 2
376 6
377 0
378 0
379 7
380 7
381 0
382 6
383 0
384 6
385 10
386 0
387 0
388 9
389 10
390 18
391 9
392 0
393 0
394 11
395 5
396 20
397 7
398 0
399 12
400 0
401 5
402 2
403 5
404 7
405 10
406 16
407 17
408 0
409 0
410 1
411 3
412 5
413 23
414 18
415 0
416 2
417 6
418 0
419 0
420 2
421 0
422 8
423 13
424 15
425 6
426 2
427 0
428 7
429 0
430 21
431 0
432 1
433 0
434 0
435 0
436 18
437 23
438 36
439 13
440 22
441 12
442 7
443 27
444 5
445 3
446 3
447 0
448 11
449 5
450 9
451 5
452 8
453 16
454 22
455 2
456 12
457 21
458 16
459 0
460 0
461 16
462 15
463 11
464 7
465 7
466 0
467 9
468 9
469 15
470 24
471 21
472 16
473 9
474 18
475 6
476 0
477 0
478 0
479 3
480 1
481 3
482 4
483 1
484 9
485 4
486 7
487 11
488 3
489 20
490 4
491 4
492 20
493 30
494 4
495 6
496 5
497 0
498 19
499 5
500 5
501 6
502 4
503 2
504 0
505 6
506 10
507 1
508 1
509 29
510 2
511 4
512 12
513 27
514 8
515 15
516 6
517 7
518 0
519 6
520 21
521 20
522 0
523 3
524 5
525 1
526 0
527 1
528 9
529 1
530 1
531 2
532 18
533 16
534 1
535 11
536 13
537 2
538 1
539 10
540 2
541 3
542 3
543 11
544 14
545 0
546 7
547 0
548 12
549 0
550 5
551 0
552 15
553 15
554 22
555 22
556 5
557 2
558 6
559 11
560 3
561 6
562 2
563 0
564 0
565 0
566 0
567 3
568 1
569 0
570 1
571 12
572 5
573 5
574 0
575 10
576 3
577 5
578 4
579 4
580 1
581 0
582 0
583 3
584 8
585 7
586 5
587 1
588 13
589 27
590 1
591 0
592 7
593 0
594 0
595 3
596 2
597 1
598 15
599 23
600 16
601 36
602 6
603 3
604 3
605 1
606 5
607 9
608 11
609 3
610 10
611 0
612 18
613 10
614 24
615 0
616 14
617 0
618 1
619 0
620 1
621 0
622 5
623 2
624 3
625 24
626 10
627 27
628 17
629 13
630 24
631 0
632 7
633 3
634 8
635 4
636 8
637 0
638 6
639 8
640 1
641 6
642 8
643 20
644 5
645 16
646 9
647 1
648 0
649 0
650 0
651 5
652 10
653 3
654 3
655 5
656 2
657 1
658 18
659 12
660 1
661 6
662 1
663 9
664 2
665 0
666 0
667 7
668 0
669 2
670 6
671 14
672 1
673 0
674 2
675 0
676 12
677 16
678 11
679 6
680 19
681 15
682 0
683 3
684 3
685 6
686 1
687 0
688 0
689 5
690 19
691 13
692 6
693 0
694 0
695 4
696 3
697 1
698 1
699 8
700 4
701 4
702 9
703 0
704 0
705 14
706 25
707 9
708 0
709 11
710 0
711 0
712 2
713 1
714 0
715 0
716 8
717 28
718 14
719 12
720 28
721 5
722 3
723 0
724 0
725 0
726 7
727 5
728 5
729 11
730 6
731 13
732 0
733 6
734 7
735 3
736 9
737 8
738 18
739 18
740 7
741 4
742 0
743 3
744 14
745 0
746 0
747 0
748 10
749 5
750 33
751 2
752 13
753 2
754 8
755 1
756 5
757 1
758 3
759 19
760 10
761 2
762 5
763 3
764 22
765 6
766 9
767 6
768 0
769 2
770 23
771 2
772 0
773 0
774 6
775 9
776 6
777 4
778 4
779 0
780 0
781 2
782 3
783 0
784 7
785 3
786 13
787 7
788 1
789 14
790 0
791 3
792 4
793 11
794 10
795 0
796 9
797 12
798 0
799 2
800 0
801 0
802 3
803 0
804 0
805 0
806 18
807 6
808 5
809 15
810 7
811 1
812 7
813 6
814 1
815 0
816 0
817 0
818 3
819 17
820 15
821 16
822 8
823 10
824 1
825 5
826 1
827 13
828 8
829 5
830 4
831 6
832 6
833 9
834 7
835 4
836 6
837 2
838 3
839 0
840 0
841 0
842 0
843 0
844 5
845 8
846 5
847 11
848 8
849 2
850 9
851 0
852 10
853 1
854 1
855 6
856 3
857 10
858 11
859 0
860 2
861 5
862 11
863 5
864 2
865 7
866 0
867 5
868 0
869 1
870 1
871 0
872 0
873 0
874 0
875 0
876 1
877 19
878 7
879 6
880 24
881 18
882 3
883 1
884 10
885 0
886 0
887 1
888 5
889 27
890 3
891 2
892 6
893 3
894 0
895 4
896 3
897 5
898 1
899 0
900 0
901 0
902 1
903 27
904 11
905 2
906 11
907 14
908 15
909 0
910 1
911 8
912 0
913 0
914 3
915 10
916 0
917 4
918 15
919 4
920 12
921 13
922 4
923 2
924 2
925 0
926 1
927 6
928 0
929 0
930 7
931 20
932 8
933 19
934 13
935 16
936 2
937 0
938 10
939 4
940 13
941 4
942 0
943 0
944 13
945 15
946 6
947 0
948 0
949 13
950 10
951 0
952 5
953 15
954 5
955 26
956 28
957 5
958 2
959 6
960 5
961 0
962 3
963 6
964 9
965 0
966 9
967 5
968 6
969 15
970 4
971 0
972 5
973 14
974 4
975 9
976 1
977 0
978 0
979 4
980 28
981 26
982 7
983 3
984 18
985 14
986 0
987 3
988 0
989 0
990 0
991 3
992 3
993 22
994 8
995 5
996 5
997 2
998 2
999 5
1000 3
1001 3
1002 13
1003 0
1004 0
1005 0
1006 0
1007 9
1008 28
1009 0
1010 3
1011 1
1012 1
1013 0
1014 0
1015 0
1016 4
1017 19
1018 0
1019 12
1020 11
1021 17
1022 11
1023 5
1024 0
1025 2
1026 7
1027 20
1028 5
1029 2
1030 0
1031 9
1032 0
1033 0
1034 4
1035 7
1036 3
1037 0
1038 17
1039 15
1040 18
1041 7
1042 0
1043 0
1044 2
1045 5
1046 7
1047 8
1048 5
1049 0
1050 2
1051 0
1052 0
1053 0
1054 0
1055 2
1056 3
1057 8
1058 7
1059 19
1060 18
1061 2
1062 0
1063 0
1064 0
1065 0
1066 0
1067 3
1068 2
1069 3
1070 3
1071 2
1072 14
1073 6
1074 12
1075 1
1076 0
1077 0
1078 7
1079 1
1080 10
1081 6
1082 4
1083 5
1084 5
1085 1
1086 0
1087 0
1088 0
1089 0
1090 16
1091 18
1092 15
1093 22
1094 13
1095 0
1096 3
1097 0
1098 4
1099 26
1100 0
1101 1
1102 2
1103 1
1104 1
1105 2
1106 25
1107 22
1108 5
1109 0
1110 43
1111 7
1112 1
1113 5
1114 15
1115 1
1116 0
1117 1
1118 1
1119 17
1120 15
1121 13
1122 0
1123 0
1124 2
1125 1
1126 3
1127 0
1128 4
1129 8
1130 0
1131 0
1132 0
1133 7
1134 4
1135 0
1136 0
1137 0
1138 0
1139 9
1140 41
1141 0
1142 9
1143 0
1144 0
1145 0
1146 4
1147 0
1148 1
1149 16
1150 22
1151 2
1152 1
1153 4
1154 6
1155 22
1156 16
1157 7
1158 0
1159 1
1160 3
1161 0
1162 0
1163 0
1164 0
1165 0
1166 5
1167 6
1168 16
1169 2
1170 12
1171 0
1172 0
1173 1
1174 0
1175 1
1176 10
1177 25
1178 2
1179 20
1180 0
1181 15
1182 9
1183 15
1184 5
1185 14
1186 9
1187 6
1188 0
1189 0
1190 0
1191 7
1192 0
1193 0
1194 1
1195 1
1196 1
1197 0
1198 3
1199 4
1200 3
1201 0
1202 0
1203 16
1204 2
1205 0
1206 3
1207 0
1208 4
1209 2
1210 11
1211 11
1212 28
1213 2
1214 6
1215 15
1216 5
1217 28
1218 11
1219 2
1220 10
1221 5
1222 1
1223 6
1224 5
1225 2
1226 5
1227 1
1228 7
1229 10
1230 5
1231 0
1232 2
1233 9
1234 9
1235 21
1236 5
1237 6
1238 10
1239 0
1240 2
1241 0
1242 0
1243 10
1244 0
1245 0
1246 2
1247 8
1248 20
1249 30
1250 2
1251 14
1252 21
1253 25
1254 45
1255 5
1256 4
1257 2
1258 13
1259 1
1260 3
1261 1
1262 4
1263 6
1264 14
1265 11
1266 8
1267 3
1268 0
1269 0
1270 0
1271 1
1272 6
1273 4
1274 36
1275 17
1276 0
1277 2
1278 3
1279 3
1280 0
1281 0
1282 0
1283 0
1284 0
1285 0
1286 8
1287 20
1288 6
1289 15
1290 14
1291 14
1292 9
1293 6
1294 120
1295 0
1296 3
1297 0
1298 4
1299 0
1300 1
1301 0
1302 4
1303 7
1304 16
1305 4
1306 0
1307 11
1308 6
1309 9
1310 0
1311 6
1312 0
1313 0
1314 0
1315 19
1316 18
1317 17
1318 22
1319 19
1320 23
1321 39
1322 20
1323 4
1324 4
1325 5
1326 0
1327 2
1328 0
1329 3
1330 2
1331 5
1332 21
1333 5
1334 1
1335 5
1336 4
1337 14
1338 10
1339 39
1340 56
1341 8
1342 2
1343 13
1344 18
1345 4
1346 1
1347 2
1348 0
1349 4
1350 21
1351 2
1352 0
1353 19
1354 2
1355 11
1356 10
1357 0
1358 2
1359 12
1360 0
1361 0
1362 0
1363 9
1364 26
1365 32
1366 7
1367 9
1368 11
1369 20
1370 14
1371 12
1372 0
1373 3
1374 0
1375 0
1376 0
1377 1
1378 6
1379 19
1380 22
1381 5
1382 3
1383 3
1384 7
1385 5
1386 11
1387 39
1388 11
1389 0
1390 12
1391 12
1392 2
1393 0
1394 0
1395 5
1396 6
1397 5
1398 0
1399 1
1400 17
1401 10
1402 8
1403 13
1404 5
1405 1
1406 5
1407 8
1408 10
1409 13
1410 9
1411 4
1412 3
1413 0
1414 3
1415 0
1416 9
1417 13
1418 10
1419 20
1420 12
1421 24
1422 8
1423 0
1424 1
1425 0
1426 3
1427 10
1428 31
1429 47
1430 26
1431 27
1432 21
1433 11
1434 12
1435 15
1436 11
1437 26
1438 0
1439 0
1440 6
1441 7
1442 35
1443 6
1444 6
1445 13
1446 19
1447 4
1448 5
1449 2
1450 0
1451 22
1452 5
1453 14
1454 8
1455 0
1456 4
1457 0
1458 0
1459 25
1460 0
1461 5
1462 2
1463 5
1464 0
1465 3
1466 7
1467 6
1468 0
1469 0
1470 0
1471 0
1472 1
1473 0
1474 0
1475 7
1476 38
1477 71
1478 24
1479 23
1480 29
1481 21
1482 4
1483 14
1484 10
1485 0
1486 4
1487 1
1488 14
1489 10
1490 42
1491 12
1492 7
1493 12
1494 12
1495 2
1496 16
1497 24
1498 2
1499 7
1500 18
1501 4
1502 6
1503 2
1504 13
1505 20
1506 3
1507 7
1508 18
1509 5
1510 5
1511 0
1512 0
1513 3
1514 22
1515 8
1516 3
1517 0
1518 0
1519 0
1520 0
1521 1
1522 1
1523 0
1524 12
1525 41
1526 28
1527 80
1528 55
1529 39
1530 12
1531 1
1532 6
1533 19
1534 0
1535 11
1536 8
1537 7
1538 15
1539 9
1540 1
1541 10
1542 2
1543 8
1544 41
1545 24
1546 27
1547 11
1548 3
1549 7
1550 21
1551 5
1552 4
1553 8
1554 5
1555 8
1556 21
1557 40
1558 4
1559 5
1560 7
1561 0
1562 16
1563 15
1564 0
1565 2
1566 0
1567 5
1568 18
1569 0
1570 0
1571 3
1572 58
1573 115
1574 37
1575 3
1576 35
1577 18
1578 11
1579 25
1580 30
1581 12
1582 15
1583 13
1584 8
1585 1
1586 0
1587 5
1588 19
1589 0
1590 39
1591 12
1592 10
1593 9
1594 8
1595 27
1596 21
1597 1
1598 0
1599 2
1600 25
1601 9
1602 25
1603 0
1604 0
1605 0
1606 1
1607 4
1608 0
1609 0
1610 0
1611 0
1612 9
1613 8
1614 5
1615 0
1616 13
1617 48
1618 38
1619 63
1620 29
1621 41
1622 40
1623 12
1624 0
1625 3
1626 32
1627 15
1628 8
1629 18
1630 11
1631 0
1632 7
1633 8
1634 16
1635 6
1636 5
1637 9
1638 9
1639 9
1640 13
1641 4
1642 0
1643 0
1644 0
1645 26
1646 52
1647 9
1648 21
1649 9
1650 5
1651 20
1652 40
1653 1
1654 8
1655 18
1656 22
1657 4
1658 12
1659 15
1660 5
1661 10
1662 10
1663 3
1664 12
1665 14
1666 9
1667 24
1668 20
1669 0
1670 5
1671 5
1672 0
1673 1
1674 0
1675 0
1676 0
1677 48
1678 38
1679 32
1680 36
1681 8
1682 20
1683 18
1684 8
1685 19
1686 15
1687 7
1688 6
1689 12
1690 4
1691 11
1692 4
1693 6
1694 14
1695 0
1696 6
1697 0
1698 3
1699 6
1700 1
1701 25
1702 2
1703 7
1704 0
1705 0
1706 0
1707 5
1708 0
1709 9
1710 49
1711 12
1712 8
1713 6
1714 7
1715 21
1716 13
1717 11
1718 3
1719 6
1720 0
1721 6
1722 0
1723 0
1724 3
1725 0
1726 8
1727 4
1728 21
1729 13
1730 0
1731 3
1732 0
1733 7
1734 3
1735 0
1736 3
1737 13
1738 20
1739 16
1740 12
1741 5
1742 15
1743 2
1744 6
1745 10
1746 4
1747 0
1748 0
1749 0
1750 3
1751 13
1752 18
1753 0
1754 1
1755 5
1756 4
1757 3
1758 9
1759 0
1760 0
1761 18
1762 4
1763 9
1764 9
1765 7
1766 3
1767 16
1768 10
1769 0
1770 0
1771 6
1772 11
1773 15
1774 5
1775 5
1776 7
1777 8
1778 9
1779 0
1780 3
1781 0
1782 8
1783 0
1784 2
1785 3
1786 1
1787 11
1788 6
1789 0
1790 10
1791 0
1792 17
1793 5
1794 0
1795 0
1796 2
1797 16
1798 0
1799 40
1800 34
1801 10
1802 12
1803 1
1804 6
1805 34
1806 30
1807 5
1808 7
1809 0
1810 9
1811 4
1812 4
1813 4
1814 2
1815 2
1816 3
1817 0
1818 4
1819 1
1820 10
1821 5
1822 4
1823 6
1824 19
1825 7
1826 1
1827 8
1828 8
1829 13
1830 0
1831 16
1832 3
1833 10
1834 2
1835 16
1836 7
1837 1
1838 5
1839 2
1840 2
1841 3
1842 0
1843 7
1844 21
1845 12
1846 4
1847 6
1848 14
1849 22
1850 2
1851 0
1852 3
1853 10
1854 4
1855 12
1856 5
1857 2
1858 22
1859 17
1860 6
1861 13
1862 16
1863 0
1864 0
1865 2
1866 6
1867 54
1868 15
1869 9
1870 2
1871 10
1872 28
1873 14
1874 5
1875 0
1876 1
1877 8
1878 0
1879 5
1880 0
1881 13
1882 21
1883 27
1884 13
1885 5
1886 3
1887 0
1888 0
1889 10
1890 12
1891 5
1892 8
1893 10
1894 32
1895 36
1896 18
1897 3
1898 5
1899 2
1900 17
1901 12
1902 2
1903 26
1904 8
1905 13
1906 7
1907 12
1908 5
1909 6
1910 7
1911 0
1912 16
1913 12
1914 2
1915 1
1916 1
1917 9
1918 6
1919 11
1920 4
1921 11
1922 3
1923 10
1924 7
1925 11
1926 2
1927 1
1928 0
1929 3
1930 7
1931 8
1932 2
1933 0
1934 5
1935 11
1936 11
1937 2
1938 2
1939 0
1940 16
1941 11
1942 27
1943 23
1944 4
1945 1
1946 2
1947 0
1948 6
1949 3
1950 2
1951 13
1952 9
1953 16
1954 6
1955 20
1956 2
1957 7
1958 10
1959 5
1960 3
1961 0
1962 0
1963 1
1964 24
1965 27
1966 0
1967 16
1968 20
1969 7
1970 5
1971 11
1972 19
1973 1
1974 5
1975 13
1976 5
1977 0
1978 0
1979 0
1980 12
1981 21
1982 8
1983 0
1984 4
1985 21
1986 11
1987 0
1988 2
1989 17
1990 6
1991 8
1992 6
1993 4
1994 7
1995 20
1996 31
1997 9
1998 5
1999 14
2000 13
2001 0
2002 2
2003 5
2004 23
2005 6
2006 5
2007 8
2008 6
2009 8
2010 9
2011 12
2012 2
2013 0
2014 14
2015 7
2016 22
2017 20
2018 0
2019 20
2020 8
2021 7
2022 3
2023 17
2024 0
2025 0
2026 7
2027 7
2028 7
2029 4
2030 9
2031 14
2032 9
2033 3
2034 10
2035 13
2036 23
2037 8
2038 7
2039 3
2040 2
2041 3
2042 4
2043 16
2044 4
2045 7
2046 5
2047 7
2048 17
2049 24
2050 12
2051 16
2052 1
2053 2
2054 12
2055 37
2056 3
2057 7
2058 5
2059 9
2060 0
2061 13
2062 8
2063 7
2064 2
2065 0
2066 17
2067 10
2068 0
2069 14
2070 4
2071 7
2072 15
2073 16
2074 9
2075 10
2076 18
2077 3
2078 0
2079 3
2080 10
2081 20
2082 13
2083 10
2084 7
2085 5
2086 12
2087 11
2088 12
2089 12
2090 5
2091 5
2092 3
2093 5
2094 9
2095 30
2096 8
2097 34
2098 13
2099 7
2100 3
2101 0
2102 0
2103 22
2104 21
2105 11
2106 0
2107 0
2108 3
2109 0
2110 13
2111 0
2112 19
2113 9
2114 7
2115 14
2116 6
2117 6
2118 20
2119 21
2120 4
2121 4
2122 3
2123 1
2124 14
2125 1
2126 14
2127 12
2128 20
2129 2
2130 5
2131 21
2132 24
2133 2
2134 0
2135 0
2136 0
2137 16
2138 25
2139 5
2140 2
2141 0
2142 0
2143 0
2144 13
2145 0
2146 7
2147 2
2148 23
2149 11
2150 29
2151 2
2152 13
2153 19
2154 16
2155 4
2156 0
2157 0
2158 1
2159 8
2160 21
2161 0
2162 0
2163 0
2164 2
2165 19
2166 9
2167 4
2168 5
2169 9
2170 2
2171 0
2172 11
2173 8
2174 0
2175 4
2176 0
2177 10
2178 0
2179 4
2180 2
2181 6
2182 3
2183 6
2184 1
2185 0
2186 0
2187 11
2188 3
2189 0
2190 12
2191 9
2192 3
2193 18
2194 3
2195 0
2196 0
2197 2
2198 2
2199 6
2200 0
2201 10
2202 12
2203 14
2204 3
2205 18
2206 16
2207 2
2208 0
2209 6
2210 5
2211 12
2212 22
2213 19
2214 2
2215 4
2216 0
2217 1
2218 0
2219 0
2220 7
2221 0
2222 0
2223 4
2224 11
2225 1
2226 2
2227 15
2228 14
2229 10
2230 13
2231 0
2232 4
2233 7
2234 0
2235 1
2236 0
2237 6
2238 2
2239 0
2240 0
2241 1
2242 0
2243 20
2244 9
2245 1
2246 4
2247 11
2248 21
2249 3
2250 17
2251 7
2252 2
2253 5
2254 21
2255 9
2256 15
2257 4
2258 0
2259 3
2260 12
2261 2
2262 1
2263 0
2264 0
2265 4
2266 27
2267 15
2268 12
2269 22
2270 22
2271 13
2272 0
2273 2
2274 26
2275 19
2276 10
2277 22
2278 6
2279 0
2280 0
2281 17
2282 24
2283 2
2284 0
2285 3
2286 18
2287 2
2288 5
2289 0
2290 23
2291 30
2292 1
2293 0
2294 18
2295 18
2296 4
2297 10
2298 5
2299 0
2300 9
2301 14
2302 5
2303 0
2304 3
2305 0
2306 4
2307 6
2308 22
2309 8
2310 6
2311 6
2312 3
2313 0
2314 11
2315 5
2316 23
2317 8
2318 0
2319 3
2320 18
2321 9
2322 7
2323 0
2324 0
2325 0
2326 20
2327 38
2328 6
2329 2
2330 2
2331 0
2332 4
2333 4
2334 30
2335 35
2336 5
2337 1
2338 2
2339 12
2340 8
2341 3
2342 0
2343 0
2344 6
2345 18
2346 7
2347 14
2348 1
2349 6
2350 11
2351 16
2352 13
2353 24
2354 8
2355 2
2356 10
2357 3
2358 0
2359 0
2360 0
2361 0
2362 0
2363 17
2364 17
2365 2
2366 11
2367 13
2368 3
2369 8
2370 14
2371 8
2372 7
2373 4
2374 0
2375 8
2376 15
2377 0
2378 0
2379 1
2380 0
2381 0
2382 16
2383 8
2384 6
2385 24
2386 5
2387 14
2388 30
2389 0
2390 8
2391 22
2392 4
2393 2
2394 22
2395 7
2396 0
2397 0
2398 17
2399 0
2400 0
2401 0
2402 47
2403 2
2404 5
2405 12
2406 21
2407 12
2408 8
2409 8
2410 4
2411 0
2412 8
2413 2
2414 0
2415 2
2416 0
2417 3
2418 0
2419 11
2420 19
2421 11
2422 36
2423 0
2424 10
2425 12
2426 16
2427 19
2428 23
2429 0
2430 0
2431 6
2432 13
2433 0
2434 2
2435 6
2436 6
2437 4
2438 25
2439 3
2440 11
2441 19
2442 17
2443 0
2444 10
2445 10
2446 1
2447 0
2448 0
2449 7
2450 0
2451 2
2452 1
2453 0
2454 5
2455 7
2456 12
2457 12
2458 3
2459 6
2460 1
2461 0
2462 0
2463 0
2464 6
2465 41
2466 5
2467 0
2468 2
2469 2
2470 6
2471 4
2472 4
2473 0
2474 0
2475 0
2476 0
2477 2
2478 7
2479 0
2480 3
2481 4
2482 0
2483 3
2484 6
2485 9
2486 3
2487 13
2488 1
2489 3
2490 0
2491 0
2492 0
2493 0
2494 5
2495 9
2496 3
2497 6
2498 1
2499 6
2500 3
2501 0
2502 0
2503 18
2504 0
2505 0
2506 1
2507 0
2508 0
2509 2
2510 1
2511 2
2512 4
2513 0
2514 0
2515 0
2516 0
2517 0
2518 0
2519 0
2520 2
2521 1
2522 3
2523 6
2524 0
2525 0
2526 8
2527 5
2528 0
2529 0
2530 2
2531 1
2532 0
2533 0
2534 14
2535 0
2536 0
2537 4
2538 5
2539 0
2540 0
2541 0
2542 18
2543 7
2544 6
2545 17
2546 0
2547 0
2548 4
2549 2
2550 2
2551 0
2552 7
2553 11
2554 4
2555 0
2556 0
2557 0
2558 3
2559 2
2560 7
2561 10
2562 0
2563 7
2564 0
2565 2
2566 3
2567 2
2568 2
2569 0
2570 2
2571 1
2572 0
2573 4
2574 0
2575 7
2576 0
2577 0
2578 0
2579 0
2580 0
2581 0
2582 0
2583 0
2584 0
2585 0
2586 0
2587 0
2588 0
2589 0
2590 0
2591 0
2592 0
2593 0
2594 0
2595 0
2596 0
2597 0
2598 0
