0 520
1 10
2 50
3 20
4 156
5 303
6 16
7 18
8 10
9 23
10 123
11 428
12 72
13 283
14 755
15 297
16 531
17 101
18 57
19 1250
20 11
21 179
22 91
23 832
24 6
25 309
26 28
27 34
28 26
29 90
30 17
31 48
32 10
33 276
34 49
35 482
36 40
37 126
38 74
39 94
40 171
41 44
42 61
43 52
44 642
45 13
46 47
47 27
48 51
49 545
50 288
51 79
52 500
53 505
54 484
55 45
56 95
57 340
58 521
59 50
60 117
61 634
62 490
63 59
64 83
65 1246
66 139
67 435
68 228
69 22
70 99
71 100
72 31
73 20
74 476
75 829
76 41
77 386
78 860
79 835
80 84
81 20
82 345
83 177
84 63
85 25
86 365
87 1237
88 1038
89 39
90 32
91 35
92 63
93 364
94 105
95 6
96 105
97 564
98 141
99 667
100 15
101 53
102 408
103 474
104 99
105 195
106 637
107 200
108 549
109 515
110 35
111 207
112 275
113 108
114 375
115 193
116 614
117 95
118 62
119 291
120 14
121 248
122 1049
123 294
124 103
125 27
126 83
127 106
128 143
129 261
130 115
131 279
132 73
133 4
134 46
135 913
136 458
137 2117
138 149
139 145
140 796
141 694
142 122
143 121
144 16
145 42
146 554
147 139
148 741
149 450
150 188
151 0
152 10
153 210
154 167
155 268
156 113
157 201
158 1925
159 271
160 125
161 147
162 15
163 340
164 328
165 455
166 642
167 368
168 197
169 140
170 861
171 506
172 191
173 136
174 759
175 1452
176 964
177 123
178 270
179 13
180 901
181 81
182 2152
183 1050
184 446
185 341
186 1638
187 1515
188 799
189 105
190 164
191 10
192 15
193 43
194 22
195 11
196 815
197 479
198 73
199 670
200 533
201 467
202 178
203 833
204 521
205 1166
206 1810
207 431
208 256
209 17
210 1289
211 40
212 176
213 404
214 4
215 970
216 59
217 250
218 319
219 1465
220 323
221 1123
222 1088
223 993
224 1690
225 920
226 817
227 139
228 14
229 168
230 37
231 20
232 0
233 98
234 0
235 144
236 2
237 16
238 485
239 2007
240 79
241 1963
242 1136
243 180
244 1216
245 281
246 510
247 24
248 321
249 228
250 174
251 55
252 111
253 2
254 49
255 205
256 2923
257 967
258 171
259 28
260 3
261 5
262 66
263 497
264 82
265 202
266 60
267 181
268 79
269 8
270 313
271 694
272 198
273 2
274 93
275 80
276 85
277 50
278 153
279 520
280 69
281 19
282 261
283 1882
284 48
285 60
286 202
287 161
288 194
289 109
290 1603
291 375
292 2227
293 762
294 32
295 447
296 627
297 243
298 306
299 157
300 390
301 306
302 479
303 392
304 1942
305 605
306 441
307 976
308 9
309 533
310 386
311 552
312 730
313 115
314 119
315 703
316 616
317 775
318 1650
319 64
320 260
321 346
322 93
323 153
324 10
325 37
326 145
327 70
328 30
329 13
330 75
331 424
332 124
333 882
334 1094
335 967
336 106
337 404
338 1410
339 848
340 13
341 45
342 67
343 20
344 75
345 41
346 284
347 56
348 788
349 254
350 375
351 1615
352 269
353 59
354 8
355 30
356 28
357 425
358 11
359 480
360 523
361 1311
362 1772
363 55
364 2
365 11
366 140
367 262
368 589
369 678
370 255
371 160
372 166
373 255
374 127
375 163
376 372
377 24
378 93
379 414
380 431
381 14
382 394
383 27
384 338
385 582
386 10
387 17
388 500
389 700
390 1060
391 712
392 1179
393 35
394 662
395 292
396 1257
397 411
398 4
399 824
400 54
401 371
402 196
403 215
404 623
405 493
406 1110
407 871
408 252
409 25
410 96
411 213
412 393
413 1624
414 1031
415 65
416 187
417 382
418 64
419 271
420 125
421 63
422 684
423 651
424 889
425 393
426 320
427 129
428 553
429 35
430 1297
431 78
432 114
433 225
434 31
435 78
436 1076
437 1597
438 2069
439 775
440 1204
441 999
442 464
443 1677
444 284
445 244
446 196
447 50
448 820
449 285
450 610
451 351
452 593
453 1034
454 1126
455 183
456 704
457 1455
458 931
459 8
460 42
461 1077
462 835
463 506
464 536
465 401
466 77
467 841
468 519
469 1140
470 1388
471 1469
472 937
473 548
474 1035
475 351
476 76
477 130
478 52
479 198
480 126
481 212
482 299
483 58
484 807
485 270
486 444
487 647
488 263
489 1151
490 321
491 218
492 1163
493 2176
494 199
495 476
496 266
497 139
498 1251
499 399
500 394
501 363
502 303
503 137
504 53
505 403
506 647
507 98
508 72
509 1836
510 153
511 233
512 835
513 1399
514 549
515 877
516 439
517 339
518 22
519 313
520 1451
521 1224
522 48
523 231
524 274
525 35
526 25
527 128
528 499
529 132
530 90
531 149
532 1051
533 974
534 115
535 828
536 887
537 138
538 133
539 675
540 109
541 220
542 101
543 810
544 866
545 50
546 470
547 6
548 658
549 38
550 327
551 85
552 880
553 907
554 1311
555 1199
556 242
557 132
558 324
559 629
560 185
561 505
562 197
563 27
564 21
565 17
566 0
567 163
568 75
569 28
570 143
571 616
572 404
573 259
574 94
575 667
576 197
577 319
578 371
579 230
580 91
581 32
582 63
583 330
584 549
585 473
586 390
587 139
588 811
589 1691
590 50
591 36
592 355
593 46
594 60
595 170
596 141
597 88
598 951
599 1343
600 903
601 1963
602 396
603 320
604 218
605 147
606 445
607 455
608 825
609 243
610 608
611 318
612 945
613 604
614 1442
615 988
616 898
617 25
618 88
619 49
620 151
621 23
622 301
623 147
624 186
625 1153
626 545
627 1462
628 936
629 743
630 1219
631 168
632 298
633 220
634 362
635 209
636 545
637 34
638 275
639 622
640 85
641 537
642 495
643 1308
644 270
645 1016
646 570
647 75
648 85
649 9
650 5
651 375
652 516
653 266
654 249
655 319
656 211
657 82
658 1036
659 745
660 74
661 488
662 67
663 703
664 129
665 72
666 581
667 449
668 41
669 254
670 415
671 967
672 116
673 72
674 142
675 39
676 724
677 951
678 684
679 410
680 1101
681 921
682 51
683 224
684 145
685 427
686 111
687 17
688 21
689 249
690 1099
691 674
692 421
693 18
694 122
695 162
696 167
697 108
698 91
699 402
700 237
701 276
702 479
703 46
704 133
705 841
706 1246
707 522
708 51
709 572
710 42
711 7
712 97
713 86
714 2
715 83
716 435
717 1669
718 784
719 638
720 1589
721 341
722 192
723 22
724 262
725 166
726 376
727 254
728 246
729 610
730 363
731 832
732 142
733 354
734 435
735 186
736 569
737 432
738 1027
739 1105
740 410
741 270
742 26
743 194
744 794
745 32
746 14
747 8
748 680
749 272
750 1801
751 73
752 798
753 214
754 621
755 57
756 300
757 150
758 263
759 1002
760 491
761 163
762 442
763 166
764 1262
765 408
766 404
767 348
768 19
769 201
770 1275
771 184
772 79
773 0
774 304
775 510
776 290
777 298
778 296
779 40
780 12
781 95
782 308
783 163
784 440
785 206
786 755
787 498
788 103
789 1059
790 125
791 144
792 271
793 632
794 569
795 0
796 586
797 754
798 363
799 196
800 106
801 5
802 201
803 14
804 41
805 33
806 1177
807 504
808 290
809 825
810 469
811 120
812 364
813 390
814 106
815 41
816 0
817 0
818 206
819 894
820 951
821 949
822 414
823 552
824 116
825 398
826 166
827 759
828 480
829 250
830 218
831 352
832 487
833 603
834 611
835 285
836 410
837 179
838 165
839 67
840 13
841 90
842 72
843 0
844 250
845 422
846 450
847 747
848 458
849 136
850 621
851 23
852 566
853 129
854 52
855 378
856 145
857 741
858 678
859 118
860 134
861 308
862 632
863 177
864 262
865 389
866 110
867 351
868 95
869 89
870 175
871 60
872 20
873 66
874 3
875 10
876 91
877 1125
878 440
879 330
880 1478
881 970
882 144
883 110
884 539
885 59
886 116
887 89
888 336
889 1718
890 157
891 151
892 391
893 173
894 147
895 314
896 184
897 383
898 122
899 70
900 0
901 16
902 145
903 1894
904 859
905 179
906 829
907 1099
908 844
909 37
910 82
911 618
912 27
913 43
914 243
915 736
916 48
917 280
918 714
919 206
920 695
921 890
922 298
923 61
924 155
925 40
926 133
927 337
928 1
929 32
930 466
931 1400
932 462
933 1408
934 638
935 1036
936 174
937 114
938 600
939 239
940 897
941 361
942 3
943 70
944 784
945 977
946 341
947 26
948 10
949 650
950 446
951 46
952 370
953 839
954 352
955 1410
956 1547
957 315
958 189
959 528
960 299
961 46
962 173
963 497
964 571
965 140
966 409
967 335
968 405
969 1031
970 411
971 23
972 359
973 816
974 259
975 468
976 93
977 50
978 1842
979 280
980 1611
981 1703
982 327
983 158
984 1033
985 892
986 250
987 76
988 3
989 18
990 52
991 153
992 200
993 1255
994 650
995 180
996 365
997 104
998 194
999 379
1000 157
1001 439
1002 765
1003 15
1004 7
1005 22
1006 9
1007 702
1008 1237
1009 6
1010 201
1011 109
1012 62
1013 2
1014 8
1015 22
1016 334
1017 976
1018 101
1019 811
1020 697
1021 1162
1022 739
1023 297
1024 421
1025 135
1026 554
1027 1428
1028 287
1029 101
1030 109
1031 730
1032 29
1033 59
1034 223
1035 425
1036 217
1037 110
1038 1141
1039 673
1040 1009
1041 580
1042 42
1043 356
1044 149
1045 250
1046 488
1047 381
1048 501
1049 78
1050 91
1051 10
1052 21
1053 25
1054 57
1055 175
1056 254
1057 408
1058 616
1059 1021
1060 1021
1061 236
1062 3
1063 60
1064 0
1065 83
1066 58
1067 273
1068 92
1069 246
1070 245
1071 135
1072 926
1073 348
1074 703
1075 76
1076 110
1077 11
1078 424
1079 69
1080 786
1081 470
1082 175
1083 338
1084 306
1085 117
1086 13
1087 62
1088 19
1089 31
1090 768
1091 1194
1092 897
1093 1290
1094 627
1095 103
1096 233
1097 81
1098 266
1099 1413
1100 44
1101 93
1102 114
1103 230
1104 70
1105 128
1106 1392
1107 1352
1108 251
1109 22
1110 2666
1111 692
1112 82
1113 494
1114 890
1115 88
1116 20
1117 125
1118 121
1119 991
1120 898
1121 791
1122 111
1123 45
1124 232
1125 40
1126 254
1127 10
1128 341
1129 527
1130 27
1131 23
1132 7
1133 398
1134 242
1135 136
1136 3
1137 3
1138 13
1139 641
1140 2767
1141 1627
1142 632
1143 22
1144 85
1145 8
1146 179
1147 6
1148 49
1149 1027
1150 1589
1151 152
1152 171
1153 233
1154 406
1155 1339
1156 877
1157 637
1158 176
1159 76
1160 185
1161 65
1162 332
1163 4
1164 34
1165 11
1166 284
1167 393
1168 917
1169 136
1170 908
1171 16
1172 14
1173 156
1174 41
1175 65
1176 620
1177 1357
1178 176
1179 1086
1180 104
1181 744
1182 534
1183 1010
1184 387
1185 849
1186 484
1187 333
1188 61
1189 20
1190 20
1191 437
1192 440
1193 29
1194 115
1195 42
1196 124
1197 36
1198 371
1199 366
1200 205
1201 32
1202 17
1203 1102
1204 94
1205 48
1206 193
1207 41
1208 302
1209 180
1210 780
1211 688
1212 1658
1213 131
1214 431
1215 893
1216 398
1217 1632
1218 798
1219 161
1220 534
1221 294
1222 129
1223 390
1224 342
1225 101
1226 247
1227 84
1228 399
1229 730
1230 262
1231 40
1232 215
1233 423
1234 502
1235 1463
1236 293
1237 356
1238 545
1239 22
1240 198
1241 6
1242 56
1243 585
1244 25
1245 276
1246 176
1247 548
1248 1238
1249 1861
1250 121
1251 773
1252 1267
1253 1650
1254 2672
1255 387
1256 311
1257 116
1258 764
1259 91
1260 294
1261 105
1262 305
1263 340
1264 908
1265 667
1266 421
1267 125
1268 39
1269 39
1270 68
1271 182
1272 348
1273 353
1274 2276
1275 1037
1276 88
1277 198
1278 223
1279 274
1280 30
1281 41
1282 27
1283 23
1284 15
1285 9
1286 598
1287 1191
1288 360
1289 985
1290 852
1291 881
1292 427
1293 506
1294 6848
1295 2434
1296 268
1297 70
1298 306
1299 789
1300 142
1301 10
1302 215
1303 419
1304 1268
1305 268
1306 159
1307 778
1308 586
1309 525
1310 119
1311 423
1312 12
1313 13
1314 22
1315 1138
1316 984
1317 1043
1318 1328
1319 1217
1320 1210
1321 2197
1322 1249
1323 179
1324 145
1325 345
1326 81
1327 139
1328 8
1329 264
1330 133
1331 338
1332 1414
1333 385
1334 113
1335 322
1336 285
1337 906
1338 687
1339 2393
1340 3150
1341 507
1342 205
1343 806
1344 991
1345 210
1346 155
1347 124
1348 88
1349 245
1350 1251
1351 109
1352 49
1353 1140
1354 135
1355 603
1356 554
1357 158
1358 201
1359 644
1360 99
1361 13
1362 19
1363 474
1364 1678
1365 1988
1366 414
1367 577
1368 580
1369 1301
1370 942
1371 939
1372 8
1373 127
1374 16
1375 19
1376 63
1377 112
1378 316
1379 1289
1380 1404
1381 179
1382 225
1383 266
1384 603
1385 310
1386 857
1387 2428
1388 744
1389 119
1390 817
1391 701
1392 163
1393 191
1394 103
1395 412
1396 408
1397 316
1398 9
1399 130
1400 881
1401 563
1402 448
1403 616
1404 502
1405 222
1406 247
1407 681
1408 663
1409 774
1410 649
1411 272
1412 244
1413 2
1414 142
1415 76
1416 591
1417 819
1418 549
1419 1359
1420 632
1421 1632
1422 426
1423 34
1424 163
1425 36
1426 144
1427 624
1428 1797
1429 2452
1430 1473
1431 1998
1432 1419
1433 596
1434 697
1435 902
1436 632
1437 1447
1438 35
1439 10
1440 403
1441 388
1442 2308
1443 390
1444 409
1445 881
1446 1246
1447 281
1448 390
1449 205
1450 176
1451 1472
1452 285
1453 887
1454 530
1455 82
1456 392
1457 1552
1458 54
1459 1545
1460 474
1461 257
1462 146
1463 283
1464 17
1465 257
1466 440
1467 386
1468 110
1469 112
1470 44
1471 9
1472 79
1473 99
1474 89
1475 486
1476 2226
1477 4043
1478 1595
1479 1226
1480 1663
1481 1400
1482 295
1483 1004
1484 731
1485 15
1486 231
1487 85
1488 706
1489 592
1490 2573
1491 654
1492 347
1493 694
1494 754
1495 193
1496 1182
1497 1493
1498 196
1499 517
1500 922
1501 260
1502 389
1503 164
1504 642
1505 1180
1506 190
1507 417
1508 1046
1509 229
1510 413
1511 62
1512 95
1513 226
1514 1580
1515 527
1516 307
1517 52
1518 4
1519 0
1520 22
1521 56
1522 79
1523 70
1524 635
1525 2269
1526 1615
1527 4576
1528 3403
1529 2264
1530 830
1531 39
1532 361
1533 1255
1534 111
1535 710
1536 437
1537 462
1538 816
1539 533
1540 43
1541 650
1542 161
1543 446
1544 2475
1545 1415
1546 1656
1547 770
1548 244
1549 563
1550 1118
1551 283
1552 269
1553 468
1554 258
1555 310
1556 1366
1557 2511
1558 263
1559 292
1560 500
1561 1578
1562 1025
1563 924
1564 29
1565 75
1566 425
1567 436
1568 1213
1569 25
1570 58
1571 237
1572 3345
1573 6512
1574 2229
1575 225
1576 2170
1577 1000
1578 671
1579 1490
1580 1827
1581 678
1582 852
1583 655
1584 459
1585 116
1586 25
1587 349
1588 1107
1589 134
1590 2200
1591 770
1592 531
1593 533
1594 572
1595 1770
1596 1211
1597 181
1598 66
1599 185
1600 1630
1601 546
1602 1585
1603 210
1604 143
1605 20
1606 83
1607 256
1608 9
1609 18
1610 31
1611 10
1612 497
1613 596
1614 330
1615 62
1616 781
1617 2813
1618 2203
1619 3982
1620 1825
1621 2895
1622 2421
1623 919
1624 638
1625 115
1626 1895
1627 1023
1628 457
1629 1083
1630 653
1631 539
1632 655
1633 533
1634 868
1635 295
1636 283
1637 469
1638 492
1639 587
1640 1010
1641 233
1642 26
1643 65
1644 87
1645 1825
1646 3186
1647 635
1648 1136
1649 526
1650 348
1651 1124
1652 2817
1653 105
1654 407
1655 1242
1656 1341
1657 355
1658 564
1659 840
1660 418
1661 568
1662 565
1663 159
1664 587
1665 934
1666 655
1667 1466
1668 1311
1669 31
1670 293
1671 336
1672 11
1673 83
1674 24
1675 45
1676 40
1677 3199
1678 2127
1679 1703
1680 1853
1681 668
1682 1020
1683 1032
1684 557
1685 1266
1686 800
1687 323
1688 478
1689 711
1690 299
1691 740
1692 195
1693 463
1694 726
1695 68
1696 339
1697 87
1698 177
1699 231
1700 103
1701 1555
1702 175
1703 499
1704 6
1705 22
1706 122
1707 404
1708 30
1709 566
1710 2967
1711 913
1712 563
1713 443
1714 450
1715 1295
1716 882
1717 666
1718 208
1719 396
1720 66
1721 462
1722 119
1723 112
1724 199
1725 143
1726 429
1727 301
1728 1092
1729 891
1730 66
1731 131
1732 48
1733 390
1734 183
1735 39
1736 289
1737 652
1738 1152
1739 1067
1740 735
1741 251
1742 936
1743 113
1744 460
1745 754
1746 357
1747 27
1748 83
1749 144
1750 265
1751 694
1752 1039
1753 108
1754 62
1755 342
1756 211
1757 262
1758 406
1759 30
1760 25
1761 1072
1762 320
1763 484
1764 514
1765 544
1766 320
1767 1131
1768 612
1769 21
1770 124
1771 294
1772 561
1773 1005
1774 467
1775 378
1776 383
1777 529
1778 991
1779 27
1780 163
1781 8
1782 586
1783 49
1784 199
1785 298
1786 43
1787 720
1788 388
1789 171
1790 506
1791 32
1792 749
1793 335
1794 67
1795 2
1796 162
1797 1293
1798 1179
1799 2301
1800 1879
1801 557
1802 694
1803 186
1804 418
1805 1795
1806 1735
1807 399
1808 505
1809 26
1810 616
1811 299
1812 231
1813 261
1814 190
1815 235
1816 146
1817 35
1818 277
1819 86
1820 541
1821 368
1822 273
1823 346
1824 1321
1825 434
1826 134
1827 429
1828 594
1829 1010
1830 77
1831 811
1832 217
1833 808
1834 160
1835 1055
1836 437
1837 102
1838 374
1839 191
1840 309
1841 290
1842 134
1843 439
1844 1337
1845 941
1846 297
1847 369
1848 858
1849 1419
1850 180
1851 106
1852 178
1853 596
1854 243
1855 702
1856 418
1857 153
1858 1104
1859 1349
1860 363
1861 887
1862 891
1863 44
1864 369
1865 133
1866 411
1867 3511
1868 815
1869 421
1870 118
1871 466
1872 1575
1873 831
1874 258
1875 102
1876 121
1877 380
1878 437
1879 329
1880 39
1881 825
1882 1304
1883 1585
1884 849
1885 351
1886 149
1887 157
1888 32
1889 705
1890 768
1891 252
1892 501
1893 539
1894 2213
1895 2292
1896 969
1897 255
1898 232
1899 185
1900 1027
1901 657
1902 128
1903 1429
1904 479
1905 689
1906 485
1907 688
1908 366
1909 444
1910 425
1911 612
1912 1182
1913 566
1914 131
1915 51
1916 80
1917 721
1918 331
1919 778
1920 305
1921 589
1922 140
1923 638
1924 611
1925 668
1926 118
1927 126
1928 147
1929 166
1930 340
1931 583
1932 216
1933 86
1934 282
1935 664
1936 828
1937 120
1938 100
1939 201
1940 780
1941 656
1942 1659
1943 1372
1944 213
1945 252
1946 296
1947 53
1948 327
1949 259
1950 242
1951 821
1952 482
1953 840
1954 446
1955 1265
1956 194
1957 456
1958 655
1959 377
1960 266
1961 95
1962 18
1963 135
1964 1398
1965 1469
1966 141
1967 774
1968 1331
1969 608
1970 302
1971 588
1972 1229
1973 167
1974 330
1975 758
1976 322
1977 5
1978 71
1979 55
1980 700
1981 1288
1982 555
1983 140
1984 254
1985 1205
1986 540
1987 63
1988 96
1989 861
1990 455
1991 571
1992 471
1993 229
1994 526
1995 1176
1996 1863
1997 665
1998 326
1999 783
2000 759
2001 34
2002 142
2003 396
2004 1163
2005 576
2006 296
2007 442
2008 313
2009 478
2010 547
2011 687
2012 139
2013 126
2014 778
2015 625
2016 1155
2017 1475
2018 125
2019 1036
2020 371
2021 298
2022 232
2023 1087
2024 1683
2025 48
2026 400
2027 362
2028 399
2029 214
2030 689
2031 959
2032 631
2033 223
2034 634
2035 944
2036 1356
2037 490
2038 423
2039 328
2040 216
2041 175
2042 260
2043 955
2044 207
2045 409
2046 371
2047 393
2048 1143
2049 1358
2050 883
2051 890
2052 81
2053 105
2054 587
2055 1897
2056 283
2057 366
2058 372
2059 416
2060 393
2061 808
2062 581
2063 496
2064 137
2065 96
2066 881
2067 624
2068 37
2069 935
2070 247
2071 498
2072 1110
2073 967
2074 469
2075 697
2076 1054
2077 261
2078 22
2079 127
2080 652
2081 1239
2082 841
2083 637
2084 423
2085 303
2086 746
2087 552
2088 839
2089 672
2090 494
2091 338
2092 281
2093 321
2094 540
2095 1811
2096 529
2097 2025
2098 977
2099 557
2100 260
2101 136
2102 35
2103 1402
2104 1307
2105 593
2106 25
2107 29
2108 215
2109 177
2110 1015
2111 666
2112 1041
2113 577
2114 386
2115 686
2116 442
2117 393
2118 1240
2119 1262
2120 241
2121 260
2122 87
2123 102
2124 1111
2125 131
2126 683
2127 696
2128 1000
2129 332
2130 468
2131 1141
2132 1370
2133 172
2134 9
2135 134
2136 37
2137 720
2138 1417
2139 369
2140 129
2141 18
2142 24
2143 34
2144 922
2145 1009
2146 398
2147 194
2148 1391
2149 617
2150 1518
2151 216
2152 921
2153 1139
2154 898
2155 282
2156 64
2157 105
2158 65
2159 423
2160 1221
2161 1192
2162 7
2163 48
2164 232
2165 953
2166 485
2167 383
2168 230
2169 592
2170 209
2171 102
2172 779
2173 504
2174 34
2175 321
2176 30
2177 575
2178 114
2179 246
2180 129
2181 319
2182 243
2183 417
2184 142
2185 2
2186 18
2187 698
2188 325
2189 256
2190 805
2191 649
2192 257
2193 923
2194 150
2195 47
2196 16
2197 146
2198 80
2199 436
2200 275
2201 489
2202 637
2203 927
2204 165
2205 932
2206 942
2207 256
2208 38
2209 422
2210 368
2211 765
2212 1467
2213 1198
2214 202
2215 291
2216 53
2217 113
2218 60
2219 132
2220 508
2221 19
2222 26
2223 258
2224 619
2225 142
2226 104
2227 948
2228 776
2229 697
2230 831
2231 92
2232 319
2233 451
2234 28
2235 118
2236 48
2237 326
2238 117
2239 19
2240 5
2241 72
2242 41
2243 1066
2244 518
2245 105
2246 199
2247 829
2248 1470
2249 214
2250 1135
2251 516
2252 156
2253 389
2254 1204
2255 568
2256 789
2257 219
2258 41
2259 130
2260 843
2261 142
2262 71
2263 29
2264 28
2265 301
2266 1484
2267 1093
2268 986
2269 1374
2270 1361
2271 766
2272 33
2273 161
2274 1629
2275 1165
2276 567
2277 1263
2278 335
2279 92
2280 66
2281 1017
2282 1365
2283 153
2284 0
2285 118
2286 755
2287 176
2288 268
2289 264
2290 1158
2291 1640
2292 147
2293 30
2294 1289
2295 1069
2296 281
2297 559
2298 336
2299 43
2300 531
2301 854
2302 441
2303 20
2304 249
2305 61
2306 158
2307 437
2308 1236
2309 409
2310 395
2311 387
2312 290
2313 283
2314 567
2315 308
2316 1475
2317 475
2318 11
2319 183
2320 1060
2321 643
2322 534
2323 0
2324 9
2325 140
2326 1250
2327 2020
2328 376
2329 84
2330 130
2331 56
2332 247
2333 261
2334 1922
2335 2381
2336 286
2337 60
2338 288
2339 650
2340 547
2341 165
2342 8
2343 0
2344 449
2345 875
2346 451
2347 712
2348 105
2349 401
2350 557
2351 924
2352 809
2353 1284
2354 714
2355 172
2356 566
2357 203
2358 75
2359 5
2360 30
2361 15
2362 25
2363 1204
2364 1068
2365 141
2366 879
2367 700
2368 187
2369 475
2370 829
2371 556
2372 473
2373 299
2374 37
2375 599
2376 889
2377 23
2378 14
2379 116
2380 186
2381 47
2382 1116
2383 601
2384 402
2385 1485
2386 416
2387 1055
2388 1809
2389 1043
2390 704
2391 1283
2392 177
2393 171
2394 1165
2395 401
2396 142
2397 29
2398 992
2399 30
2400 111
2401 639
2402 2456
2403 187
2404 331
2405 850
2406 1113
2407 791
2408 434
2409 605
2410 394
2411 891
2412 613
2413 135
2414 8
2415 271
2416 79
2417 166
2418 41
2419 682
2420 1204
2421 1022
2422 2228
2423 317
2424 573
2425 693
2426 929
2427 1166
2428 1434
2429 293
2430 17
2431 312
2432 805
2433 6
2434 136
2435 369
2436 441
2437 236
2438 1426
2439 158
2440 528
2441 1173
2442 1163
2443 502
2444 557
2445 587
2446 98
2447 10
2448 9
2449 520
2450 53
2451 157
2452 88
2453 53
2454 431
2455 415
2456 634
2457 570
2458 102
2459 376
2460 82
2461 53
2462 5
2463 60
2464 358
2465 2221
2466 334
2467 10
2468 148
2469 178
2470 366
2471 249
2472 242
2473 62
2474 23
2475 23
2476 0
2477 124
2478 568
2479 45
2480 176
2481 271
2482 93
2483 251
2484 380
2485 562
2486 253
2487 815
2488 142
2489 205
2490 35
2491 18
2492 6
2493 19
2494 250
2495 508
2496 176
2497 315
2498 69
2499 356
2500 200
2501 156
2502 215
2503 1018
2504 51
2505 10
2506 66
2507 21
2508 26
2509 186
2510 105
2511 168
2512 140
2513 299
2514 1
2515 3
2516 86
2517 7
2518 0
2519 29
2520 137
2521 79
2522 125
2523 355
2524 17
2525 13
2526 545
2527 253
2528 5
2529 106
2530 167
2531 85
2532 34
2533 24
2534 853
2535 1055
2536 153
2537 294
2538 425
2539 76
2540 8
2541 77
2542 1202
2543 329
2544 403
2545 1033
2546 93
2547 41
2548 291
2549 146
2550 87
2551 46
2552 359
2553 651
2554 245
2555 9
2556 8
2557 71
2558 198
2559 164
2560 563
2561 486
2562 131
2563 346
2564 102
2565 107
2566 217
2567 106
2568 102
2569 44
2570 113
2571 74
2572 1
2573 185
2574 13
2575 464
2576 28
2577 34
2578 35
2579 22
2580 2
2581 4
2582 0
2583 0
2584 0
2585 0
2586 0
2587 0
2588 1
2589 0
2590 0
2591 0
2592 0
2593 0
2594 0
2595 0
2596 0
2597 0
2598 5
