0 287
1 5
2 27
3 11
4 83
5 168
6 8
7 10
8 5
9 13
10 65
11 227
12 37
13 151
14 420
15 161
16 287
17 52
18 31
19 670
20 3
21 90
22 50
23 447
24 3
25 163
26 15
27 18
28 13
29 47
30 9
31 24
32 5
33 147
34 26
35 259
36 22
37 70
38 41
39 51
40 95
41 25
42 33
43 27
44 344
45 7
46 24
47 15
48 28
49 295
50 157
51 44
52 266
53 280
54 260
55 24
56 49
57 182
58 282
59 26
60 60
61 338
62 262
63 32
64 45
65 673
66 75
67 235
68 124
69 11
70 52
71 56
72 17
73 10
74 259
75 450
76 22
77 209
78 463
79 453
80 48
81 11
82 182
83 95
84 33
85 14
86 197
87 667
88 569
89 21
90 16
91 19
92 34
93 196
94 56
95 3
96 55
97 313
98 79
99 355
100 8
101 29
102 219
103 248
104 53
105 106
106 350
107 106
108 295
109 276
110 20
111 116
112 150
113 53
114 204
115 102
116 329
117 53
118 33
119 162
120 6
121 136
122 563
123 162
124 58
125 15
126 44
127 58
128 80
129 146
130 62
131 146
132 40
133 2
134 25
135 496
136 255
137 1139
138 75
139 79
140 433
141 364
142 65
143 65
144 8
145 22
146 293
147 73
148 397
149 238
150 105
151 0
152 6
153 115
154 92
155 148
156 61
157 110
158 1024
159 145
160 68
161 79
162 8
163 183
164 180
165 248
166 352
167 198
168 103
169 71
170 463
171 271
172 106
173 76
174 408
175 785
176 506
177 63
178 143
179 7
180 478
181 41
182 1162
183 571
184 238
185 187
186 897
187 814
188 428
189 56
190 89
191 5
192 7
193 23
194 12
195 5
196 436
197 263
198 39
199 360
200 281
201 251
202 94
203 447
204 283
205 626
206 981
207 227
208 137
209 9
210 688
211 21
212 92
213 220
214 2
215 524
216 32
217 129
218 171
219 789
220 177
221 609
222 589
223 521
224 909
225 488
226 445
227 78
228 8
229 83
230 20
231 11
232 0
233 53
234 0
235 75
236 0
237 9
238 270
239 1086
240 41
241 1061
242 619
243 101
244 666
245 154
246 265
247 12
248 174
249 121
250 91
251 29
252 61
253 0
254 24
255 113
256 1576
257 527
258 94
259 13
260 2
261 2
262 37
263 264
264 43
265 108
266 28
267 100
268 40
269 6
270 174
271 378
272 109
273 0
274 48
275 41
276 46
277 27
278 83
279 278
280 36
281 10
282 142
283 1026
284 26
285 31
286 108
287 88
288 103
289 58
290 856
291 206
292 1209
293 420
294 16
295 234
296 337
297 132
298 163
299 82
300 213
301 163
302 253
303 214
304 1053
305 329
306 235
307 527
308 5
309 285
310 209
311 291
312 396
313 60
314 67
315 383
316 324
317 414
318 884
319 32
320 140
321 187
322 48
323 83
324 5
325 21
326 77
327 37
328 17
329 6
330 40
331 230
332 68
333 477
334 588
335 525
336 59
337 215
338 758
339 450
340 6
341 25
342 33
343 11
344 39
345 21
346 150
347 30
348 433
349 143
350 207
351 882
352 142
353 32
354 4
355 15
356 15
357 231
358 6
359 259
360 281
361 705
362 980
363 30
364 1
365 6
366 78
367 137
368 316
369 358
370 136
371 86
372 89
373 138
374 68
375 87
376 202
377 12
378 47
379 227
380 241
381 8
382 209
383 14
384 191
385 315
386 5
387 10
388 272
389 370
390 580
391 399
392 622
393 19
394 353
395 158
396 673
397 222
398 2
399 431
400 28
401 204
402 107
403 115
404 334
405 264
406 607
407 466
408 139
409 12
410 54
411 113
412 211
413 854
414 558
415 35
416 102
417 201
418 35
419 150
420 68
421 33
422 369
423 357
424 492
425 215
426 169
427 71
428 292
429 19
430 689
431 41
432 62
433 121
434 17
435 39
436 594
437 861
438 1116
439 416
440 652
441 543
442 249
443 899
444 151
445 137
446 103
447 27
448 455
449 154
450 327
451 189
452 318
453 565
454 609
455 99
456 387
457 793
458 489
459 3
460 23
461 591
462 456
463 268
464 294
465 213
466 46
467 452
468 282
469 617
470 748
471 808
472 510
473 299
474 554
475 193
476 39
477 72
478 27
479 108
480 69
481 119
482 161
483 30
484 429
485 145
486 233
487 350
488 139
489 616
490 177
491 120
492 638
493 1152
494 109
495 247
496 140
497 74
498 666
499 213
500 208
501 199
502 156
503 71
504 28
505 225
506 356
507 51
508 41
509 971
510 83
511 133
512 453
513 763
514 300
515 474
516 239
517 183
518 11
519 172
520 797
521 659
522 28
523 125
524 152
525 19
526 14
527 66
528 268
529 74
530 44
531 84
532 548
533 527
534 64
535 453
536 474
537 76
538 76
539 361
540 61
541 121
542 54
543 439
544 461
545 27
546 252
547 3
548 353
549 20
550 171
551 45
552 484
553 482
554 709
555 653
556 124
557 69
558 177
559 335
560 96
561 273
562 102
563 15
564 10
565 10
566 0
567 88
568 41
569 15
570 75
571 334
572 214
573 139
574 50
575 354
576 107
577 174
578 197
579 126
580 50
581 17
582 35
583 175
584 304
585 261
586 208
587 75
588 434
589 918
590 28
591 18
592 195
593 25
594 33
595 93
596 78
597 48
598 525
599 718
600 479
601 1068
602 218
603 174
604 116
605 75
606 238
607 236
608 443
609 133
610 330
611 167
612 514
613 332
614 784
615 527
616 477
617 13
618 47
619 27
620 81
621 12
622 166
623 76
624 98
625 623
626 298
627 771
628 503
629 407
630 646
631 94
632 165
633 117
634 198
635 113
636 298
637 19
638 147
639 333
640 46
641 297
642 257
643 706
644 146
645 538
646 291
647 41
648 44
649 5
650 3
651 190
652 277
653 143
654 132
655 166
656 106
657 45
658 558
659 399
660 40
661 261
662 35
663 374
664 74
665 38
666 318
667 238
668 22
669 130
670 227
671 528
672 64
673 38
674 78
675 19
676 388
677 513
678 373
679 220
680 592
681 501
682 26
683 125
684 82
685 236
686 58
687 9
688 13
689 138
690 602
691 368
692 226
693 9
694 63
695 88
696 86
697 62
698 48
699 219
700 128
701 151
702 261
703 25
704 72
705 453
706 666
707 289
708 27
709 307
710 21
711 4
712 53
713 45
714 1
715 47
716 233
717 902
718 421
719 352
720 860
721 187
722 105
723 11
724 146
725 91
726 205
727 137
728 135
729 330
730 200
731 444
732 75
733 194
734 239
735 97
736 312
737 231
738 559
739 598
740 224
741 145
742 12
743 98
744 429
745 17
746 7
747 4
748 360
749 144
750 947
751 38
752 427
753 113
754 338
755 31
756 166
757 80
758 145
759 550
760 267
761 87
762 244
763 89
764 689
765 216
766 220
767 190
768 11
769 103
770 692
771 96
772 45
773 0
774 165
775 273
776 155
777 162
778 158
779 22
780 6
781 48
782 169
783 82
784 234
785 114
786 405
787 270
788 55
789 568
790 71
791 76
792 139
793 329
794 301
795 0
796 312
797 392
798 192
799 105
800 55
801 2
802 105
803 8
804 23
805 19
806 639
807 268
808 156
809 446
810 256
811 61
812 201
813 216
814 60
815 22
816 0
817 0
818 114
819 479
820 512
821 524
822 217
823 297
824 59
825 214
826 92
827 406
828 256
829 138
830 119
831 189
832 266
833 329
834 332
835 149
836 224
837 95
838 91
839 37
840 7
841 42
842 37
843 0
844 131
845 240
846 244
847 395
848 257
849 71
850 335
851 11
852 309
853 68
854 29
855 207
856 78
857 407
858 366
859 65
860 69
861 160
862 347
863 97
864 143
865 209
866 59
867 179
868 55
869 49
870 89
871 34
872 10
873 36
874 0
875 5
876 50
877 601
878 239
879 179
880 802
881 508
882 79
883 57
884 290
885 33
886 61
887 49
888 177
889 922
890 82
891 77
892 208
893 93
894 80
895 165
896 100
897 212
898 65
899 37
900 0
901 8
902 78
903 1014
904 458
905 95
906 445
907 587
908 449
909 19
910 43
911 330
912 13
913 22
914 134
915 400
916 26
917 148
918 370
919 106
920 366
921 474
922 151
923 34
924 86
925 21
926 71
927 176
928 0
929 17
930 251
931 755
932 256
933 776
934 350
935 569
936 93
937 64
938 321
939 130
940 494
941 198
942 1
943 39
944 412
945 527
946 185
947 15
948 5
949 358
950 245
951 25
952 196
953 441
954 195
955 756
956 834
957 175
958 104
959 288
960 157
961 25
962 90
963 272
964 307
965 72
966 226
967 179
968 215
969 559
970 223
971 12
972 191
973 439
974 140
975 250
976 49
977 30
978 982
979 146
980 862
981 912
982 179
983 89
984 552
985 471
986 139
987 40
988 2
989 10
990 29
991 77
992 107
993 677
994 359
995 97
996 187
997 59
998 98
999 200
1000 89
1001 239
1002 410
1003 8
1004 3
1005 12
1006 5
1007 369
1008 681
1009 3
1010 111
1011 59
1012 33
1013 1
1014 4
1015 12
1016 181
1017 526
1018 52
1019 442
1020 370
1021 634
1022 401
1023 158
1024 231
1025 76
1026 295
1027 771
1028 152
1029 53
1030 57
1031 403
1032 16
1033 30
1034 125
1035 234
1036 116
1037 61
1038 601
1039 372
1040 538
1041 315
1042 22
1043 191
1044 75
1045 134
1046 260
1047 206
1048 276
1049 43
1050 51
1051 5
1052 10
1053 14
1054 29
1055 102
1056 135
1057 212
1058 342
1059 564
1060 546
1061 122
1062 1
1063 33
1064 0
1065 44
1066 31
1067 153
1068 51
1069 132
1070 132
1071 68
1072 492
1073 192
1074 377
1075 39
1076 58
1077 6
1078 220
1079 37
1080 426
1081 247
1082 95
1083 187
1084 162
1085 62
1086 7
1087 35
1088 10
1089 15
1090 411
1091 640
1092 485
1093 695
1094 329
1095 51
1096 118
1097 45
1098 142
1099 746
1100 22
1101 49
1102 60
1103 121
1104 37
1105 69
1106 749
1107 719
1108 136
1109 12
1110 1439
1111 365
1112 44
1113 261
1114 492
1115 47
1116 10
1117 70
1118 66
1119 535
1120 483
1121 430
1122 60
1123 24
1124 121
1125 21
1126 142
1127 6
1128 180
1129 286
1130 14
1131 12
1132 3
1133 212
1134 131
1135 79
1136 0
1137 2
1138 7
1139 356
1140 1500
1141 874
1142 330
1143 10
1144 46
1145 4
1146 95
1147 3
1148 26
1149 557
1150 880
1151 83
1152 91
1153 121
1154 225
1155 721
1156 477
1157 349
1158 92
1159 41
1160 95
1161 37
1162 175
1163 2
1164 18
1165 6
1166 153
1167 212
1168 495
1169 78
1170 496
1171 8
1172 7
1173 87
1174 22
1175 34
1176 347
1177 729
1178 99
1179 589
1180 58
1181 402
1182 292
1183 545
1184 217
1185 459
1186 257
1187 180
1188 33
1189 11
1190 11
1191 234
1192 236
1193 15
1194 62
1195 22
1196 67
1197 19
1198 198
1199 197
1200 109
1201 17
1202 9
1203 597
1204 50
1205 26
1206 101
1207 22
1208 167
1209 97
1210 417
1211 379
1212 891
1213 72
1214 228
1215 476
1216 217
1217 877
1218 431
1219 89
1220 286
1221 160
1222 69
1223 208
1224 180
1225 56
1226 140
1227 44
1228 212
1229 393
1230 146
1231 22
1232 117
1233 230
1234 273
1235 778
1236 162
1237 187
1238 291
1239 10
1240 106
1241 3
1242 32
1243 312
1244 13
1245 147
1246 92
1247 297
1248 669
1249 1022
1250 64
1251 417
1252 671
1253 901
1254 1448
1255 205
1256 175
1257 63
1258 419
1259 50
1260 157
1261 58
1262 165
1263 187
1264 484
1265 363
1266 228
1267 69
1268 20
1269 21
1270 38
1271 103
1272 187
1273 192
1274 1227
1275 549
1276 51
1277 107
1278 118
1279 145
1280 14
1281 22
1282 16
1283 12
1284 8
1285 5
1286 316
1287 646
1288 198
1289 522
1290 467
1291 477
1292 235
1293 276
1294 3691
1295 1300
1296 139
1297 37
1298 163
1299 433
1300 71
1301 5
1302 116
1303 225
1304 688
1305 144
1306 88
1307 410
1308 307
1309 276
1310 66
1311 230
1312 6
1313 7
1314 12
1315 606
1316 542
1317 566
1318 715
1319 660
1320 650
1321 1199
1322 670
1323 100
1324 81
1325 188
1326 41
1327 75
1328 4
1329 145
1330 68
1331 188
1332 750
1333 206
1334 62
1335 169
1336 148
1337 485
1338 375
1339 1271
1340 1675
1341 266
1342 110
1343 449
1344 531
1345 111
1346 81
1347 66
1348 46
1349 133
1350 677
1351 58
1352 27
1353 613
1354 75
1355 324
1356 303
1357 85
1358 111
1359 333
1360 54
1361 6
1362 10
1363 250
1364 909
1365 1084
1366 219
1367 319
1368 306
1369 698
1370 510
1371 501
1372 5
1373 67
1374 7
1375 9
1376 35
1377 60
1378 171
1379 699
1380 751
1381 101
1382 122
1383 146
1384 322
1385 162
1386 475
1387 1291
1388 397
1389 63
1390 445
1391 367
1392 84
1393 101
1394 57
1395 216
1396 212
1397 172
1398 4
1399 68
1400 464
1401 308
1402 256
1403 328
1404 279
1405 118
1406 134
1407 379
1408 353
1409 416
1410 352
1411 147
1412 134
1413 1
1414 72
1415 41
1416 321
1417 440
1418 299
1419 729
1420 339
1421 878
1422 226
1423 18
1424 84
1425 19
1426 76
1427 339
1428 964
1429 1332
1430 788
1431 1068
1432 761
1433 319
1434 387
1435 475
1436 341
1437 781
1438 19
1439 5
1440 220
1441 213
1442 1244
1443 214
1444 222
1445 470
1446 667
1447 155
1448 206
1449 111
1450 97
1451 784
1452 153
1453 474
1454 286
1455 46
1456 215
1457 840
1458 29
1459 814
1460 252
1461 136
1462 81
1463 150
1464 9
1465 146
1466 235
1467 210
1468 60
1469 60
1470 24
1471 4
1472 46
1473 53
1474 47
1475 258
1476 1207
1477 2169
1478 866
1479 666
1480 899
1481 752
1482 155
1483 540
1484 401
1485 8
1486 116
1487 48
1488 373
1489 311
1490 1404
1491 355
1492 183
1493 373
1494 405
1495 105
1496 637
1497 802
1498 105
1499 286
1500 492
1501 138
1502 212
1503 92
1504 357
1505 636
1506 100
1507 217
1508 563
1509 119
1510 222
1511 32
1512 51
1513 118
1514 838
1515 278
1516 161
1517 28
1518 2
1519 0
1520 12
1521 30
1522 44
1523 38
1524 332
1525 1225
1526 878
1527 2440
1528 1838
1529 1222
1530 448
1531 21
1532 196
1533 692
1534 58
1535 377
1536 236
1537 247
1538 445
1539 293
1540 26
1541 354
1542 86
1543 237
1544 1350
1545 764
1546 876
1547 416
1548 130
1549 308
1550 610
1551 150
1552 139
1553 257
1554 140
1555 168
1556 733
1557 1345
1558 148
1559 159
1560 276
1561 861
1562 555
1563 503
1564 15
1565 39
1566 223
1567 232
1568 645
1569 14
1570 25
1571 126
1572 1793
1573 3495
1574 1208
1575 121
1576 1174
1577 543
1578 364
1579 802
1580 982
1581 368
1582 458
1583 355
1584 244
1585 66
1586 14
1587 192
1588 590
1589 68
1590 1189
1591 405
1592 283
1593 283
1594 317
1595 962
1596 657
1597 95
1598 36
1599 98
1600 869
1601 298
1602 849
1603 114
1604 76
1605 10
1606 44
1607 140
1608 5
1609 10
1610 16
1611 5
1612 265
1613 315
1614 177
1615 33
1616 421
1617 1517
1618 1181
1619 2148
1620 984
1621 1572
1622 1306
1623 501
1624 348
1625 60
1626 1023
1627 555
1628 246
1629 588
1630 345
1631 283
1632 351
1633 281
1634 465
1635 159
1636 149
1637 246
1638 273
1639 311
1640 542
1641 127
1642 14
1643 36
1644 49
1645 980
1646 1717
1647 340
1648 615
1649 280
1650 189
1651 607
1652 1511
1653 60
1654 222
1655 664
1656 704
1657 197
1658 302
1659 455
1660 222
1661 302
1662 298
1663 85
1664 323
1665 503
1666 356
1667 801
1668 712
1669 16
1670 155
1671 175
1672 5
1673 46
1674 12
1675 24
1676 19
1677 1722
1678 1151
1679 909
1680 1000
1681 359
1682 553
1683 552
1684 309
1685 677
1686 428
1687 177
1688 257
1689 386
1690 161
1691 396
1692 103
1693 256
1694 395
1695 36
1696 187
1697 49
1698 95
1699 125
1700 57
1701 838
1702 90
1703 265
1704 3
1705 12
1706 64
1707 215
1708 16
1709 308
1710 1613
1711 495
1712 313
1713 242
1714 251
1715 695
1716 483
1717 349
1718 110
1719 217
1720 36
1721 249
1722 67
1723 62
1724 111
1725 80
1726 235
1727 163
1728 583
1729 479
1730 35
1731 72
1732 26
1733 215
1734 99
1735 22
1736 159
1737 351
1738 628
1739 574
1740 389
1741 138
1742 499
1743 61
1744 247
1745 400
1746 195
1747 14
1748 46
1749 82
1750 143
1751 375
1752 553
1753 60
1754 34
1755 174
1756 102
1757 138
1758 212
1759 15
1760 12
1761 562
1762 171
1763 265
1764 275
1765 294
1766 169
1767 616
1768 329
1769 11
1770 68
1771 160
1772 309
1773 541
1774 244
1775 205
1776 210
1777 293
1778 550
1779 15
1780 92
1781 5
1782 319
1783 27
1784 109
1785 156
1786 24
1787 389
1788 212
1789 94
1790 274
1791 18
1792 402
1793 182
1794 36
1795 0
1796 87
1797 697
1798 644
1799 1240
1800 1012
1801 302
1802 376
1803 99
1804 223
1805 964
1806 932
1807 219
1808 260
1809 14
1810 331
1811 164
1812 122
1813 138
1814 105
1815 126
1816 80
1817 18
1818 150
1819 45
1820 294
1821 195
1822 149
1823 189
1824 719
1825 240
1826 74
1827 240
1828 325
1829 546
1830 42
1831 429
1832 115
1833 428
1834 86
1835 552
1836 230
1837 57
1838 205
1839 104
1840 161
1841 158
1842 71
1843 237
1844 726
1845 510
1846 158
1847 193
1848 448
1849 774
1850 97
1851 57
1852 94
1853 317
1854 131
1855 378
1856 229
1857 82
1858 602
1859 713
1860 193
1861 483
1862 482
1863 25
1864 206
1865 74
1866 228
1867 1878
1868 442
1869 229
1870 66
1871 250
1872 838
1873 445
1874 142
1875 56
1876 66
1877 197
1878 234
1879 176
1880 21
1881 434
1882 707
1883 840
1884 461
1885 192
1886 82
1887 81
1888 17
1889 380
1890 414
1891 135
1892 262
1893 294
1894 1210
1895 1228
1896 508
1897 138
1898 118
1899 99
1900 550
1901 355
1902 71
1903 775
1904 263
1905 380
1906 257
1907 364
1908 205
1909 234
1910 234
1911 337
1912 643
1913 311
1914 70
1915 25
1916 44
1917 395
1918 182
1919 416
1920 164
1921 319
1922 71
1923 345
1924 320
1925 360
1926 63
1927 68
1928 75
1929 93
1930 188
1931 314
1932 112
1933 46
1934 148
1935 369
1936 441
1937 63
1938 55
1939 108
1940 420
1941 351
1942 897
1943 739
1944 111
1945 135
1946 163
1947 30
1948 173
1949 142
1950 129
1951 429
1952 268
1953 449
1954 235
1955 670
1956 102
1957 254
1958 346
1959 205
1960 136
1961 52
1962 9
1963 71
1964 742
1965 783
1966 81
1967 415
1968 725
1969 331
1970 168
1971 311
1972 663
1973 87
1974 179
1975 415
1976 169
1977 3
1978 38
1979 33
1980 379
1981 691
1982 304
1983 72
1984 133
1985 639
1986 290
1987 33
1988 52
1989 465
1990 243
1991 312
1992 256
1993 119
1994 282
1995 630
1996 1002
1997 361
1998 181
1999 424
2000 410
2001 19
2002 75
2003 220
2004 612
2005 318
2006 161
2007 241
2008 171
2009 261
2010 285
2011 378
2012 77
2013 71
2014 424
2015 336
2016 630
2017 807
2018 68
2019 564
2020 202
2021 172
2022 127
2023 599
2024 897
2025 26
2026 219
2027 188
2028 212
2029 116
2030 363
2031 522
2032 336
2033 121
2034 339
2035 507
2036 742
2037 273
2038 231
2039 178
2040 117
2041 95
2042 139
2043 517
2044 106
2045 229
2046 197
2047 211
2048 617
2049 737
2050 474
2051 471
2052 45
2053 54
2054 319
2055 1017
2056 154
2057 190
2058 192
2059 227
2060 206
2061 432
2062 311
2063 271
2064 71
2065 50
2066 475
2067 336
2068 17
2069 495
2070 134
2071 263
2072 609
2073 515
2074 253
2075 372
2076 558
2077 145
2078 11
2079 68
2080 355
2081 684
2082 454
2083 344
2084 221
2085 163
2086 389
2087 298
2088 451
2089 378
2090 260
2091 184
2092 148
2093 177
2094 292
2095 971
2096 282
2097 1083
2098 523
2099 291
2100 141
2101 71
2102 18
2103 765
2104 705
2105 314
2106 13
2107 16
2108 114
2109 94
2110 542
2111 374
2112 576
2113 306
2114 217
2115 370
2116 239
2117 208
2118 670
2119 674
2120 126
2121 137
2122 47
2123 51
2124 588
2125 70
2126 364
2127 376
2128 548
2129 175
2130 258
2131 628
2132 745
2133 94
2134 5
2135 72
2136 19
2137 388
2138 762
2139 196
2140 67
2141 10
2142 12
2143 18
2144 503
2145 552
2146 204
2147 106
2148 730
2149 326
2150 821
2151 118
2152 484
2153 617
2154 472
2155 151
2156 35
2157 51
2158 35
2159 231
2160 659
2161 656
2162 4
2163 26
2164 126
2165 518
2166 262
2167 203
2168 125
2169 323
2170 115
2171 54
2172 421
2173 279
2174 20
2175 173
2176 16
2177 314
2178 61
2179 136
2180 67
2181 171
2182 128
2183 215
2184 75
2185 1
2186 10
2187 376
2188 172
2189 138
2190 436
2191 349
2192 137
2193 493
2194 77
2195 25
2196 9
2197 77
2198 44
2199 239
2200 145
2201 259
2202 340
2203 500
2204 90
2205 505
2206 511
2207 132
2208 21
2209 229
2210 196
2211 409
2212 789
2213 660
2214 101
2215 156
2216 27
2217 60
2218 31
2219 72
2220 268
2221 9
2222 14
2223 139
2224 342
2225 74
2226 54
2227 523
2228 425
2229 365
2230 444
2231 49
2232 176
2233 238
2234 15
2235 64
2236 25
2237 172
2238 63
2239 9
2240 2
2241 41
2242 21
2243 594
2244 279
2245 56
2246 109
2247 446
2248 785
2249 116
2250 601
2251 287
2252 84
2253 209
2254 647
2255 313
2256 424
2257 117
2258 21
2259 73
2260 451
2261 76
2262 40
2263 14
2264 16
2265 159
2266 784
2267 599
2268 531
2269 746
2270 735
2271 403
2272 18
2273 86
2274 865
2275 615
2276 286
2277 680
2278 185
2279 50
2280 37
2281 530
2282 729
2283 84
2284 0
2285 65
2286 405
2287 96
2288 141
2289 144
2290 622
2291 863
2292 79
2293 16
2294 683
2295 555
2296 155
2297 302
2298 181
2299 22
2300 286
2301 453
2302 233
2303 11
2304 135
2305 32
2306 87
2307 235
2308 672
2309 224
2310 207
2311 208
2312 154
2313 147
2314 312
2315 163
2316 788
2317 252
2318 6
2319 93
2320 563
2321 344
2322 289
2323 0
2324 5
2325 78
2326 661
2327 1093
2328 196
2329 46
2330 68
2331 31
2332 134
2333 135
2334 1032
2335 1291
2336 153
2337 32
2338 156
2339 353
2340 297
2341 89
2342 4
2343 0
2344 234
2345 474
2346 248
2347 377
2348 53
2349 215
2350 303
2351 497
2352 440
2353 698
2354 392
2355 96
2356 298
2357 113
2358 42
2359 2
2360 15
2361 7
2362 14
2363 659
2364 571
2365 78
2366 476
2367 373
2368 103
2369 263
2370 441
2371 299
2372 251
2373 160
2374 20
2375 329
2376 472
2377 12
2378 7
2379 65
2380 96
2381 26
2382 607
2383 334
2384 222
2385 797
2386 218
2387 572
2388 975
2389 554
2390 384
2391 685
2392 92
2393 86
2394 622
2395 219
2396 73
2397 17
2398 529
2399 15
2400 58
2401 349
2402 1316
2403 95
2404 179
2405 460
2406 590
2407 419
2408 228
2409 326
2410 215
2411 485
2412 341
2413 74
2414 4
2415 151
2416 43
2417 87
2418 22
2419 363
2420 653
2421 556
2422 1213
2423 169
2424 307
2425 384
2426 509
2427 630
2428 787
2429 144
2430 9
2431 169
2432 421
2433 3
2434 73
2435 198
2436 235
2437 125
2438 773
2439 83
2440 287
2441 614
2442 622
2443 269
2444 298
2445 320
2446 54
2447 5
2448 4
2449 284
2450 27
2451 85
2452 46
2453 28
2454 229
2455 226
2456 350
2457 304
2458 55
2459 201
2460 44
2461 26
2462 3
2463 33
2464 195
2465 1184
2466 177
2467 6
2468 77
2469 97
2470 195
2471 136
2472 128
2473 31
2474 12
2475 12
2476 0
2477 66
2478 296
2479 26
2480 97
2481 144
2482 49
2483 137
2484 204
2485 292
2486 139
2487 435
2488 77
2489 108
2490 18
2491 8
2492 3
2493 10
2494 131
2495 267
2496 93
2497 173
2498 38
2499 190
2500 105
2501 87
2502 117
2503 539
2504 27
2505 5
2506 38
2507 11
2508 14
2509 100
2510 59
2511 90
2512 81
2513 162
2514 0
2515 0
2516 43
2517 4
2518 0
2519 15
2520 76
2521 41
2522 69
2523 191
2524 10
2525 7
2526 296
2527 139
2528 0
2529 58
2530 89
2531 44
2532 18
2533 11
2534 446
2535 570
2536 81
2537 160
2538 226
2539 41
2540 4
2541 39
2542 645
2543 174
2544 223
2545 548
2546 53
2547 22
2548 159
2549 79
2550 45
2551 25
2552 196
2553 352
2554 136
2555 5
2556 5
2557 41
2558 106
2559 89
2560 303
2561 269
2562 66
2563 191
2564 53
2565 56
2566 117
2567 52
2568 54
2569 23
2570 63
2571 39
2572 0
2573 105
2574 8
2575 245
2576 15
2577 18
2578 19
2579 12
2580 0
2581 2
2582 0
2583 0
2584 0
2585 0
2586 0
2587 0
2588 0
2589 0
2590 0
2591 0
2592 0
2593 0
2594 0
2595 0
2596 0
2597 0
2598 3
