0 202
1 0
2 16
3 5
4 63
5 125
6 0
7 5
8 0
9 10
10 34
11 177
12 20
13 129
14 348
15 139
16 197
17 43
18 32
19 506
20 0
21 60
22 39
23 338
24 0
25 148
26 7
27 15
28 4
29 33
30 12
31 11
32 0
33 117
34 22
35 206
36 18
37 59
38 34
39 41
40 63
41 20
42 24
43 25
44 228
45 0
46 24
47 14
48 16
49 238
50 112
51 29
52 194
53 0
54 228
55 23
56 40
57 145
58 212
59 27
60 49
61 264
62 232
63 25
64 32
65 502
66 54
67 194
68 108
69 6
70 36
71 45
72 10
73 7
74 180
75 384
76 19
77 168
78 386
79 341
80 37
81 6
82 153
83 86
84 29
85 13
86 139
87 543
88 468
89 13
90 6
91 12
92 25
93 153
94 35
95 0
96 42
97 226
98 70
99 306
100 5
101 27
102 166
103 188
104 50
105 73
106 264
107 82
108 218
109 244
110 12
111 94
112 0
113 44
114 172
115 68
116 218
117 49
118 36
119 130
120 8
121 104
122 431
123 125
124 50
125 11
126 42
127 54
128 51
129 117
130 50
131 0
132 23
133 0
134 14
135 429
136 202
137 881
138 54
139 74
140 316
141 258
142 43
143 50
144 9
145 20
146 230
147 64
148 320
149 212
150 91
151 0
152 8
153 88
154 65
155 94
156 55
157 73
158 0
159 123
160 52
161 67
162 10
163 149
164 147
165 190
166 265
167 160
168 87
169 51
170 381
171 0
172 74
173 59
174 309
175 638
176 382
177 38
178 97
179 4
180 363
181 43
182 898
183 470
184 185
185 130
186 0
187 673
188 309
189 45
190 54
191 3
192 7
193 10
194 8
195 6
196 306
197 200
198 26
199 0
200 221
201 179
202 75
203 336
204 230
205 486
206 756
207 187
208 100
209 0
210 541
211 20
212 85
213 191
214 0
215 406
216 29
217 96
218 119
219 599
220 139
221 462
222 432
223 430
224 739
225 392
226 322
227 54
228 0
229 73
230 0
231 0
232 0
233 43
234 0
235 60
236 0
237 0
238 197
239 886
240 31
241 852
242 547
243 75
244 458
245 106
246 213
247 9
248 115
249 108
250 84
251 23
252 52
253 0
254 17
255 75
256 1124
257 406
258 66
259 22
260 0
261 0
262 36
263 184
264 28
265 75
266 29
267 88
268 27
269 3
270 107
271 253
272 76
273 0
274 34
275 28
276 28
277 19
278 63
279 217
280 0
281 14
282 92
283 804
284 0
285 18
286 90
287 70
288 91
289 40
290 618
291 145
292 955
293 324
294 13
295 165
296 267
297 122
298 113
299 57
300 160
301 123
302 176
303 150
304 796
305 237
306 164
307 398
308 3
309 216
310 163
311 222
312 300
313 39
314 52
315 323
316 242
317 333
318 731
319 19
320 0
321 162
322 0
323 57
324 0
325 16
326 71
327 33
328 12
329 10
330 36
331 173
332 52
333 350
334 461
335 381
336 55
337 196
338 601
339 339
340 0
341 16
342 34
343 7
344 24
345 11
346 114
347 18
348 321
349 103
350 155
351 684
352 98
353 13
354 0
355 14
356 0
357 182
358 0
359 196
360 206
361 526
362 811
363 26
364 0
365 0
366 66
367 125
368 242
369 253
370 123
371 69
372 68
373 110
374 62
375 80
376 160
377 14
378 39
379 159
380 178
381 0
382 179
383 7
384 178
385 259
386 0
387 0
388 235
389 251
390 448
391 294
392 463
393 13
394 0
395 114
396 551
397 154
398 0
399 383
400 6
401 164
402 86
403 102
404 274
405 203
406 423
407 384
408 94
409 0
410 37
411 93
412 151
413 727
414 447
415 27
416 77
417 166
418 26
419 112
420 55
421 28
422 310
423 277
424 376
425 161
426 129
427 56
428 230
429 18
430 526
431 41
432 54
433 103
434 8
435 36
436 440
437 630
438 900
439 328
440 477
441 407
442 200
443 744
444 114
445 105
446 101
447 24
448 325
449 111
450 220
451 153
452 262
453 449
454 454
455 79
456 311
457 588
458 379
459 0
460 22
461 480
462 335
463 201
464 226
465 179
466 33
467 348
468 219
469 461
470 594
471 592
472 416
473 223
474 435
475 133
476 24
477 50
478 22
479 90
480 61
481 100
482 124
483 36
484 307
485 95
486 185
487 273
488 109
489 485
490 143
491 86
492 519
493 924
494 84
495 218
496 112
497 56
498 0
499 190
500 177
501 147
502 102
503 65
504 26
505 160
506 258
507 23
508 32
509 768
510 76
511 95
512 358
513 575
514 209
515 348
516 182
517 143
518 0
519 137
520 628
521 493
522 25
523 94
524 120
525 17
526 0
527 72
528 207
529 49
530 46
531 68
532 462
533 443
534 43
535 392
536 391
537 58
538 64
539 266
540 41
541 101
542 41
543 321
544 400
545 19
546 198
547 0
548 247
549 0
550 131
551 36
552 393
553 382
554 542
555 502
556 90
557 49
558 122
559 269
560 72
561 214
562 74
563 5
564 8
565 16
566 0
567 62
568 32
569 15
570 49
571 277
572 172
573 102
574 43
575 272
576 95
577 136
578 137
579 94
580 49
581 0
582 21
583 134
584 225
585 226
586 145
587 0
588 383
589 667
590 21
591 13
592 152
593 16
594 22
595 72
596 61
597 48
598 416
599 545
600 406
601 835
602 181
603 132
604 95
605 65
606 192
607 180
608 324
609 114
610 254
611 124
612 421
613 239
614 588
615 426
616 376
617 7
618 35
619 21
620 58
621 9
622 105
623 68
624 77
625 458
626 249
627 592
628 429
629 306
630 492
631 86
632 120
633 102
634 0
635 93
636 238
637 15
638 115
639 257
640 34
641 203
642 182
643 556
644 134
645 457
646 0
647 37
648 36
649 3
650 0
651 150
652 216
653 0
654 111
655 120
656 76
657 32
658 402
659 301
660 24
661 198
662 0
663 312
664 54
665 26
666 247
667 177
668 16
669 99
670 178
671 442
672 63
673 29
674 75
675 17
676 0
677 375
678 298
679 165
680 483
681 380
682 22
683 0
684 51
685 182
686 40
687 7
688 11
689 117
690 433
691 286
692 184
693 0
694 63
695 75
696 75
697 51
698 26
699 165
700 112
701 117
702 232
703 19
704 58
705 336
706 569
707 236
708 0
709 230
710 14
711 0
712 46
713 38
714 0
715 32
716 187
717 623
718 330
719 279
720 639
721 158
722 79
723 5
724 92
725 62
726 159
727 114
728 93
729 247
730 182
731 0
732 51
733 140
734 164
735 84
736 247
737 185
738 453
739 448
740 165
741 0
742 14
743 84
744 313
745 11
746 8
747 0
748 277
749 110
750 0
751 29
752 308
753 92
754 255
755 28
756 119
757 50
758 81
759 422
760 194
761 72
762 164
763 0
764 522
765 152
766 202
767 149
768 15
769 73
770 520
771 67
772 34
773 0
774 125
775 214
776 123
777 115
778 136
779 19
780 0
781 32
782 134
783 66
784 204
785 110
786 341
787 221
788 0
789 476
790 55
791 60
792 103
793 272
794 237
795 0
796 0
797 301
798 166
799 72
800 47
801 0
802 80
803 0
804 14
805 11
806 442
807 198
808 112
809 353
810 179
811 50
812 133
813 154
814 48
815 11
816 0
817 0
818 78
819 378
820 399
821 374
822 175
823 216
824 38
825 195
826 69
827 332
828 194
829 96
830 80
831 136
832 221
833 229
834 255
835 116
836 157
837 86
838 60
839 13
840 4
841 34
842 32
843 0
844 112
845 177
846 176
847 295
848 195
849 50
850 296
851 10
852 224
853 58
854 15
855 159
856 62
857 305
858 259
859 44
860 62
861 129
862 277
863 77
864 101
865 195
866 50
867 163
868 38
869 33
870 85
871 24
872 8
873 31
874 0
875 5
876 52
877 487
878 191
879 141
880 549
881 409
882 53
883 46
884 209
885 33
886 36
887 40
888 148
889 686
890 66
891 74
892 154
893 65
894 54
895 137
896 80
897 146
898 60
899 29
900 0
901 13
902 52
903 818
904 361
905 78
906 338
907 432
908 332
909 6
910 34
911 245
912 10
913 17
914 93
915 331
916 19
917 109
918 300
919 75
920 307
921 0
922 132
923 26
924 79
925 10
926 59
927 132
928 0
929 9
930 202
931 584
932 174
933 596
934 234
935 427
936 82
937 59
938 239
939 119
940 361
941 165
942 0
943 24
944 285
945 414
946 145
947 19
948 5
949 284
950 177
951 22
952 158
953 369
954 154
955 549
956 641
957 121
958 76
959 0
960 143
961 18
962 70
963 0
964 260
965 59
966 173
967 130
968 150
969 423
970 200
971 11
972 140
973 286
974 120
975 208
976 27
977 27
978 759
979 111
980 636
981 683
982 127
983 79
984 450
985 355
986 105
987 38
988 0
989 0
990 23
991 59
992 76
993 522
994 280
995 0
996 141
997 46
998 76
999 154
1000 66
1001 168
1002 319
1003 12
1004 2
1005 0
1006 0
1007 284
1008 541
1009 6
1010 0
1011 53
1012 23
1013 0
1014 0
1015 5
1016 162
1017 402
1018 34
1019 325
1020 264
1021 470
1022 308
1023 138
1024 162
1025 61
1026 256
1027 528
1028 113
1029 39
1030 28
1031 295
1032 13
1033 15
1034 81
1035 167
1036 94
1037 51
1038 433
1039 286
1040 455
1041 254
1042 13
1043 151
1044 73
1045 100
1046 227
1047 183
1048 200
1049 0
1050 38
1051 0
1052 8
1053 7
1054 17
1055 73
1056 116
1057 179
1058 264
1059 425
1060 426
1061 99
1062 0
1063 37
1064 0
1065 45
1066 24
1067 120
1068 38
1069 86
1070 108
1071 51
1072 386
1073 125
1074 272
1075 32
1076 40
1077 0
1078 173
1079 15
1080 315
1081 195
1082 60
1083 144
1084 120
1085 54
1086 0
1087 30
1088 6
1089 12
1090 328
1091 488
1092 407
1093 515
1094 238
1095 42
1096 85
1097 36
1098 129
1099 584
1100 17
1101 48
1102 48
1103 93
1104 34
1105 65
1106 599
1107 586
1108 115
1109 12
1110 1125
1111 316
1112 31
1113 213
1114 344
1115 35
1116 11
1117 51
1118 40
1119 382
1120 349
1121 330
1122 42
1123 19
1124 100
1125 21
1126 0
1127 7
1128 162
1129 234
1130 0
1131 4
1132 0
1133 161
1134 119
1135 59
1136 0
1137 0
1138 0
1139 299
1140 1152
1141 747
1142 275
1143 0
1144 47
1145 0
1146 67
1147 0
1148 24
1149 428
1150 662
1151 58
1152 82
1153 104
1154 155
1155 565
1156 363
1157 287
1158 64
1159 39
1160 77
1161 32
1162 147
1163 0
1164 17
1165 0
1166 126
1167 176
1168 389
1169 66
1170 371
1171 10
1172 0
1173 64
1174 25
1175 33
1176 228
1177 556
1178 97
1179 417
1180 47
1181 328
1182 207
1183 422
1184 170
1185 356
1186 205
1187 122
1188 19
1189 0
1190 0
1191 172
1192 184
1193 16
1194 51
1195 0
1196 54
1197 14
1198 149
1199 154
1200 86
1201 22
1202 6
1203 465
1204 33
1205 22
1206 68
1207 13
1208 128
1209 73
1210 337
1211 283
1212 717
1213 0
1214 154
1215 339
1216 159
1217 697
1218 331
1219 60
1220 209
1221 111
1222 54
1223 130
1224 162
1225 38
1226 105
1227 32
1228 166
1229 310
1230 111
1231 0
1232 104
1233 181
1234 213
1235 568
1236 115
1237 131
1238 211
1239 7
1240 64
1241 0
1242 18
1243 232
1244 12
1245 125
1246 84
1247 211
1248 534
1249 767
1250 55
1251 330
1252 552
1253 654
1254 1188
1255 168
1256 147
1257 49
1258 321
1259 40
1260 127
1261 42
1262 129
1263 145
1264 361
1265 299
1266 161
1267 59
1268 19
1269 16
1270 31
1271 80
1272 141
1273 173
1274 929
1275 434
1276 35
1277 85
1278 88
1279 104
1280 9
1281 25
1282 0
1283 9
1284 7
1285 0
1286 261
1287 479
1288 150
1289 418
1290 376
1291 344
1292 213
1293 222
1294 2894
1295 987
1296 140
1297 20
1298 99
1299 320
1300 55
1301 0
1302 80
1303 177
1304 0
1305 104
1306 51
1307 305
1308 273
1309 208
1310 37
1311 179
1312 4
1313 8
1314 16
1315 428
1316 371
1317 485
1318 0
1319 495
1320 471
1321 944
1322 544
1323 82
1324 55
1325 149
1326 29
1327 69
1328 1
1329 114
1330 0
1331 148
1332 601
1333 138
1334 69
1335 149
1336 112
1337 387
1338 286
1339 1045
1340 1289
1341 218
1342 76
1343 327
1344 404
1345 90
1346 64
1347 0
1348 41
1349 118
1350 526
1351 48
1352 24
1353 503
1354 61
1355 292
1356 252
1357 0
1358 81
1359 287
1360 37
1361 2
1362 7
1363 201
1364 693
1365 887
1366 188
1367 232
1368 271
1369 0
1370 385
1371 384
1372 0
1373 60
1374 9
1375 4
1376 19
1377 39
1378 127
1379 580
1380 579
1381 77
1382 100
1383 112
1384 0
1385 0
1386 337
1387 1018
1388 337
1389 42
1390 362
1391 300
1392 0
1393 66
1394 36
1395 174
1396 170
1397 150
1398 1
1399 0
1400 329
1401 247
1402 180
1403 239
1404 247
1405 118
1406 103
1407 267
1408 258
1409 311
1410 278
1411 113
1412 0
1413 0
1414 67
1415 0
1416 269
1417 370
1418 243
1419 550
1420 277
1421 691
1422 170
1423 8
1424 57
1425 11
1426 64
1427 274
1428 759
1429 977
1430 587
1431 855
1432 566
1433 263
1434 313
1435 370
1436 275
1437 623
1438 12
1439 0
1440 161
1441 164
1442 910
1443 148
1444 146
1445 335
1446 538
1447 104
1448 137
1449 100
1450 77
1451 648
1452 122
1453 364
1454 210
1455 44
1456 162
1457 630
1458 25
1459 630
1460 176
1461 119
1462 63
1463 149
1464 2
1465 110
1466 186
1467 162
1468 47
1469 50
1470 22
1471 0
1472 41
1473 31
1474 40
1475 218
1476 914
1477 1679
1478 683
1479 491
1480 687
1481 568
1482 124
1483 410
1484 321
1485 6
1486 78
1487 29
1488 270
1489 271
1490 1083
1491 307
1492 124
1493 285
1494 314
1495 71
1496 502
1497 631
1498 75
1499 239
1500 406
1501 99
1502 183
1503 78
1504 259
1505 460
1506 81
1507 179
1508 468
1509 98
1510 166
1511 20
1512 36
1513 98
1514 665
1515 244
1516 134
1517 24
1518 3
1519 0
1520 6
1521 30
1522 37
1523 20
1524 265
1525 0
1526 657
1527 1893
1528 1346
1529 955
1530 382
1531 16
1532 145
1533 540
1534 49
1535 294
1536 189
1537 211
1538 363
1539 220
1540 13
1541 264
1542 60
1543 188
1544 1007
1545 578
1546 721
1547 309
1548 109
1549 261
1550 466
1551 136
1552 107
1553 177
1554 100
1555 152
1556 590
1557 1046
1558 126
1559 138
1560 202
1561 649
1562 0
1563 381
1564 3
1565 25
1566 137
1567 203
1568 507
1569 0
1570 25
1571 93
1572 1477
1573 2777
1574 938
1575 79
1576 861
1577 391
1578 284
1579 622
1580 765
1581 315
1582 368
1583 282
1584 163
1585 51
1586 10
1587 129
1588 454
1589 65
1590 876
1591 321
1592 203
1593 193
1594 221
1595 681
1596 497
1597 73
1598 28
1599 85
1600 681
1601 231
1602 647
1603 67
1604 71
1605 11
1606 23
1607 91
1608 0
1609 4
1610 16
1611 6
1612 201
1613 252
1614 150
1615 25
1616 335
1617 1130
1618 947
1619 1719
1620 809
1621 1247
1622 986
1623 403
1624 291
1625 0
1626 778
1627 416
1628 207
1629 474
1630 240
1631 234
1632 214
1633 210
1634 322
1635 0
1636 124
1637 197
1638 203
1639 225
1640 388
1641 103
1642 14
1643 32
1644 43
1645 751
1646 1324
1647 256
1648 496
1649 243
1650 143
1651 474
1652 1167
1653 40
1654 176
1655 473
1656 586
1657 159
1658 227
1659 358
1660 193
1661 217
1662 237
1663 71
1664 266
1665 425
1666 0
1667 623
1668 540
1669 10
1670 122
1671 117
1672 5
1673 0
1674 7
1675 0
1676 12
1677 1358
1678 865
1679 698
1680 802
1681 270
1682 440
1683 479
1684 212
1685 533
1686 280
1687 134
1688 189
1689 315
1690 117
1691 319
1692 75
1693 190
1694 306
1695 21
1696 156
1697 41
1698 84
1699 100
1700 46
1701 666
1702 84
1703 196
1704 0
1705 7
1706 62
1707 172
1708 11
1709 232
1710 1252
1711 350
1712 262
1713 187
1714 188
1715 546
1716 412
1717 275
1718 75
1719 0
1720 23
1721 191
1722 35
1723 53
1724 80
1725 62
1726 183
1727 131
1728 462
1729 379
1730 24
1731 62
1732 14
1733 173
1734 74
1735 13
1736 131
1737 242
1738 472
1739 476
1740 281
1741 91
1742 391
1743 38
1744 187
1745 324
1746 160
1747 8
1748 36
1749 65
1750 115
1751 295
1752 458
1753 39
1754 36
1755 146
1756 100
1757 130
1758 191
1759 0
1760 11
1761 420
1762 0
1763 209
1764 231
1765 213
1766 154
1767 456
1768 261
1769 0
1770 52
1771 126
1772 244
1773 384
1774 197
1775 156
1776 196
1777 216
1778 399
1779 0
1780 75
1781 2
1782 242
1783 22
1784 81
1785 111
1786 14
1787 0
1788 172
1789 60
1790 238
1791 16
1792 304
1793 123
1794 27
1795 0
1796 71
1797 0
1798 513
1799 981
1800 779
1801 223
1802 263
1803 80
1804 182
1805 745
1806 685
1807 154
1808 219
1809 5
1810 226
1811 141
1812 109
1813 99
1814 80
1815 104
1816 60
1817 10
1818 81
1819 27
1820 233
1821 150
1822 106
1823 144
1824 560
1825 177
1826 81
1827 181
1828 240
1829 424
1830 29
1831 337
1832 96
1833 327
1834 52
1835 448
1836 169
1837 57
1838 0
1839 82
1840 136
1841 117
1842 41
1843 188
1844 559
1845 425
1846 119
1847 157
1848 367
1849 630
1850 75
1851 47
1852 85
1853 242
1854 107
1855 301
1856 174
1857 57
1858 463
1859 564
1860 137
1861 368
1862 411
1863 0
1864 142
1865 49
1866 142
1867 1452
1868 348
1869 189
1870 30
1871 216
1872 641
1873 328
1874 0
1875 50
1876 59
1877 146
1878 186
1879 156
1880 10
1881 353
1882 561
1883 692
1884 353
1885 155
1886 66
1887 73
1888 8
1889 271
1890 308
1891 102
1892 198
1893 223
1894 956
1895 948
1896 354
1897 112
1898 82
1899 0
1900 0
1901 265
1902 40
1903 610
1904 209
1905 312
1906 233
1907 312
1908 135
1909 188
1910 169
1911 234
1912 475
1913 236
1914 47
1915 16
1916 0
1917 287
1918 128
1919 315
1920 115
1921 255
1922 71
1923 278
1924 262
1925 0
1926 50
1927 43
1928 48
1929 75
1930 144
1931 202
1932 81
1933 36
1934 125
1935 308
1936 344
1937 49
1938 37
1939 80
1940 346
1941 239
1942 708
1943 613
1944 0
1945 113
1946 122
1947 30
1948 143
1949 115
1950 107
1951 338
1952 211
1953 353
1954 165
1955 525
1956 74
1957 207
1958 275
1959 168
1960 122
1961 45
1962 0
1963 56
1964 592
1965 624
1966 59
1967 305
1968 571
1969 227
1970 116
1971 259
1972 486
1973 75
1974 137
1975 311
1976 136
1977 3
1978 25
1979 29
1980 318
1981 528
1982 209
1983 70
1984 122
1985 486
1986 214
1987 0
1988 42
1989 375
1990 172
1991 240
1992 0
1993 70
1994 224
1995 483
1996 804
1997 293
1998 151
1999 323
2000 354
2001 15
2002 71
2003 178
2004 476
2005 240
2006 124
2007 175
2008 139
2009 194
2010 226
2011 314
2012 55
2013 41
2014 344
2015 246
2016 499
2017 617
2018 0
2019 442
2020 174
2021 128
2022 108
2023 453
2024 668
2025 18
2026 168
2027 156
2028 149
2029 85
2030 286
2031 424
2032 268
2033 113
2034 267
2035 370
2036 565
2037 198
2038 182
2039 122
2040 83
2041 72
2042 106
2043 422
2044 82
2045 154
2046 158
2047 159
2048 473
2049 607
2050 386
2051 393
2052 32
2053 42
2054 240
2055 802
2056 119
2057 139
2058 157
2059 188
2060 165
2061 338
2062 246
2063 186
2064 61
2065 39
2066 390
2067 268
2068 22
2069 420
2070 109
2071 203
2072 459
2073 438
2074 191
2075 281
2076 416
2077 107
2078 14
2079 60
2080 233
2081 502
2082 334
2083 0
2084 147
2085 108
2086 321
2087 246
2088 351
2089 264
2090 221
2091 139
2092 110
2093 141
2094 254
2095 784
2096 222
2097 808
2098 443
2099 258
2100 118
2101 52
2102 23
2103 552
2104 554
2105 279
2106 14
2107 12
2108 78
2109 80
2110 391
2111 279
2112 449
2113 261
2114 162
2115 288
2116 177
2117 171
2118 536
2119 508
2120 90
2121 126
2122 33
2123 40
2124 474
2125 53
2126 280
2127 312
2128 431
2129 121
2130 212
2131 0
2132 614
2133 70
2134 0
2135 66
2136 13
2137 315
2138 603
2139 158
2140 55
2141 8
2142 11
2143 15
2144 384
2145 438
2146 154
2147 92
2148 594
2149 281
2150 691
2151 101
2152 358
2153 448
2154 371
2155 113
2156 33
2157 39
2158 33
2159 185
2160 474
2161 526
2162 0
2163 26
2164 89
2165 0
2166 190
2167 172
2168 127
2169 264
2170 91
2171 48
2172 322
2173 215
2174 8
2175 135
2176 14
2177 233
2178 40
2179 92
2180 45
2181 144
2182 101
2183 156
2184 59
2185 0
2186 8
2187 254
2188 131
2189 124
2190 339
2191 260
2192 90
2193 367
2194 59
2195 19
2196 8
2197 57
2198 23
2199 182
2200 113
2201 209
2202 287
2203 371
2204 62
2205 388
2206 435
2207 120
2208 13
2209 209
2210 159
2211 323
2212 585
2213 476
2214 77
2215 137
2216 25
2217 40
2218 23
2219 38
2220 205
2221 5
2222 10
2223 110
2224 252
2225 63
2226 52
2227 408
2228 354
2229 270
2230 333
2231 45
2232 161
2233 173
2234 14
2235 51
2236 19
2237 122
2238 44
2239 9
2240 0
2241 29
2242 25
2243 433
2244 220
2245 59
2246 77
2247 326
2248 606
2249 85
2250 479
2251 198
2252 53
2253 168
2254 486
2255 235
2256 338
2257 89
2258 16
2259 46
2260 362
2261 52
2262 30
2263 14
2264 17
2265 112
2266 613
2267 471
2268 403
2269 572
2270 593
2271 327
2272 13
2273 53
2274 606
2275 511
2276 216
2277 541
2278 122
2279 35
2280 25
2281 440
2282 584
2283 57
2284 0
2285 0
2286 318
2287 78
2288 110
2289 95
2290 432
2291 708
2292 53
2293 0
2294 524
2295 426
2296 130
2297 231
2298 153
2299 20
2300 222
2301 345
2302 183
2303 0
2304 106
2305 26
2306 53
2307 181
2308 523
2309 171
2310 168
2311 151
2312 113
2313 111
2314 251
2315 146
2316 606
2317 206
2318 0
2319 85
2320 430
2321 253
2322 221
2323 0
2324 0
2325 48
2326 523
2327 902
2328 158
2329 36
2330 51
2331 27
2332 113
2333 0
2334 792
2335 998
2336 110
2337 0
2338 143
2339 264
2340 232
2341 62
2342 0
2343 0
2344 176
2345 410
2346 162
2347 301
2348 52
2349 152
2350 270
2351 392
2352 291
2353 550
2354 311
2355 88
2356 0
2357 86
2358 29
2359 0
2360 13
2361 0
2362 11
2363 503
2364 425
2365 65
2366 367
2367 290
2368 0
2369 179
2370 373
2371 238
2372 190
2373 127
2374 18
2375 270
2376 370
2377 0
2378 8
2379 49
2380 86
2381 22
2382 469
2383 225
2384 191
2385 577
2386 188
2387 434
2388 819
2389 420
2390 292
2391 567
2392 76
2393 80
2394 492
2395 179
2396 49
2397 6
2398 427
2399 14
2400 50
2401 273
2402 909
2403 92
2404 142
2405 412
2406 427
2407 298
2408 176
2409 227
2410 158
2411 369
2412 280
2413 52
2414 0
2415 137
2416 32
2417 68
2418 23
2419 266
2420 518
2421 449
2422 902
2423 127
2424 239
2425 278
2426 378
2427 472
2428 637
2429 115
2430 7
2431 147
2432 303
2433 1
2434 56
2435 160
2436 189
2437 92
2438 575
2439 77
2440 225
2441 457
2442 499
2443 219
2444 221
2445 255
2446 31
2447 0
2448 0
2449 210
2450 31
2451 64
2452 38
2453 23
2454 179
2455 175
2456 257
2457 247
2458 45
2459 155
2460 32
2461 14
2462 0
2463 30
2464 133
2465 923
2466 119
2467 1
2468 58
2469 66
2470 135
2471 111
2472 104
2473 25
2474 15
2475 0
2476 0
2477 57
2478 219
2479 23
2480 80
2481 108
2482 35
2483 89
2484 147
2485 215
2486 96
2487 358
2488 59
2489 85
2490 13
2491 0
2492 0
2493 0
2494 105
2495 233
2496 69
2497 105
2498 45
2499 159
2500 92
2501 56
2502 108
2503 452
2504 22
2505 0
2506 0
2507 9
2508 7
2509 83
2510 46
2511 50
2512 71
2513 133
2514 0
2515 0
2516 46
2517 0
2518 0
2519 11
2520 53
2521 35
2522 54
2523 128
2524 6
2525 0
2526 229
2527 89
2528 0
2529 40
2530 66
2531 43
2532 17
2533 0
2534 347
2535 374
2536 0
2537 149
2538 194
2539 35
2540 6
2541 32
2542 524
2543 147
2544 180
2545 413
2546 47
2547 21
2548 115
2549 0
2550 35
2551 22
2552 0
2553 234
2554 95
2555 4
2556 0
2557 23
2558 84
2559 95
2560 266
2561 195
2562 35
2563 130
2564 51
2565 40
2566 84
2567 46
2568 39
2569 31
2570 57
2571 42
2572 0
2573 90
2574 4
2575 166
2576 11
2577 8
2578 11
2579 8
2580 0
2581 0
2582 0
2583 0
2584 0
2585 0
2586 0
2587 0
2588 0
2589 0
2590 0
2591 0
2592 0
2593 0
2594 0
2595 0
2596 0
2597 0
2598 0
