0 0
1 0
2 2
3 0
4 9
5 14
6 0
7 1
8 0
9 1
10 6
11 22
12 0
13 15
14 37
15 18
16 29
17 5
18 2
19 73
20 0
21 12
22 6
23 42
24 0
25 19
26 0
27 0
28 0
29 6
30 1
31 3
32 0
33 15
34 1
35 22
36 1
37 7
38 3
39 4
40 9
41 3
42 3
43 2
44 34
45 0
46 2
47 0
48 2
49 33
50 19
51 5
52 26
53 25
54 29
55 2
56 5
57 20
58 26
59 3
60 6
61 35
62 26
63 2
64 4
65 0
66 7
67 29
68 9
69 0
70 4
71 6
72 2
73 1
74 24
75 45
76 3
77 22
78 52
79 44
80 0
81 0
82 19
83 7
84 2
85 0
86 19
87 73
88 62
89 2
90 3
91 2
92 4
93 22
94 5
95 0
96 6
97 30
98 8
99 39
100 0
101 3
102 20
103 24
104 6
105 10
106 29
107 12
108 26
109 32
110 1
111 11
112 0
113 6
114 24
115 7
116 31
117 5
118 3
119 16
120 0
121 17
122 54
123 16
124 5
125 1
126 3
127 5
128 9
129 0
130 5
131 12
132 3
133 0
134 0
135 52
136 28
137 123
138 7
139 7
140 41
141 37
142 5
143 0
144 1
145 2
146 29
147 7
148 34
149 22
150 8
151 0
152 0
153 9
154 7
155 16
156 4
157 13
158 102
159 14
160 10
161 8
162 0
163 24
164 16
165 26
166 40
167 19
168 11
169 7
170 51
171 27
172 10
173 9
174 41
175 79
176 51
177 6
178 15
179 0
180 51
181 4
182 113
183 55
184 27
185 18
186 83
187 91
188 41
189 7
190 7
191 0
192 0
193 3
194 0
195 0
196 41
197 24
198 4
199 37
200 32
201 21
202 7
203 46
204 26
205 63
206 97
207 21
208 15
209 0
210 66
211 0
212 9
213 22
214 0
215 51
216 4
217 15
218 14
219 89
220 17
221 59
222 57
223 53
224 87
225 49
226 42
227 8
228 1
229 8
230 2
231 0
232 0
233 4
234 0
235 6
236 0
237 0
238 28
239 112
240 3
241 108
242 65
243 10
244 69
245 14
246 28
247 1
248 19
249 12
250 8
251 3
252 5
253 0
254 3
255 10
256 156
257 50
258 7
259 0
260 0
261 0
262 3
263 22
264 4
265 10
266 1
267 7
268 4
269 0
270 16
271 39
272 13
273 0
274 5
275 3
276 2
277 3
278 8
279 28
280 3
281 0
282 13
283 0
284 2
285 4
286 10
287 9
288 8
289 5
290 83
291 17
292 122
293 40
294 1
295 19
296 37
297 13
298 15
299 8
300 18
301 14
302 23
303 23
304 101
305 34
306 26
307 48
308 0
309 28
310 20
311 29
312 45
313 7
314 5
315 36
316 0
317 47
318 85
319 0
320 13
321 18
322 4
323 5
324 0
325 0
326 8
327 3
328 0
329 0
330 6
331 25
332 7
333 55
334 63
335 51
336 4
337 21
338 76
339 45
340 0
341 1
342 3
343 1
344 3
345 0
346 15
347 0
348 43
349 11
350 19
351 89
352 18
353 5
354 0
355 1
356 2
357 23
358 0
359 24
360 29
361 72
362 96
363 3
364 0
365 0
366 8
367 13
368 31
369 30
370 13
371 13
372 8
373 11
374 5
375 9
376 21
377 0
378 4
379 27
380 21
381 0
382 0
383 0
384 18
385 27
386 0
387 0
388 32
389 37
390 59
391 35
392 66
393 3
394 32
395 14
396 70
397 0
398 0
399 47
400 1
401 20
402 9
403 10
404 0
405 25
406 63
407 47
408 14
409 0
410 6
411 10
412 17
413 80
414 53
415 3
416 11
417 22
418 0
419 16
420 5
421 3
422 37
423 33
424 47
425 27
426 17
427 5
428 27
429 1
430 0
431 4
432 5
433 0
434 0
435 6
436 51
437 93
438 117
439 39
440 71
441 60
442 24
443 92
444 11
445 12
446 7
447 2
448 42
449 14
450 29
451 18
452 30
453 62
454 59
455 0
456 35
457 71
458 53
459 0
460 3
461 63
462 43
463 29
464 29
465 24
466 0
467 46
468 27
469 61
470 75
471 74
472 43
473 27
474 56
475 18
476 4
477 7
478 1
479 10
480 6
481 14
482 17
483 1
484 48
485 16
486 24
487 32
488 14
489 68
490 16
491 11
492 58
493 121
494 9
495 26
496 15
497 7
498 71
499 19
500 20
501 19
502 15
503 7
504 3
505 19
506 35
507 6
508 4
509 95
510 7
511 12
512 42
513 73
514 31
515 53
516 22
517 20
518 0
519 18
520 79
521 65
522 1
523 12
524 12
525 2
526 1
527 5
528 28
529 8
530 4
531 7
532 63
533 57
534 0
535 46
536 49
537 7
538 7
539 35
540 5
541 10
542 2
543 43
544 43
545 1
546 22
547 0
548 35
549 2
550 19
551 5
552 51
553 43
554 68
555 68
556 10
557 6
558 21
559 36
560 10
561 28
562 10
563 1
564 0
565 1
566 0
567 8
568 3
569 1
570 5
571 34
572 22
573 16
574 7
575 33
576 9
577 18
578 23
579 12
580 4
581 0
582 4
583 20
584 30
585 29
586 21
587 0
588 45
589 92
590 0
591 2
592 18
593 2
594 4
595 8
596 5
597 3
598 59
599 74
600 50
601 99
602 22
603 15
604 11
605 7
606 24
607 19
608 42
609 11
610 39
611 18
612 48
613 32
614 79
615 56
616 50
617 0
618 3
619 1
620 11
621 0
622 0
623 6
624 10
625 56
626 30
627 79
628 49
629 38
630 65
631 8
632 12
633 15
634 23
635 8
636 28
637 1
638 15
639 36
640 4
641 32
642 28
643 73
644 15
645 58
646 30
647 3
648 0
649 0
650 0
651 20
652 23
653 16
654 14
655 19
656 11
657 5
658 53
659 41
660 5
661 24
662 3
663 33
664 8
665 0
666 30
667 25
668 1
669 14
670 21
671 49
672 5
673 4
674 8
675 0
676 37
677 49
678 38
679 0
680 53
681 49
682 2
683 14
684 10
685 19
686 6
687 0
688 0
689 12
690 62
691 35
692 20
693 1
694 5
695 10
696 10
697 7
698 5
699 24
700 11
701 15
702 26
703 3
704 7
705 48
706 65
707 29
708 0
709 28
710 2
711 0
712 5
713 6
714 0
715 4
716 24
717 97
718 41
719 40
720 82
721 21
722 10
723 0
724 16
725 6
726 18
727 16
728 12
729 31
730 20
731 41
732 5
733 20
734 23
735 9
736 0
737 26
738 57
739 66
740 17
741 14
742 1
743 8
744 42
745 2
746 0
747 0
748 36
749 10
750 92
751 2
752 47
753 11
754 31
755 3
756 15
757 6
758 11
759 59
760 29
761 9
762 23
763 10
764 72
765 27
766 24
767 15
768 1
769 9
770 67
771 8
772 6
773 0
774 16
775 23
776 16
777 15
778 17
779 2
780 0
781 0
782 16
783 8
784 22
785 10
786 45
787 26
788 6
789 53
790 6
791 8
792 14
793 35
794 30
795 0
796 32
797 45
798 22
799 12
800 6
801 0
802 12
803 1
804 1
805 1
806 61
807 29
808 16
809 42
810 21
811 5
812 18
813 22
814 5
815 1
816 0
817 0
818 10
819 49
820 51
821 54
822 18
823 29
824 7
825 22
826 9
827 45
828 28
829 14
830 12
831 19
832 18
833 35
834 32
835 13
836 22
837 9
838 7
839 4
840 0
841 5
842 3
843 0
844 12
845 0
846 25
847 39
848 28
849 0
850 37
851 0
852 29
853 7
854 3
855 18
856 9
857 39
858 31
859 6
860 8
861 16
862 39
863 8
864 15
865 0
866 6
867 17
868 8
869 5
870 7
871 4
872 0
873 3
874 0
875 0
876 4
877 62
878 26
879 21
880 81
881 54
882 6
883 7
884 29
885 2
886 5
887 4
888 17
889 102
890 9
891 10
892 24
893 8
894 9
895 17
896 10
897 18
898 8
899 3
900 0
901 0
902 6
903 94
904 46
905 10
906 48
907 56
908 51
909 1
910 4
911 31
912 0
913 1
914 14
915 40
916 1
917 16
918 38
919 10
920 32
921 49
922 15
923 3
924 11
925 2
926 8
927 19
928 0
929 0
930 21
931 0
932 29
933 74
934 34
935 52
936 9
937 4
938 33
939 12
940 48
941 22
942 0
943 3
944 38
945 55
946 20
947 1
948 0
949 40
950 24
951 3
952 18
953 47
954 21
955 75
956 80
957 17
958 8
959 27
960 18
961 2
962 8
963 23
964 32
965 6
966 22
967 17
968 23
969 50
970 20
971 2
972 19
973 44
974 17
975 25
976 3
977 0
978 94
979 16
980 88
981 99
982 18
983 8
984 53
985 47
986 0
987 6
988 0
989 1
990 2
991 8
992 13
993 65
994 36
995 8
996 21
997 5
998 0
999 20
1000 7
1001 23
1002 42
1003 1
1004 0
1005 0
1006 0
1007 35
1008 63
1009 0
1010 12
1011 6
1012 4
1013 0
1014 0
1015 0
1016 18
1017 47
1018 6
1019 47
1020 38
1021 59
1022 40
1023 15
1024 20
1025 6
1026 31
1027 77
1028 17
1029 6
1030 6
1031 39
1032 1
1033 4
1034 10
1035 19
1036 11
1037 7
1038 53
1039 34
1040 54
1041 33
1042 1
1043 21
1044 7
1045 14
1046 24
1047 22
1048 26
1049 4
1050 3
1051 0
1052 1
1053 0
1054 3
1055 9
1056 13
1057 21
1058 36
1059 49
1060 49
1061 11
1062 0
1063 1
1064 0
1065 4
1066 3
1067 14
1068 4
1069 12
1070 14
1071 8
1072 55
1073 23
1074 37
1075 4
1076 4
1077 0
1078 21
1079 4
1080 45
1081 25
1082 10
1083 14
1084 13
1085 5
1086 0
1087 4
1088 0
1089 0
1090 43
1091 62
1092 52
1093 75
1094 33
1095 4
1096 13
1097 2
1098 12
1099 78
1100 2
1101 5
1102 5
1103 14
1104 5
1105 7
1106 80
1107 74
1108 16
1109 0
1110 142
1111 34
1112 7
1113 26
1114 45
1115 0
1116 0
1117 7
1118 6
1119 57
1120 48
1121 38
1122 7
1123 1
1124 9
1125 2
1126 17
1127 0
1128 19
1129 28
1130 1
1131 0
1132 0
1133 18
1134 0
1135 7
1136 0
1137 0
1138 0
1139 35
1140 163
1141 86
1142 32
1143 0
1144 6
1145 0
1146 9
1147 0
1148 2
1149 63
1150 84
1151 7
1152 8
1153 16
1154 21
1155 72
1156 42
1157 35
1158 9
1159 4
1160 9
1161 3
1162 19
1163 0
1164 1
1165 1
1166 17
1167 20
1168 50
1169 6
1170 48
1171 0
1172 0
1173 9
1174 1
1175 3
1176 29
1177 74
1178 9
1179 58
1180 7
1181 40
1182 32
1183 57
1184 22
1185 47
1186 0
1187 18
1188 2
1189 0
1190 0
1191 24
1192 0
1193 0
1194 6
1195 0
1196 0
1197 3
1198 24
1199 23
1200 11
1201 1
1202 0
1203 58
1204 7
1205 2
1206 9
1207 1
1208 13
1209 9
1210 46
1211 38
1212 88
1213 8
1214 25
1215 41
1216 21
1217 90
1218 44
1219 9
1220 27
1221 18
1222 0
1223 0
1224 14
1225 3
1226 15
1227 3
1228 22
1229 39
1230 13
1231 0
1232 11
1233 24
1234 27
1235 87
1236 16
1237 19
1238 29
1239 0
1240 14
1241 0
1242 3
1243 30
1244 0
1245 18
1246 13
1247 32
1248 61
1249 103
1250 7
1251 39
1252 69
1253 92
1254 145
1255 21
1256 14
1257 7
1258 38
1259 5
1260 14
1261 4
1262 16
1263 15
1264 47
1265 35
1266 24
1267 6
1268 1
1269 1
1270 3
1271 10
1272 16
1273 19
1274 120
1275 54
1276 4
1277 11
1278 15
1279 12
1280 1
1281 1
1282 0
1283 0
1284 0
1285 0
1286 0
1287 64
1288 19
1289 51
1290 46
1291 45
1292 22
1293 32
1294 370
1295 133
1296 13
1297 0
1298 16
1299 48
1300 6
1301 0
1302 13
1303 20
1304 66
1305 17
1306 9
1307 46
1308 34
1309 34
1310 7
1311 24
1312 0
1313 0
1314 0
1315 61
1316 57
1317 55
1318 65
1319 69
1320 65
1321 119
1322 65
1323 9
1324 11
1325 17
1326 3
1327 7
1328 0
1329 15
1330 6
1331 23
1332 75
1333 23
1334 7
1335 21
1336 15
1337 46
1338 37
1339 128
1340 172
1341 28
1342 11
1343 46
1344 54
1345 12
1346 10
1347 6
1348 2
1349 13
1350 70
1351 0
1352 2
1353 63
1354 5
1355 32
1356 26
1357 10
1358 9
1359 31
1360 6
1361 0
1362 0
1363 23
1364 87
1365 109
1366 20
1367 34
1368 30
1369 70
1370 51
1371 47
1372 0
1373 9
1374 0
1375 0
1376 2
1377 6
1378 20
1379 71
1380 0
1381 10
1382 10
1383 14
1384 33
1385 17
1386 50
1387 125
1388 37
1389 8
1390 45
1391 39
1392 6
1393 11
1394 0
1395 25
1396 19
1397 15
1398 0
1399 0
1400 56
1401 31
1402 28
1403 35
1404 28
1405 7
1406 9
1407 30
1408 0
1409 44
1410 34
1411 11
1412 12
1413 0
1414 7
1415 5
1416 29
1417 46
1418 25
1419 77
1420 39
1421 86
1422 23
1423 2
1424 0
1425 2
1426 7
1427 35
1428 0
1429 130
1430 76
1431 106
1432 80
1433 30
1434 37
1435 48
1436 32
1437 80
1438 1
1439 0
1440 21
1441 18
1442 117
1443 19
1444 0
1445 50
1446 65
1447 18
1448 17
1449 12
1450 11
1451 79
1452 16
1453 53
1454 27
1455 0
1456 26
1457 83
1458 0
1459 75
1460 26
1461 15
1462 6
1463 17
1464 0
1465 10
1466 24
1467 0
1468 7
1469 6
1470 0
1471 0
1472 3
1473 7
1474 4
1475 24
1476 124
1477 214
1478 86
1479 64
1480 88
1481 74
1482 15
1483 63
1484 38
1485 0
1486 11
1487 4
1488 40
1489 37
1490 148
1491 30
1492 16
1493 37
1494 35
1495 6
1496 62
1497 78
1498 10
1499 27
1500 51
1501 12
1502 23
1503 7
1504 35
1505 66
1506 9
1507 19
1508 54
1509 11
1510 18
1511 2
1512 5
1513 13
1514 83
1515 26
1516 16
1517 1
1518 0
1519 0
1520 1
1521 2
1522 3
1523 5
1524 30
1525 119
1526 87
1527 0
1528 184
1529 129
1530 53
1531 2
1532 19
1533 68
1534 4
1535 36
1536 30
1537 24
1538 44
1539 30
1540 1
1541 35
1542 9
1543 22
1544 137
1545 74
1546 88
1547 40
1548 11
1549 30
1550 59
1551 13
1552 12
1553 23
1554 11
1555 17
1556 72
1557 136
1558 14
1559 15
1560 26
1561 86
1562 56
1563 54
1564 1
1565 6
1566 20
1567 18
1568 65
1569 1
1570 3
1571 13
1572 183
1573 345
1574 119
1575 12
1576 120
1577 52
1578 40
1579 78
1580 94
1581 35
1582 47
1583 41
1584 27
1585 5
1586 1
1587 21
1588 0
1589 8
1590 119
1591 42
1592 28
1593 27
1594 32
1595 101
1596 64
1597 8
1598 0
1599 12
1600 86
1601 26
1602 86
1603 8
1604 9
1605 0
1606 4
1607 13
1608 0
1609 0
1610 3
1611 0
1612 0
1613 34
1614 17
1615 3
1616 42
1617 0
1618 115
1619 207
1620 99
1621 151
1622 129
1623 53
1624 35
1625 5
1626 96
1627 52
1628 22
1629 55
1630 31
1631 30
1632 36
1633 0
1634 47
1635 18
1636 12
1637 28
1638 22
1639 35
1640 54
1641 13
1642 0
1643 2
1644 6
1645 96
1646 175
1647 31
1648 67
1649 25
1650 17
1651 62
1652 154
1653 4
1654 25
1655 74
1656 74
1657 18
1658 31
1659 52
1660 19
1661 34
1662 37
1663 8
1664 28
1665 45
1666 34
1667 78
1668 73
1669 2
1670 17
1671 17
1672 0
1673 5
1674 1
1675 0
1676 3
1677 171
1678 112
1679 89
1680 95
1681 34
1682 56
1683 53
1684 25
1685 62
1686 41
1687 18
1688 25
1689 44
1690 15
1691 42
1692 10
1693 22
1694 40
1695 3
1696 17
1697 4
1698 6
1699 11
1700 0
1701 89
1702 7
1703 27
1704 0
1705 0
1706 6
1707 21
1708 2
1709 28
1710 161
1711 52
1712 26
1713 23
1714 25
1715 67
1716 45
1717 39
1718 12
1719 19
1720 2
1721 28
1722 4
1723 8
1724 11
1725 6
1726 25
1727 17
1728 52
1729 46
1730 0
1731 7
1732 0
1733 21
1734 10
1735 2
1736 15
1737 37
1738 67
1739 62
1740 38
1741 14
1742 54
1743 4
1744 27
1745 42
1746 16
1747 1
1748 5
1749 7
1750 12
1751 39
1752 56
1753 6
1754 3
1755 17
1756 12
1757 14
1758 23
1759 2
1760 0
1761 62
1762 20
1763 25
1764 32
1765 28
1766 16
1767 52
1768 35
1769 0
1770 5
1771 17
1772 29
1773 51
1774 20
1775 20
1776 0
1777 34
1778 54
1779 2
1780 11
1781 0
1782 28
1783 0
1784 9
1785 16
1786 0
1787 41
1788 19
1789 6
1790 27
1791 1
1792 39
1793 18
1794 4
1795 0
1796 8
1797 64
1798 67
1799 131
1800 103
1801 29
1802 42
1803 10
1804 24
1805 89
1806 96
1807 21
1808 0
1809 1
1810 30
1811 17
1812 12
1813 13
1814 10
1815 13
1816 7
1817 1
1818 18
1819 4
1820 30
1821 22
1822 17
1823 18
1824 72
1825 25
1826 6
1827 25
1828 37
1829 52
1830 4
1831 0
1832 0
1833 45
1834 7
1835 59
1836 22
1837 4
1838 20
1839 8
1840 16
1841 16
1842 7
1843 21
1844 73
1845 52
1846 15
1847 17
1848 50
1849 79
1850 9
1851 6
1852 11
1853 32
1854 11
1855 31
1856 21
1857 8
1858 61
1859 76
1860 25
1861 48
1862 47
1863 1
1864 23
1865 8
1866 18
1867 201
1868 46
1869 22
1870 6
1871 24
1872 79
1873 44
1874 14
1875 6
1876 5
1877 20
1878 23
1879 19
1880 2
1881 0
1882 70
1883 90
1884 41
1885 18
1886 7
1887 9
1888 2
1889 37
1890 36
1891 15
1892 25
1893 24
1894 124
1895 128
1896 52
1897 14
1898 11
1899 9
1900 56
1901 32
1902 8
1903 87
1904 26
1905 40
1906 27
1907 34
1908 18
1909 24
1910 26
1911 32
1912 59
1913 32
1914 6
1915 2
1916 3
1917 37
1918 19
1919 38
1920 18
1921 31
1922 11
1923 36
1924 0
1925 31
1926 7
1927 4
1928 8
1929 8
1930 20
1931 34
1932 8
1933 0
1934 15
1935 28
1936 44
1937 6
1938 0
1939 8
1940 42
1941 30
1942 95
1943 77
1944 9
1945 15
1946 16
1947 0
1948 16
1949 15
1950 0
1951 0
1952 25
1953 41
1954 25
1955 68
1956 7
1957 24
1958 32
1959 19
1960 12
1961 6
1962 0
1963 8
1964 82
1965 76
1966 8
1967 43
1968 70
1969 31
1970 18
1971 33
1972 67
1973 9
1974 12
1975 40
1976 16
1977 0
1978 3
1979 4
1980 36
1981 72
1982 37
1983 11
1984 14
1985 71
1986 29
1987 3
1988 7
1989 42
1990 0
1991 31
1992 26
1993 11
1994 26
1995 68
1996 96
1997 37
1998 21
1999 39
2000 41
2001 0
2002 8
2003 23
2004 50
2005 31
2006 13
2007 0
2008 18
2009 22
2010 25
2011 36
2012 8
2013 6
2014 41
2015 32
2016 64
2017 77
2018 7
2019 53
2020 19
2021 19
2022 12
2023 65
2024 89
2025 2
2026 19
2027 20
2028 20
2029 9
2030 31
2031 54
2032 36
2033 11
2034 0
2035 46
2036 64
2037 32
2038 24
2039 20
2040 13
2041 10
2042 17
2043 50
2044 12
2045 21
2046 22
2047 15
2048 63
2049 75
2050 45
2051 49
2052 5
2053 8
2054 31
2055 105
2056 16
2057 20
2058 18
2059 21
2060 19
2061 49
2062 33
2063 24
2064 8
2065 4
2066 49
2067 33
2068 0
2069 53
2070 12
2071 30
2072 60
2073 51
2074 26
2075 40
2076 58
2077 15
2078 0
2079 6
2080 33
2081 61
2082 48
2083 37
2084 21
2085 13
2086 40
2087 29
2088 45
2089 36
2090 31
2091 20
2092 16
2093 20
2094 29
2095 102
2096 25
2097 103
2098 56
2099 32
2100 12
2101 10
2102 0
2103 67
2104 69
2105 29
2106 1
2107 1
2108 12
2109 10
2110 53
2111 35
2112 54
2113 32
2114 22
2115 36
2116 20
2117 23
2118 66
2119 71
2120 14
2121 14
2122 4
2123 4
2124 60
2125 7
2126 34
2127 32
2128 56
2129 22
2130 33
2131 71
2132 75
2133 11
2134 0
2135 6
2136 1
2137 43
2138 77
2139 19
2140 8
2141 0
2142 2
2143 1
2144 48
2145 56
2146 0
2147 10
2148 78
2149 36
2150 89
2151 13
2152 48
2153 66
2154 44
2155 15
2156 4
2157 3
2158 4
2159 23
2160 69
2161 61
2162 0
2163 2
2164 11
2165 53
2166 25
2167 21
2168 11
2169 32
2170 12
2171 7
2172 45
2173 28
2174 1
2175 13
2176 1
2177 32
2178 7
2179 13
2180 8
2181 16
2182 12
2183 26
2184 8
2185 0
2186 0
2187 35
2188 19
2189 15
2190 46
2191 0
2192 15
2193 54
2194 10
2195 2
2196 0
2197 7
2198 4
2199 21
2200 14
2201 27
2202 30
2203 51
2204 8
2205 53
2206 50
2207 14
2208 1
2209 18
2210 21
2211 39
2212 84
2213 64
2214 10
2215 17
2216 3
2217 4
2218 3
2219 8
2220 29
2221 1
2222 0
2223 15
2224 31
2225 6
2226 6
2227 0
2228 44
2229 38
2230 48
2231 5
2232 20
2233 27
2234 0
2235 5
2236 0
2237 19
2238 4
2239 0
2240 0
2241 3
2242 2
2243 53
2244 24
2245 4
2246 14
2247 47
2248 78
2249 8
2250 64
2251 33
2252 10
2253 17
2254 62
2255 29
2256 48
2257 12
2258 1
2259 5
2260 0
2261 8
2262 4
2263 1
2264 1
2265 12
2266 80
2267 63
2268 47
2269 76
2270 75
2271 47
2272 0
2273 8
2274 85
2275 63
2276 31
2277 57
2278 17
2279 4
2280 4
2281 58
2282 70
2283 9
2284 0
2285 6
2286 39
2287 10
2288 11
2289 15
2290 62
2291 92
2292 7
2293 1
2294 71
2295 55
2296 0
2297 29
2298 19
2299 2
2300 30
2301 52
2302 20
2303 1
2304 13
2305 1
2306 10
2307 24
2308 71
2309 20
2310 23
2311 24
2312 15
2313 15
2314 26
2315 17
2316 80
2317 27
2318 0
2319 14
2320 53
2321 34
2322 30
2323 0
2324 0
2325 5
2326 58
2327 104
2328 19
2329 6
2330 8
2331 3
2332 15
2333 12
2334 92
2335 135
2336 14
2337 3
2338 12
2339 32
2340 30
2341 7
2342 0
2343 0
2344 24
2345 50
2346 24
2347 40
2348 4
2349 23
2350 28
2351 48
2352 51
2353 72
2354 40
2355 8
2356 31
2357 9
2358 4
2359 0
2360 1
2361 1
2362 1
2363 63
2364 56
2365 8
2366 44
2367 0
2368 9
2369 22
2370 48
2371 29
2372 24
2373 14
2374 2
2375 34
2376 47
2377 1
2378 1
2379 6
2380 0
2381 2
2382 65
2383 33
2384 25
2385 77
2386 25
2387 57
2388 91
2389 52
2390 43
2391 69
2392 8
2393 11
2394 58
2395 21
2396 8
2397 2
2398 54
2399 0
2400 8
2401 36
2402 142
2403 8
2404 15
2405 46
2406 0
2407 38
2408 21
2409 31
2410 20
2411 47
2412 29
2413 8
2414 0
2415 13
2416 4
2417 9
2418 2
2419 37
2420 73
2421 53
2422 117
2423 14
2424 26
2425 41
2426 51
2427 60
2428 73
2429 12
2430 1
2431 15
2432 47
2433 0
2434 6
2435 19
2436 22
2437 15
2438 80
2439 8
2440 28
2441 67
2442 59
2443 29
2444 27
2445 30
2446 6
2447 0
2448 0
2449 30
2450 4
2451 8
2452 5
2453 2
2454 22
2455 26
2456 32
2457 28
2458 7
2459 21
2460 2
2461 3
2462 0
2463 1
2464 22
2465 118
2466 16
2467 0
2468 9
2469 10
2470 17
2471 15
2472 14
2473 1
2474 1
2475 1
2476 0
2477 7
2478 31
2479 1
2480 9
2481 13
2482 0
2483 15
2484 17
2485 32
2486 13
2487 43
2488 8
2489 11
2490 1
2491 1
2492 0
2493 0
2494 16
2495 29
2496 11
2497 17
2498 3
2499 20
2500 10
2501 9
2502 13
2503 52
2504 2
2505 0
2506 3
2507 1
2508 0
2509 7
2510 6
2511 10
2512 6
2513 16
2514 0
2515 0
2516 3
2517 0
2518 0
2519 1
2520 8
2521 0
2522 6
2523 21
2524 0
2525 0
2526 30
2527 16
2528 0
2529 3
2530 10
2531 3
2532 2
2533 0
2534 45
2535 55
2536 10
2537 16
2538 0
2539 3
2540 0
2541 4
2542 65
2543 16
2544 20
2545 54
2546 5
2547 1
2548 12
2549 8
2550 4
2551 2
2552 20
2553 39
2554 12
2555 0
2556 0
2557 4
2558 9
2559 10
2560 29
2561 24
2562 6
2563 21
2564 5
2565 5
2566 12
2567 5
2568 4
2569 3
2570 5
2571 3
2572 0
2573 12
2574 0
2575 22
2576 1
2577 2
2578 2
2579 0
2580 0
2581 0
2582 0
2583 0
2584 0
2585 0
2586 0
2587 0
2588 0
2589 0
2590 0
2591 0
2592 0
2593 0
2594 0
2595 0
2596 0
2597 0
2598 0
