0 6
1 0
2 0
3 0
4 1
5 3
6 0
7 0
8 0
9 0
10 1
11 4
12 0
13 3
14 9
15 3
16 6
17 1
18 0
19 15
20 0
21 2
22 1
23 10
24 0
25 3
26 0
27 0
28 0
29 1
30 0
31 0
32 0
33 3
34 0
35 6
36 0
37 1
38 0
39 1
40 2
41 0
42 0
43 0
44 7
45 0
46 0
47 0
48 0
49 6
50 3
51 1
52 5
53 6
54 6
55 0
56 1
57 4
58 6
59 0
60 1
61 7
62 6
63 0
64 1
65 15
66 1
67 5
68 2
69 0
70 1
71 1
72 0
73 0
74 6
75 10
76 0
77 4
78 10
79 10
80 1
81 0
82 4
83 2
84 0
85 0
86 4
87 14
88 12
89 0
90 0
91 0
92 0
93 4
94 1
95 0
96 1
97 7
98 1
99 8
100 0
101 0
102 5
103 5
104 1
105 2
106 7
107 2
108 6
109 6
110 0
111 2
112 3
113 1
114 4
115 2
116 7
117 1
118 0
119 3
120 0
121 3
122 12
123 3
124 1
125 0
126 1
127 1
128 1
129 3
130 1
131 3
132 0
133 0
134 0
135 11
136 5
137 26
138 1
139 1
140 9
141 8
142 1
143 1
144 0
145 0
146 6
147 1
148 9
149 5
150 1
151 0
152 0
153 2
154 2
155 3
156 1
157 2
158 24
159 3
160 1
161 1
162 0
163 4
164 4
165 5
166 8
167 4
168 2
169 1
170 11
171 6
172 2
173 1
174 9
175 17
176 11
177 1
178 2
179 0
180 11
181 1
182 26
183 13
184 5
185 4
186 20
187 19
188 9
189 1
190 1
191 0
192 0
193 0
194 0
195 0
196 8
197 5
198 0
199 8
200 6
201 5
202 2
203 10
204 6
205 14
206 22
207 5
208 3
209 0
210 16
211 0
212 2
213 5
214 0
215 12
216 0
217 3
218 3
219 18
220 4
221 14
222 13
223 12
224 21
225 11
226 10
227 1
228 0
229 2
230 0
231 0
232 0
233 1
234 0
235 1
236 0
237 0
238 6
239 24
240 0
241 24
242 13
243 2
244 15
245 3
246 6
247 0
248 3
249 2
250 1
251 0
252 1
253 0
254 0
255 2
256 35
257 11
258 2
259 0
260 0
261 0
262 0
263 6
264 1
265 2
266 0
267 2
268 0
269 0
270 3
271 8
272 2
273 0
274 1
275 0
276 1
277 0
278 1
279 6
280 0
281 0
282 3
283 24
284 0
285 0
286 2
287 2
288 2
289 1
290 18
291 4
292 27
293 9
294 0
295 5
296 7
297 3
298 3
299 1
300 4
301 3
302 5
303 4
304 24
305 7
306 5
307 12
308 0
309 6
310 4
311 6
312 9
313 1
314 1
315 8
316 7
317 9
318 20
319 0
320 3
321 4
322 0
323 1
324 0
325 0
326 1
327 0
328 0
329 0
330 0
331 4
332 1
333 10
334 13
335 12
336 1
337 5
338 16
339 10
340 0
341 0
342 0
343 0
344 1
345 0
346 3
347 0
348 9
349 3
350 4
351 19
352 3
353 0
354 0
355 0
356 0
357 5
358 0
359 6
360 6
361 16
362 22
363 0
364 0
365 0
366 1
367 3
368 7
369 8
370 3
371 2
372 2
373 3
374 1
375 2
376 4
377 0
378 1
379 5
380 4
381 0
382 4
383 0
384 4
385 6
386 0
387 0
388 6
389 8
390 13
391 8
392 14
393 0
394 8
395 3
396 15
397 5
398 0
399 9
400 0
401 4
402 2
403 2
404 7
405 6
406 13
407 10
408 3
409 0
410 1
411 2
412 4
413 20
414 12
415 0
416 2
417 4
418 0
419 3
420 1
421 0
422 8
423 7
424 10
425 4
426 4
427 1
428 6
429 0
430 16
431 1
432 1
433 2
434 0
435 0
436 12
437 19
438 24
439 9
440 14
441 12
442 5
443 20
444 3
445 3
446 2
447 0
448 9
449 3
450 7
451 4
452 7
453 12
454 14
455 2
456 8
457 17
458 10
459 0
460 0
461 13
462 10
463 6
464 6
465 5
466 1
467 10
468 6
469 14
470 17
471 18
472 11
473 6
474 12
475 4
476 0
477 1
478 0
479 2
480 1
481 2
482 3
483 0
484 9
485 3
486 5
487 7
488 3
489 14
490 3
491 2
492 14
493 25
494 2
495 5
496 3
497 1
498 15
499 5
500 4
501 4
502 3
503 1
504 0
505 4
506 8
507 1
508 0
509 22
510 1
511 2
512 10
513 17
514 6
515 11
516 5
517 4
518 0
519 4
520 17
521 15
522 0
523 2
524 3
525 0
526 0
527 1
528 6
529 1
530 1
531 1
532 12
533 12
534 1
535 10
536 11
537 1
538 1
539 8
540 1
541 2
542 0
543 9
544 10
545 0
546 5
547 0
548 8
549 0
550 4
551 1
552 11
553 11
554 16
555 15
556 3
557 1
558 4
559 7
560 2
561 6
562 2
563 0
564 0
565 0
566 0
567 1
568 0
569 0
570 1
571 7
572 5
573 3
574 1
575 7
576 2
577 3
578 4
579 2
580 1
581 0
582 0
583 3
584 6
585 6
586 4
587 1
588 9
589 21
590 0
591 0
592 4
593 0
594 0
595 2
596 1
597 1
598 11
599 16
600 11
601 25
602 4
603 3
604 2
605 1
606 5
607 5
608 10
609 2
610 7
611 3
612 11
613 7
614 17
615 11
616 10
617 0
618 1
619 0
620 1
621 0
622 3
623 1
624 2
625 14
626 6
627 16
628 11
629 9
630 14
631 2
632 3
633 2
634 4
635 2
636 6
637 0
638 3
639 7
640 1
641 6
642 6
643 15
644 3
645 12
646 7
647 0
648 1
649 0
650 0
651 4
652 6
653 3
654 3
655 3
656 2
657 0
658 13
659 8
660 0
661 6
662 0
663 8
664 1
665 0
666 7
667 5
668 0
669 3
670 4
671 11
672 1
673 0
674 1
675 0
676 9
677 11
678 8
679 4
680 13
681 11
682 0
683 2
684 1
685 5
686 1
687 0
688 0
689 3
690 13
691 8
692 5
693 0
694 1
695 2
696 2
697 1
698 1
699 4
700 3
701 3
702 5
703 0
704 1
705 10
706 15
707 6
708 0
709 7
710 0
711 0
712 1
713 1
714 0
715 1
716 5
717 21
718 9
719 7
720 19
721 4
722 2
723 0
724 2
725 2
726 4
727 3
728 2
729 7
730 4
731 10
732 1
733 4
734 5
735 2
736 7
737 5
738 13
739 13
740 5
741 3
742 0
743 2
744 9
745 0
746 0
747 0
748 8
749 2
750 21
751 0
752 9
753 2
754 7
755 0
756 3
757 1
758 3
759 12
760 6
761 1
762 5
763 1
764 15
765 4
766 5
767 3
768 0
769 1
770 15
771 2
772 1
773 0
774 3
775 6
776 3
777 3
778 3
779 0
780 0
781 1
782 3
783 2
784 5
785 2
786 9
787 6
788 1
789 12
790 1
791 1
792 3
793 7
794 7
795 0
796 6
797 9
798 4
799 2
800 1
801 0
802 2
803 0
804 0
805 0
806 14
807 6
808 3
809 10
810 5
811 1
812 4
813 4
814 1
815 0
816 0
817 0
818 2
819 11
820 11
821 11
822 5
823 7
824 1
825 4
826 1
827 9
828 6
829 3
830 2
831 4
832 5
833 7
834 7
835 3
836 5
837 2
838 1
839 0
840 0
841 1
842 0
843 0
844 3
845 5
846 5
847 9
848 5
849 1
850 7
851 0
852 7
853 1
854 0
855 4
856 1
857 9
858 8
859 1
860 1
861 3
862 8
863 1
864 2
865 4
866 1
867 4
868 1
869 1
870 2
871 0
872 0
873 0
874 0
875 0
876 1
877 13
878 5
879 4
880 18
881 12
882 1
883 1
884 6
885 0
886 1
887 1
888 4
889 20
890 2
891 1
892 4
893 2
894 1
895 3
896 2
897 4
898 1
899 0
900 0
901 0
902 1
903 23
904 10
905 2
906 10
907 13
908 10
909 0
910 0
911 7
912 0
913 0
914 2
915 9
916 0
917 3
918 8
919 2
920 8
921 11
922 3
923 0
924 1
925 0
926 1
927 4
928 0
929 0
930 5
931 16
932 5
933 17
934 8
935 12
936 2
937 1
938 6
939 3
940 11
941 4
942 0
943 0
944 9
945 12
946 3
947 0
948 0
949 8
950 5
951 0
952 4
953 10
954 4
955 16
956 18
957 3
958 2
959 6
960 3
961 0
962 2
963 5
964 7
965 1
966 5
967 4
968 5
969 11
970 5
971 0
972 4
973 10
974 2
975 5
976 1
977 0
978 22
979 3
980 19
981 20
982 3
983 2
984 13
985 10
986 3
987 1
988 0
989 0
990 0
991 1
992 2
993 15
994 8
995 2
996 3
997 1
998 2
999 4
1000 2
1001 5
1002 9
1003 0
1004 0
1005 0
1006 0
1007 8
1008 15
1009 0
1010 2
1011 1
1012 0
1013 0
1014 0
1015 0
1016 4
1017 12
1018 1
1019 10
1020 8
1021 14
1022 9
1023 3
1024 5
1025 1
1026 6
1027 17
1028 3
1029 1
1030 1
1031 9
1032 0
1033 0
1034 2
1035 5
1036 2
1037 1
1038 14
1039 8
1040 12
1041 7
1042 0
1043 4
1044 1
1045 3
1046 6
1047 4
1048 6
1049 1
1050 1
1051 0
1052 0
1053 0
1054 0
1055 2
1056 3
1057 4
1058 7
1059 12
1060 12
1061 2
1062 0
1063 0
1064 0
1065 1
1066 0
1067 3
1068 1
1069 2
1070 3
1071 1
1072 11
1073 3
1074 8
1075 0
1076 1
1077 0
1078 5
1079 0
1080 9
1081 5
1082 2
1083 4
1084 3
1085 1
1086 0
1087 0
1088 0
1089 0
1090 9
1091 14
1092 11
1093 16
1094 7
1095 1
1096 2
1097 0
1098 3
1099 17
1100 0
1101 0
1102 1
1103 2
1104 0
1105 1
1106 16
1107 16
1108 3
1109 0
1110 32
1111 8
1112 1
1113 5
1114 10
1115 1
1116 0
1117 1
1118 1
1119 12
1120 11
1121 10
1122 1
1123 0
1124 2
1125 0
1126 3
1127 0
1128 4
1129 6
1130 0
1131 0
1132 0
1133 4
1134 2
1135 1
1136 0
1137 0
1138 0
1139 7
1140 35
1141 20
1142 8
1143 0
1144 1
1145 0
1146 2
1147 0
1148 0
1149 12
1150 20
1151 1
1152 2
1153 2
1154 5
1155 16
1156 10
1157 8
1158 1
1159 1
1160 2
1161 0
1162 4
1163 0
1164 0
1165 0
1166 3
1167 4
1168 11
1169 1
1170 11
1171 0
1172 0
1173 1
1174 0
1175 0
1176 7
1177 16
1178 2
1179 13
1180 1
1181 9
1182 6
1183 12
1184 4
1185 10
1186 6
1187 3
1188 0
1189 0
1190 0
1191 5
1192 5
1193 0
1194 1
1195 0
1196 1
1197 0
1198 4
1199 4
1200 2
1201 0
1202 0
1203 13
1204 1
1205 0
1206 2
1207 0
1208 3
1209 2
1210 9
1211 8
1212 20
1213 1
1214 5
1215 11
1216 5
1217 20
1218 10
1219 2
1220 6
1221 3
1222 1
1223 4
1224 4
1225 0
1226 3
1227 1
1228 4
1229 8
1230 3
1231 0
1232 2
1233 5
1234 6
1235 18
1236 3
1237 4
1238 6
1239 0
1240 2
1241 0
1242 0
1243 7
1244 0
1245 3
1246 2
1247 6
1248 15
1249 23
1250 1
1251 9
1252 15
1253 19
1254 32
1255 4
1256 4
1257 1
1258 9
1259 1
1260 3
1261 1
1262 3
1263 4
1264 10
1265 8
1266 5
1267 1
1268 0
1269 0
1270 0
1271 2
1272 4
1273 4
1274 27
1275 13
1276 1
1277 2
1278 1
1279 3
1280 0
1281 0
1282 0
1283 0
1284 0
1285 0
1286 7
1287 13
1288 4
1289 12
1290 10
1291 10
1292 5
1293 6
1294 85
1295 30
1296 3
1297 0
1298 3
1299 10
1300 1
1301 0
1302 2
1303 5
1304 16
1305 3
1306 2
1307 9
1308 7
1309 6
1310 1
1311 5
1312 0
1313 0
1314 0
1315 14
1316 12
1317 13
1318 16
1319 15
1320 14
1321 27
1322 15
1323 2
1324 1
1325 4
1326 0
1327 1
1328 0
1329 3
1330 1
1331 4
1332 17
1333 4
1334 1
1335 4
1336 3
1337 11
1338 8
1339 30
1340 38
1341 6
1342 2
1343 10
1344 12
1345 2
1346 1
1347 1
1348 1
1349 3
1350 15
1351 1
1352 0
1353 13
1354 1
1355 7
1356 6
1357 1
1358 2
1359 8
1360 1
1361 0
1362 0
1363 6
1364 21
1365 24
1366 4
1367 7
1368 7
1369 15
1370 11
1371 11
1372 0
1373 1
1374 0
1375 0
1376 0
1377 1
1378 4
1379 16
1380 17
1381 2
1382 2
1383 3
1384 7
1385 3
1386 10
1387 29
1388 8
1389 1
1390 10
1391 8
1392 2
1393 2
1394 1
1395 5
1396 5
1397 3
1398 0
1399 1
1400 10
1401 7
1402 5
1403 7
1404 6
1405 2
1406 3
1407 8
1408 8
1409 9
1410 7
1411 3
1412 3
1413 0
1414 1
1415 0
1416 7
1417 10
1418 6
1419 16
1420 7
1421 19
1422 4
1423 0
1424 1
1425 0
1426 1
1427 7
1428 22
1429 29
1430 18
1431 24
1432 17
1433 7
1434 8
1435 10
1436 7
1437 18
1438 0
1439 0
1440 4
1441 5
1442 28
1443 5
1444 5
1445 10
1446 15
1447 3
1448 4
1449 2
1450 2
1451 17
1452 3
1453 11
1454 6
1455 1
1456 4
1457 19
1458 0
1459 18
1460 5
1461 3
1462 1
1463 3
1464 0
1465 2
1466 5
1467 4
1468 1
1469 1
1470 0
1471 0
1472 1
1473 1
1474 0
1475 6
1476 28
1477 49
1478 19
1479 15
1480 19
1481 17
1482 3
1483 12
1484 9
1485 0
1486 2
1487 1
1488 8
1489 7
1490 31
1491 8
1492 4
1493 8
1494 9
1495 2
1496 14
1497 17
1498 2
1499 6
1500 11
1501 3
1502 4
1503 2
1504 7
1505 14
1506 1
1507 5
1508 13
1509 2
1510 5
1511 0
1512 1
1513 2
1514 18
1515 6
1516 3
1517 0
1518 0
1519 0
1520 0
1521 0
1522 0
1523 0
1524 8
1525 28
1526 18
1527 56
1528 41
1529 28
1530 9
1531 0
1532 4
1533 15
1534 1
1535 8
1536 5
1537 5
1538 10
1539 6
1540 0
1541 8
1542 2
1543 5
1544 31
1545 17
1546 19
1547 9
1548 3
1549 6
1550 13
1551 3
1552 3
1553 5
1554 2
1555 3
1556 17
1557 29
1558 3
1559 3
1560 6
1561 19
1562 12
1563 11
1564 0
1565 0
1566 5
1567 5
1568 15
1569 0
1570 0
1571 3
1572 41
1573 78
1574 27
1575 2
1576 27
1577 11
1578 8
1579 19
1580 22
1581 8
1582 10
1583 7
1584 5
1585 1
1586 0
1587 3
1588 14
1589 1
1590 27
1591 9
1592 6
1593 6
1594 6
1595 22
1596 14
1597 2
1598 0
1599 2
1600 19
1601 6
1602 19
1603 2
1604 1
1605 0
1606 1
1607 3
1608 0
1609 0
1610 0
1611 0
1612 6
1613 7
1614 4
1615 0
1616 9
1617 35
1618 27
1619 49
1620 21
1621 36
1622 29
1623 11
1624 8
1625 1
1626 22
1627 12
1628 5
1629 13
1630 7
1631 6
1632 8
1633 6
1634 11
1635 3
1636 3
1637 5
1638 6
1639 7
1640 12
1641 3
1642 0
1643 0
1644 1
1645 21
1646 38
1647 7
1648 13
1649 6
1650 4
1651 14
1652 34
1653 1
1654 5
1655 15
1656 16
1657 4
1658 7
1659 10
1660 5
1661 7
1662 7
1663 1
1664 6
1665 11
1666 8
1667 18
1668 16
1669 0
1670 2
1671 3
1672 0
1673 1
1674 0
1675 0
1676 0
1677 39
1678 26
1679 21
1680 22
1681 8
1682 12
1683 12
1684 7
1685 15
1686 9
1687 4
1688 5
1689 8
1690 3
1691 9
1692 2
1693 5
1694 9
1695 0
1696 3
1697 1
1698 2
1699 2
1700 1
1701 19
1702 2
1703 6
1704 0
1705 0
1706 1
1707 4
1708 0
1709 7
1710 36
1711 11
1712 6
1713 5
1714 5
1715 15
1716 11
1717 8
1718 2
1719 5
1720 0
1721 5
1722 1
1723 1
1724 2
1725 1
1726 5
1727 3
1728 13
1729 10
1730 0
1731 1
1732 0
1733 4
1734 2
1735 0
1736 3
1737 7
1738 14
1739 13
1740 7
1741 3
1742 11
1743 1
1744 5
1745 9
1746 4
1747 0
1748 1
1749 1
1750 3
1751 8
1752 12
1753 1
1754 0
1755 4
1756 2
1757 3
1758 5
1759 0
1760 0
1761 13
1762 3
1763 5
1764 6
1765 6
1766 4
1767 14
1768 7
1769 0
1770 1
1771 3
1772 6
1773 12
1774 5
1775 4
1776 5
1777 6
1778 11
1779 0
1780 1
1781 0
1782 7
1783 0
1784 1
1785 3
1786 0
1787 9
1788 4
1789 2
1790 6
1791 0
1792 9
1793 4
1794 0
1795 0
1796 2
1797 15
1798 14
1799 28
1800 23
1801 6
1802 8
1803 2
1804 5
1805 22
1806 21
1807 5
1808 5
1809 0
1810 7
1811 3
1812 2
1813 3
1814 2
1815 3
1816 1
1817 0
1818 3
1819 1
1820 6
1821 4
1822 3
1823 4
1824 16
1825 5
1826 1
1827 5
1828 7
1829 12
1830 0
1831 9
1832 2
1833 10
1834 1
1835 13
1836 5
1837 1
1838 4
1839 1
1840 3
1841 3
1842 1
1843 5
1844 17
1845 11
1846 3
1847 4
1848 10
1849 17
1850 2
1851 1
1852 2
1853 7
1854 3
1855 8
1856 5
1857 1
1858 13
1859 16
1860 4
1861 11
1862 11
1863 0
1864 4
1865 1
1866 4
1867 42
1868 10
1869 5
1870 1
1871 5
1872 19
1873 10
1874 3
1875 1
1876 1
1877 4
1878 5
1879 3
1880 0
1881 10
1882 15
1883 18
1884 10
1885 4
1886 1
1887 1
1888 0
1889 8
1890 9
1891 3
1892 6
1893 6
1894 27
1895 28
1896 11
1897 3
1898 2
1899 2
1900 12
1901 8
1902 1
1903 17
1904 5
1905 7
1906 6
1907 8
1908 4
1909 5
1910 5
1911 7
1912 15
1913 6
1914 1
1915 0
1916 1
1917 8
1918 4
1919 8
1920 3
1921 7
1922 1
1923 8
1924 7
1925 8
1926 1
1927 1
1928 1
1929 2
1930 4
1931 6
1932 2
1933 1
1934 3
1935 8
1936 10
1937 1
1938 1
1939 2
1940 9
1941 7
1942 21
1943 17
1944 2
1945 2
1946 3
1947 0
1948 3
1949 3
1950 3
1951 9
1952 5
1953 10
1954 5
1955 15
1956 2
1957 5
1958 8
1959 4
1960 3
1961 1
1962 0
1963 1
1964 17
1965 18
1966 1
1967 9
1968 16
1969 7
1970 3
1971 7
1972 15
1973 1
1974 4
1975 9
1976 4
1977 0
1978 0
1979 0
1980 8
1981 16
1982 7
1983 1
1984 2
1985 15
1986 6
1987 0
1988 1
1989 10
1990 5
1991 7
1992 5
1993 2
1994 6
1995 14
1996 22
1997 8
1998 3
1999 9
2000 9
2001 0
2002 1
2003 5
2004 14
2005 7
2006 3
2007 5
2008 3
2009 5
2010 6
2011 8
2012 1
2013 1
2014 9
2015 7
2016 13
2017 18
2018 1
2019 12
2020 4
2021 3
2022 2
2023 13
2024 20
2025 0
2026 4
2027 4
2028 4
2029 2
2030 8
2031 11
2032 7
2033 2
2034 8
2035 11
2036 16
2037 6
2038 5
2039 4
2040 2
2041 2
2042 3
2043 11
2044 2
2045 4
2046 4
2047 4
2048 13
2049 17
2050 11
2051 10
2052 1
2053 1
2054 7
2055 23
2056 3
2057 4
2058 4
2059 4
2060 4
2061 9
2062 7
2063 6
2064 1
2065 1
2066 11
2067 7
2068 0
2069 11
2070 3
2071 6
2072 13
2073 11
2074 6
2075 8
2076 13
2077 3
2078 0
2079 1
2080 8
2081 14
2082 10
2083 7
2084 5
2085 3
2086 9
2087 6
2088 9
2089 8
2090 6
2091 4
2092 3
2093 4
2094 6
2095 22
2096 6
2097 24
2098 12
2099 7
2100 3
2101 1
2102 0
2103 17
2104 16
2105 7
2106 0
2107 0
2108 2
2109 2
2110 12
2111 8
2112 12
2113 7
2114 5
2115 8
2116 4
2117 5
2118 15
2119 16
2120 2
2121 3
2122 0
2123 1
2124 13
2125 1
2126 8
2127 8
2128 12
2129 4
2130 5
2131 14
2132 16
2133 2
2134 0
2135 1
2136 0
2137 8
2138 17
2139 4
2140 1
2141 0
2142 0
2143 0
2144 11
2145 12
2146 4
2147 2
2148 17
2149 7
2150 18
2151 2
2152 11
2153 14
2154 10
2155 3
2156 0
2157 1
2158 0
2159 4
2160 14
2161 14
2162 0
2163 0
2164 2
2165 12
2166 6
2167 4
2168 2
2169 7
2170 2
2171 1
2172 9
2173 6
2174 0
2175 4
2176 0
2177 7
2178 1
2179 3
2180 1
2181 4
2182 2
2183 4
2184 1
2185 0
2186 0
2187 8
2188 4
2189 3
2190 9
2191 8
2192 3
2193 11
2194 1
2195 0
2196 0
2197 1
2198 1
2199 5
2200 3
2201 5
2202 7
2203 11
2204 2
2205 11
2206 10
2207 3
2208 0
2209 5
2210 4
2211 9
2212 18
2213 14
2214 2
2215 3
2216 0
2217 1
2218 0
2219 1
2220 6
2221 0
2222 0
2223 3
2224 7
2225 1
2226 1
2227 11
2228 9
2229 8
2230 10
2231 1
2232 4
2233 5
2234 0
2235 1
2236 0
2237 3
2238 1
2239 0
2240 0
2241 0
2242 0
2243 13
2244 6
2245 1
2246 2
2247 10
2248 18
2249 2
2250 14
2251 6
2252 1
2253 4
2254 14
2255 7
2256 9
2257 2
2258 0
2259 1
2260 10
2261 1
2262 0
2263 0
2264 0
2265 3
2266 17
2267 14
2268 11
2269 16
2270 17
2271 9
2272 0
2273 1
2274 19
2275 14
2276 7
2277 15
2278 4
2279 1
2280 0
2281 12
2282 17
2283 1
2284 0
2285 1
2286 9
2287 2
2288 3
2289 3
2290 14
2291 20
2292 1
2293 0
2294 15
2295 12
2296 3
2297 6
2298 4
2299 0
2300 6
2301 10
2302 5
2303 0
2304 3
2305 0
2306 2
2307 5
2308 14
2309 4
2310 5
2311 4
2312 3
2313 3
2314 7
2315 3
2316 17
2317 6
2318 0
2319 2
2320 13
2321 7
2322 6
2323 0
2324 0
2325 1
2326 15
2327 25
2328 4
2329 1
2330 1
2331 0
2332 2
2333 3
2334 23
2335 29
2336 3
2337 0
2338 3
2339 8
2340 6
2341 2
2342 0
2343 0
2344 5
2345 11
2346 5
2347 8
2348 1
2349 5
2350 6
2351 11
2352 9
2353 15
2354 8
2355 2
2356 6
2357 2
2358 0
2359 0
2360 0
2361 0
2362 0
2363 14
2364 13
2365 1
2366 11
2367 8
2368 2
2369 6
2370 10
2371 6
2372 5
2373 3
2374 0
2375 7
2376 11
2377 0
2378 0
2379 1
2380 2
2381 0
2382 13
2383 7
2384 4
2385 17
2386 4
2387 13
2388 22
2389 12
2390 8
2391 15
2392 2
2393 2
2394 14
2395 5
2396 1
2397 0
2398 12
2399 0
2400 1
2401 8
2402 29
2403 2
2404 4
2405 9
2406 13
2407 9
2408 5
2409 7
2410 4
2411 11
2412 7
2413 1
2414 0
2415 3
2416 0
2417 1
2418 0
2419 8
2420 15
2421 13
2422 27
2423 4
2424 6
2425 8
2426 11
2427 14
2428 18
2429 3
2430 0
2431 4
2432 10
2433 0
2434 1
2435 4
2436 5
2437 3
2438 18
2439 1
2440 6
2441 14
2442 14
2443 5
2444 7
2445 7
2446 1
2447 0
2448 0
2449 6
2450 0
2451 1
2452 1
2453 0
2454 5
2455 5
2456 8
2457 6
2458 1
2459 4
2460 1
2461 0
2462 0
2463 0
2464 4
2465 27
2466 4
2467 0
2468 1
2469 2
2470 4
2471 3
2472 3
2473 0
2474 0
2475 0
2476 0
2477 1
2478 6
2479 0
2480 2
2481 3
2482 1
2483 3
2484 4
2485 7
2486 3
2487 10
2488 1
2489 2
2490 0
2491 0
2492 0
2493 0
2494 3
2495 5
2496 2
2497 4
2498 0
2499 3
2500 2
2501 2
2502 2
2503 12
2504 0
2505 0
2506 0
2507 0
2508 0
2509 2
2510 1
2511 2
2512 1
2513 3
2514 0
2515 0
2516 0
2517 0
2518 0
2519 0
2520 1
2521 0
2522 1
2523 4
2524 0
2525 0
2526 6
2527 3
2528 0
2529 1
2530 1
2531 1
2532 0
2533 0
2534 10
2535 12
2536 1
2537 3
2538 5
2539 0
2540 0
2541 0
2542 15
2543 4
2544 5
2545 13
2546 1
2547 0
2548 3
2549 1
2550 1
2551 0
2552 4
2553 8
2554 3
2555 0
2556 0
2557 0
2558 2
2559 2
2560 7
2561 6
2562 1
2563 4
2564 1
2565 1
2566 2
2567 1
2568 1
2569 0
2570 1
2571 0
2572 0
2573 2
2574 0
2575 5
2576 0
2577 0
2578 0
2579 0
2580 0
2581 0
2582 0
2583 0
2584 0
2585 0
2586 0
2587 0
2588 0
2589 0
2590 0
2591 0
2592 0
2593 0
2594 0
2595 0
2596 0
2597 0
2598 0
