0 161
1 3
2 16
3 6
4 48
5 93
6 5
7 6
8 3
9 8
10 38
11 129
12 22
13 90
14 231
15 93
16 156
17 29
18 18
19 400
20 3
21 53
22 27
23 254
24 0
25 97
26 8
27 9
28 8
29 28
30 3
31 15
32 3
33 87
34 15
35 143
36 13
37 40
38 22
39 29
40 50
41 13
42 19
43 16
44 194
45 4
46 14
47 8
48 16
49 173
50 92
51 25
52 153
53 155
54 140
55 14
56 31
57 108
58 157
59 15
60 36
61 187
62 150
63 19
64 26
65 377
66 43
67 132
68 65
69 5
70 31
71 32
72 10
73 6
74 154
75 252
76 13
77 121
78 259
79 258
80 27
81 6
82 103
83 55
84 16
85 8
86 113
87 381
88 335
89 12
90 9
91 10
92 19
93 111
94 33
95 1
96 31
97 175
98 45
99 198
100 5
101 16
102 130
103 140
104 31
105 57
106 198
107 60
108 176
109 155
110 12
111 63
112 88
113 33
114 119
115 55
116 188
117 29
118 19
119 91
120 4
121 74
122 321
123 87
124 33
125 8
126 25
127 32
128 45
129 80
130 38
131 83
132 23
133 1
134 13
135 281
136 142
137 668
138 47
139 44
140 245
141 212
142 38
143 37
144 5
145 12
146 171
147 42
148 225
149 136
150 60
151 0
152 3
153 68
154 52
155 86
156 35
157 61
158 603
159 83
160 38
161 45
162 4
163 105
164 102
165 139
166 198
167 116
168 59
169 42
170 257
171 154
172 60
173 43
174 228
175 456
176 287
177 37
178 84
179 3
180 283
181 25
182 663
183 324
184 136
185 105
186 520
187 463
188 247
189 32
190 50
191 3
192 4
193 12
194 7
195 3
196 249
197 144
198 20
199 212
200 160
201 140
202 56
203 256
204 161
205 369
206 560
207 134
208 79
209 5
210 397
211 12
212 54
213 118
214 1
215 308
216 18
217 76
218 99
219 443
220 97
221 354
222 347
223 302
224 514
225 288
226 257
227 45
228 4
229 50
230 12
231 6
232 0
233 28
234 0
235 46
236 0
237 5
238 156
239 601
240 23
241 600
242 355
243 54
244 376
245 88
246 154
247 7
248 94
249 69
250 55
251 17
252 34
253 0
254 15
255 57
256 883
257 305
258 54
259 8
260 1
261 1
262 20
263 152
264 26
265 61
266 18
267 55
268 24
269 3
270 96
271 213
272 63
273 0
274 28
275 23
276 26
277 16
278 45
279 165
280 21
281 6
282 81
283 573
284 16
285 18
286 63
287 49
288 57
289 32
290 492
291 116
292 689
293 239
294 9
295 135
296 190
297 76
298 97
299 46
300 120
301 97
302 148
303 120
304 611
305 184
306 137
307 309
308 2
309 161
310 120
311 164
312 220
313 35
314 37
315 212
316 190
317 234
318 514
319 20
320 74
321 106
322 28
323 47
324 3
325 12
326 46
327 22
328 9
329 4
330 21
331 134
332 37
333 267
334 335
335 296
336 30
337 120
338 432
339 255
340 4
341 14
342 20
343 6
344 24
345 11
346 86
347 17
348 237
349 81
350 117
351 505
352 79
353 18
354 2
355 9
356 7
357 128
358 3
359 145
360 158
361 401
362 538
363 17
364 0
365 3
366 43
367 81
368 181
369 206
370 75
371 50
372 49
373 75
374 40
375 51
376 116
377 7
378 29
379 127
380 136
381 4
382 124
383 8
384 110
385 177
386 2
387 6
388 156
389 210
390 330
391 219
392 364
393 11
394 208
395 87
396 392
397 125
398 0
399 254
400 14
401 114
402 61
403 69
404 186
405 151
406 341
407 265
408 75
409 8
410 31
411 65
412 113
413 501
414 316
415 19
416 60
417 115
418 20
419 82
420 36
421 18
422 203
423 199
424 276
425 123
426 99
427 40
428 174
429 10
430 394
431 24
432 36
433 69
434 10
435 24
436 330
437 493
438 633
439 234
440 371
441 310
442 141
443 510
444 86
445 80
446 57
447 15
448 246
449 92
450 195
451 110
452 185
453 330
454 359
455 55
456 216
457 452
458 288
459 2
460 14
461 334
462 256
463 151
464 159
465 126
466 26
467 258
468 160
469 349
470 431
471 451
472 289
473 164
474 318
475 108
476 23
477 41
478 15
479 56
480 37
481 66
482 85
483 18
484 245
485 78
486 139
487 199
488 81
489 358
490 101
491 70
492 364
493 670
494 63
495 150
496 82
497 42
498 379
499 125
500 122
501 112
502 91
503 41
504 16
505 128
506 197
507 29
508 23
509 558
510 47
511 76
512 256
513 439
514 164
515 275
516 140
517 99
518 7
519 100
520 459
521 379
522 15
523 72
524 87
525 11
526 8
527 40
528 152
529 42
530 27
531 47
532 330
533 304
534 34
535 259
536 277
537 44
538 43
539 210
540 35
541 69
542 30
543 254
544 260
545 15
546 143
547 0
548 200
549 11
550 101
551 27
552 279
553 279
554 410
555 366
556 68
557 41
558 101
559 196
560 55
561 151
562 58
563 8
564 6
565 5
566 0
567 50
568 24
569 8
570 44
571 194
572 120
573 76
574 29
575 206
576 62
577 100
578 114
579 72
580 27
581 9
582 19
583 98
584 169
585 151
586 123
587 43
588 250
589 523
590 16
591 11
592 114
593 14
594 19
595 50
596 43
597 28
598 291
599 412
600 267
601 597
602 126
603 99
604 66
605 43
606 141
607 141
608 257
609 75
610 185
611 96
612 293
613 187
614 440
615 306
616 280
617 6
618 27
619 15
620 42
621 7
622 94
623 46
624 56
625 361
626 172
627 459
628 284
629 224
630 369
631 50
632 94
633 70
634 111
635 65
636 170
637 11
638 86
639 189
640 27
641 174
642 148
643 410
644 84
645 314
646 174
647 22
648 23
649 3
650 0
651 114
652 157
653 79
654 76
655 96
656 63
657 26
658 319
659 225
660 22
661 146
662 20
663 215
664 42
665 21
666 184
667 143
668 12
669 75
670 131
671 303
672 36
673 20
674 45
675 12
676 222
677 293
678 207
679 128
680 333
681 289
682 15
683 72
684 44
685 126
686 32
687 5
688 7
689 82
690 332
691 207
692 129
693 5
694 37
695 48
696 51
697 33
698 28
699 125
700 70
701 86
702 149
703 14
704 39
705 259
706 379
707 161
708 13
709 181
710 12
711 2
712 29
713 25
714 0
715 26
716 131
717 519
718 240
719 204
720 483
721 107
722 60
723 5
724 80
725 51
726 114
727 78
728 73
729 188
730 108
731 251
732 39
733 105
734 137
735 55
736 174
737 126
738 322
739 338
740 128
741 81
742 7
743 59
744 244
745 9
746 4
747 2
748 206
749 84
750 551
751 21
752 248
753 65
754 192
755 17
756 93
757 46
758 82
759 309
760 147
761 50
762 137
763 49
764 399
765 121
766 121
767 110
768 6
769 60
770 393
771 57
772 26
773 0
774 93
775 153
776 90
777 93
778 89
779 12
780 3
781 30
782 94
783 46
784 132
785 65
786 230
787 152
788 33
789 314
790 41
791 45
792 82
793 195
794 170
795 0
796 176
797 231
798 113
799 59
800 33
801 1
802 62
803 5
804 14
805 10
806 377
807 149
808 91
809 255
810 146
811 37
812 114
813 122
814 32
815 12
816 0
817 0
818 65
819 277
820 288
821 301
822 122
823 174
824 36
825 118
826 51
827 234
828 144
829 79
830 67
831 109
832 149
833 188
834 190
835 77
836 129
837 57
838 50
839 19
840 4
841 27
842 20
843 0
844 74
845 135
846 137
847 228
848 147
849 39
850 198
851 6
852 176
853 36
854 16
855 120
856 44
857 235
858 212
859 36
860 38
861 95
862 195
863 55
864 78
865 123
866 35
867 110
868 29
869 28
870 54
871 18
872 5
873 21
874 0
875 3
876 30
877 348
878 133
879 107
880 459
881 295
882 45
883 35
884 162
885 19
886 34
887 28
888 99
889 519
890 49
891 47
892 119
893 52
894 46
895 93
896 57
897 115
898 39
899 22
900 0
901 5
902 40
903 582
904 266
905 52
906 258
907 334
908 263
909 11
910 25
911 189
912 8
913 11
914 73
915 229
916 14
917 85
918 221
919 61
920 210
921 273
922 91
923 19
924 48
925 13
926 41
927 101
928 0
929 10
930 137
931 434
932 144
933 443
934 196
935 317
936 54
937 35
938 180
939 73
940 281
941 110
942 1
943 22
944 236
945 307
946 97
947 8
948 3
949 206
950 142
951 13
952 111
953 252
954 113
955 445
956 478
957 98
958 59
959 158
960 88
961 13
962 53
963 157
964 180
965 43
966 133
967 107
968 125
969 314
970 127
971 7
972 107
973 253
974 83
975 138
976 28
977 16
978 571
979 84
980 488
981 515
982 99
983 50
984 320
985 271
986 74
987 24
988 0
989 5
990 15
991 47
992 63
993 379
994 207
995 57
996 111
997 32
998 58
999 112
1000 51
1001 136
1002 238
1003 3
1004 0
1005 4
1006 3
1007 218
1008 392
1009 2
1010 62
1011 31
1012 19
1013 0
1014 0
1015 7
1016 102
1017 291
1018 30
1019 244
1020 216
1021 357
1022 226
1023 88
1024 128
1025 44
1026 167
1027 430
1028 86
1029 32
1030 33
1031 226
1032 9
1033 18
1034 67
1035 132
1036 67
1037 35
1038 352
1039 210
1040 308
1041 181
1042 13
1043 107
1044 45
1045 79
1046 155
1047 117
1048 152
1049 25
1050 29
1051 3
1052 6
1053 7
1054 17
1055 56
1056 79
1057 124
1058 194
1059 314
1060 309
1061 72
1062 0
1063 19
1064 0
1065 25
1066 18
1067 85
1068 27
1069 76
1070 71
1071 40
1072 282
1073 104
1074 220
1075 24
1076 34
1077 3
1078 134
1079 21
1080 235
1081 146
1082 55
1083 106
1084 90
1085 36
1086 4
1087 20
1088 5
1089 9
1090 228
1091 371
1092 286
1093 394
1094 195
1095 29
1096 70
1097 26
1098 82
1099 430
1100 12
1101 31
1102 33
1103 70
1104 21
1105 39
1106 418
1107 411
1108 79
1109 5
1110 822
1111 217
1112 25
1113 149
1114 270
1115 26
1116 6
1117 39
1118 39
1119 298
1120 278
1121 249
1122 34
1123 14
1124 68
1125 12
1126 79
1127 3
1128 105
1129 163
1130 9
1131 6
1132 2
1133 124
1134 76
1135 45
1136 0
1137 0
1138 3
1139 196
1140 856
1141 508
1142 193
1143 7
1144 26
1145 2
1146 52
1147 0
1148 15
1149 313
1150 485
1151 43
1152 52
1153 72
1154 125
1155 420
1156 266
1157 198
1158 50
1159 25
1160 58
1161 21
1162 104
1163 1
1164 10
1165 3
1166 84
1167 122
1168 290
1169 45
1170 291
1171 5
1172 4
1173 48
1174 13
1175 19
1176 192
1177 423
1178 59
1179 337
1180 33
1181 228
1182 164
1183 315
1184 121
1185 253
1186 146
1187 105
1188 19
1189 6
1190 5
1191 136
1192 129
1193 8
1194 34
1195 12
1196 37
1197 11
1198 115
1199 115
1200 64
1201 10
1202 4
1203 342
1204 27
1205 15
1206 57
1207 11
1208 91
1209 56
1210 237
1211 213
1212 501
1213 36
1214 130
1215 281
1216 122
1217 504
1218 252
1219 50
1220 167
1221 91
1222 40
1223 123
1224 106
1225 33
1226 81
1227 24
1228 120
1229 227
1230 82
1231 12
1232 64
1233 128
1234 154
1235 447
1236 90
1237 106
1238 164
1239 6
1240 63
1241 2
1242 18
1243 179
1244 6
1245 88
1246 55
1247 170
1248 374
1249 569
1250 36
1251 241
1252 387
1253 508
1254 821
1255 117
1256 99
1257 34
1258 241
1259 26
1260 90
1261 31
1262 92
1263 106
1264 278
1265 207
1266 130
1267 40
1268 12
1269 12
1270 21
1271 59
1272 108
1273 107
1274 707
1275 320
1276 27
1277 61
1278 68
1279 85
1280 9
1281 13
1282 9
1283 7
1284 4
1285 3
1286 180
1287 364
1288 112
1289 294
1290 265
1291 271
1292 136
1293 154
1294 2101
1295 741
1296 82
1297 21
1298 94
1299 250
1300 42
1301 3
1302 63
1303 133
1304 389
1305 85
1306 51
1307 237
1308 177
1309 162
1310 36
1311 130
1312 4
1313 4
1314 6
1315 345
1316 305
1317 322
1318 411
1319 368
1320 365
1321 673
1322 381
1323 56
1324 46
1325 104
1326 24
1327 43
1328 2
1329 83
1330 41
1331 104
1332 429
1333 114
1334 33
1335 100
1336 87
1337 281
1338 209
1339 740
1340 969
1341 155
1342 63
1343 247
1344 308
1345 64
1346 49
1347 38
1348 25
1349 76
1350 381
1351 33
1352 16
1353 351
1354 43
1355 184
1356 175
1357 50
1358 57
1359 198
1360 30
1361 4
1362 5
1363 147
1364 521
1365 616
1366 124
1367 177
1368 169
1369 410
1370 295
1371 282
1372 3
1373 40
1374 5
1375 5
1376 20
1377 34
1378 96
1379 399
1380 434
1381 57
1382 69
1383 82
1384 184
1385 93
1386 267
1387 743
1388 225
1389 36
1390 255
1391 213
1392 51
1393 60
1394 32
1395 127
1396 123
1397 92
1398 1
1399 38
1400 274
1401 179
1402 141
1403 184
1404 155
1405 67
1406 74
1407 214
1408 203
1409 234
1410 200
1411 84
1412 71
1413 0
1414 42
1415 24
1416 175
1417 258
1418 169
1419 420
1420 192
1421 499
1422 129
1423 10
1424 50
1425 11
1426 44
1427 191
1428 544
1429 756
1430 449
1431 622
1432 443
1433 184
1434 220
1435 276
1436 197
1437 448
1438 11
1439 3
1440 127
1441 120
1442 694
1443 122
1444 128
1445 273
1446 382
1447 88
1448 117
1449 65
1450 55
1451 451
1452 86
1453 275
1454 166
1455 25
1456 121
1457 468
1458 15
1459 465
1460 145
1461 77
1462 45
1463 89
1464 5
1465 77
1466 131
1467 118
1468 35
1469 35
1470 13
1471 0
1472 24
1473 29
1474 26
1475 150
1476 682
1477 1240
1478 486
1479 393
1480 512
1481 434
1482 87
1483 310
1484 225
1485 4
1486 68
1487 27
1488 212
1489 180
1490 807
1491 202
1492 103
1493 210
1494 226
1495 61
1496 373
1497 454
1498 62
1499 157
1500 277
1501 80
1502 122
1503 50
1504 207
1505 361
1506 55
1507 122
1508 325
1509 72
1510 123
1511 19
1512 28
1513 68
1514 482
1515 161
1516 93
1517 16
1518 1
1519 0
1520 6
1521 16
1522 25
1523 20
1524 196
1525 700
1526 497
1527 1401
1528 1039
1529 688
1530 249
1531 12
1532 115
1533 392
1534 34
1535 222
1536 137
1537 134
1538 248
1539 161
1540 15
1541 204
1542 49
1543 137
1544 768
1545 436
1546 506
1547 234
1548 76
1549 178
1550 344
1551 89
1552 81
1553 147
1554 77
1555 91
1556 426
1557 771
1558 84
1559 90
1560 158
1561 492
1562 317
1563 279
1564 8
1565 23
1566 135
1567 136
1568 370
1569 8
1570 16
1571 75
1572 1020
1573 2010
1574 687
1575 71
1576 666
1577 307
1578 213
1579 465
1580 559
1581 201
1582 255
1583 206
1584 136
1585 38
1586 8
1587 111
1588 343
1589 41
1590 684
1591 236
1592 168
1593 163
1594 179
1595 552
1596 380
1597 55
1598 21
1599 57
1600 493
1601 170
1602 502
1603 62
1604 45
1605 4
1606 24
1607 78
1608 2
1609 5
1610 9
1611 3
1612 154
1613 187
1614 102
1615 19
1616 241
1617 867
1618 683
1619 1234
1620 553
1621 890
1622 745
1623 281
1624 193
1625 34
1626 584
1627 307
1628 142
1629 328
1630 200
1631 162
1632 206
1633 165
1634 272
1635 93
1636 88
1637 143
1638 157
1639 181
1640 311
1641 75
1642 8
1643 21
1644 29
1645 560
1646 978
1647 187
1648 350
1649 159
1650 99
1651 351
1652 857
1653 34
1654 130
1655 381
1656 396
1657 111
1658 169
1659 263
1660 133
1661 179
1662 176
1663 49
1664 189
1665 282
1666 199
1667 453
1668 399
1669 10
1670 93
1671 99
1672 3
1673 25
1674 7
1675 14
1676 12
1677 986
1678 658
1679 527
1680 581
1681 207
1682 313
1683 315
1684 176
1685 388
1686 244
1687 100
1688 150
1689 218
1690 93
1691 229
1692 58
1693 142
1694 222
1695 21
1696 105
1697 27
1698 51
1699 67
1700 32
1701 484
1702 55
1703 154
1704 2
1705 7
1706 39
1707 122
1708 9
1709 175
1710 914
1711 284
1712 177
1713 138
1714 141
1715 396
1716 270
1717 203
1718 64
1719 118
1720 20
1721 144
1722 38
1723 32
1724 60
1725 43
1726 134
1727 94
1728 326
1729 279
1730 21
1731 40
1732 15
1733 118
1734 57
1735 12
1736 88
1737 197
1738 362
1739 335
1740 230
1741 78
1742 284
1743 35
1744 144
1745 235
1746 110
1747 8
1748 25
1749 46
1750 82
1751 216
1752 318
1753 34
1754 19
1755 104
1756 63
1757 79
1758 125
1759 9
1760 8
1761 333
1762 96
1763 155
1764 157
1765 161
1766 99
1767 348
1768 188
1769 7
1770 37
1771 91
1772 172
1773 313
1774 147
1775 113
1776 119
1777 164
1778 305
1779 8
1780 52
1781 2
1782 175
1783 16
1784 61
1785 90
1786 14
1787 214
1788 115
1789 53
1790 158
1791 10
1792 229
1793 104
1794 22
1795 1
1796 50
1797 387
1798 360
1799 703
1800 581
1801 169
1802 206
1803 60
1804 125
1805 557
1806 539
1807 127
1808 154
1809 7
1810 190
1811 95
1812 70
1813 75
1814 60
1815 74
1816 47
1817 11
1818 88
1819 27
1820 168
1821 115
1822 85
1823 109
1824 409
1825 133
1826 41
1827 133
1828 183
1829 314
1830 24
1831 248
1832 68
1833 248
1834 47
1835 322
1836 133
1837 31
1838 121
1839 56
1840 96
1841 89
1842 38
1843 130
1844 409
1845 295
1846 94
1847 116
1848 261
1849 444
1850 56
1851 34
1852 52
1853 185
1854 75
1855 213
1856 127
1857 49
1858 341
1859 414
1860 111
1861 279
1862 271
1863 15
1864 118
1865 43
1866 128
1867 1068
1868 246
1869 130
1870 36
1871 146
1872 485
1873 251
1874 80
1875 32
1876 37
1877 112
1878 136
1879 95
1880 12
1881 252
1882 405
1883 497
1884 270
1885 111
1886 44
1887 46
1888 9
1889 220
1890 242
1891 78
1892 153
1893 167
1894 683
1895 704
1896 301
1897 76
1898 65
1899 60
1900 310
1901 201
1902 39
1903 436
1904 144
1905 205
1906 151
1907 212
1908 118
1909 131
1910 132
1911 194
1912 359
1913 176
1914 39
1915 16
1916 26
1917 223
1918 99
1919 234
1920 94
1921 180
1922 43
1923 199
1924 181
1925 208
1926 37
1927 38
1928 43
1929 52
1930 104
1931 182
1932 66
1933 27
1934 80
1935 205
1936 260
1937 35
1938 28
1939 62
1940 238
1941 205
1942 507
1943 422
1944 67
1945 76
1946 91
1947 14
1948 100
1949 82
1950 76
1951 251
1952 150
1953 259
1954 134
1955 384
1956 59
1957 137
1958 197
1959 120
1960 80
1961 28
1962 5
1963 42
1964 424
1965 450
1966 45
1967 240
1968 407
1969 187
1970 97
1971 176
1972 372
1973 48
1974 102
1975 232
1976 93
1977 1
1978 22
1979 18
1980 218
1981 405
1982 167
1983 40
1984 79
1985 370
1986 166
1987 19
1988 29
1989 262
1990 135
1991 178
1992 142
1993 68
1994 163
1995 371
1996 578
1997 207
1998 105
1999 238
2000 236
2001 10
2002 42
2003 123
2004 353
2005 179
2006 92
2007 142
2008 98
2009 152
2010 168
2011 209
2012 44
2013 40
2014 238
2015 191
2016 364
2017 452
2018 39
2019 326
2020 111
2021 98
2022 73
2023 344
2024 507
2025 15
2026 119
2027 117
2028 117
2029 63
2030 210
2031 294
2032 195
2033 68
2034 195
2035 285
2036 416
2037 149
2038 126
2039 104
2040 66
2041 53
2042 84
2043 295
2044 64
2045 131
2046 116
2047 117
2048 354
2049 421
2050 265
2051 274
2052 26
2053 32
2054 186
2055 581
2056 84
2057 114
2058 116
2059 125
2060 124
2061 253
2062 176
2063 151
2064 42
2065 30
2066 270
2067 194
2068 11
2069 287
2070 78
2071 150
2072 343
2073 286
2074 144
2075 217
2076 315
2077 80
2078 6
2079 41
2080 203
2081 386
2082 260
2083 199
2084 122
2085 94
2086 233
2087 162
2088 257
2089 209
2090 149
2091 106
2092 88
2093 97
2094 169
2095 564
2096 158
2097 614
2098 311
2099 168
2100 79
2101 43
2102 10
2103 440
2104 400
2105 178
2106 5
2107 9
2108 62
2109 54
2110 306
2111 205
2112 321
2113 179
2114 117
2115 212
2116 136
2117 120
2118 375
2119 390
2120 73
2121 80
2122 27
2123 30
2124 333
2125 40
2126 210
2127 217
2128 313
2129 101
2130 144
2131 355
2132 428
2133 51
2134 2
2135 40
2136 12
2137 214
2138 449
2139 109
2140 39
2141 6
2142 7
2143 10
2144 287
2145 309
2146 122
2147 61
2148 422
2149 190
2150 469
2151 62
2152 284
2153 357
2154 279
2155 89
2156 20
2157 32
2158 21
2159 136
2160 382
2161 375
2162 2
2163 14
2164 73
2165 289
2166 154
2167 116
2168 70
2169 185
2170 67
2171 29
2172 237
2173 152
2174 9
2175 97
2176 8
2177 176
2178 34
2179 79
2180 40
2181 103
2182 75
2183 132
2184 44
2185 0
2186 4
2187 212
2188 100
2189 81
2190 248
2191 197
2192 80
2193 283
2194 47
2195 15
2196 5
2197 44
2198 23
2199 137
2200 83
2201 150
2202 200
2203 284
2204 52
2205 288
2206 284
2207 76
2208 12
2209 132
2210 113
2211 236
2212 443
2213 367
2214 62
2215 87
2216 16
2217 32
2218 19
2219 38
2220 158
2221 6
2222 8
2223 80
2224 198
2225 42
2226 31
2227 296
2228 241
2229 217
2230 262
2231 28
2232 94
2233 141
2234 7
2235 37
2236 15
2237 99
2238 36
2239 6
2240 1
2241 24
2242 13
2243 329
2244 160
2245 31
2246 60
2247 261
2248 454
2249 66
2250 340
2251 165
2252 48
2253 121
2254 374
2255 175
2256 240
2257 64
2258 12
2259 42
2260 257
2261 44
2262 21
2263 9
2264 9
2265 92
2266 457
2267 336
2268 299
2269 419
2270 415
2271 238
2272 10
2273 47
2274 500
2275 361
2276 175
2277 388
2278 105
2279 29
2280 21
2281 313
2282 417
2283 48
2284 0
2285 37
2286 232
2287 54
2288 81
2289 85
2290 358
2291 509
2292 45
2293 9
2294 386
2295 327
2296 83
2297 171
2298 104
2299 13
2300 165
2301 269
2302 132
2303 6
2304 76
2305 19
2306 52
2307 129
2308 383
2309 129
2310 118
2311 123
2312 88
2313 83
2314 175
2315 96
2316 445
2317 150
2318 3
2319 55
2320 324
2321 201
2322 163
2323 0
2324 3
2325 44
2326 388
2327 627
2328 115
2329 27
2330 41
2331 16
2332 78
2333 78
2334 582
2335 741
2336 87
2337 19
2338 87
2339 201
2340 170
2341 52
2342 0
2343 0
2344 133
2345 266
2346 138
2347 217
2348 33
2349 128
2350 179
2351 278
2352 253
2353 403
2354 214
2355 54
2356 169
2357 63
2358 23
2359 0
2360 7
2361 4
2362 8
2363 374
2364 335
2365 44
2366 277
2367 210
2368 59
2369 147
2370 256
2371 174
2372 141
2373 89
2374 10
2375 186
2376 272
2377 7
2378 4
2379 36
2380 58
2381 15
2382 349
2383 183
2384 126
2385 454
2386 125
2387 330
2388 555
2389 328
2390 206
2391 391
2392 54
2393 48
2394 358
2395 127
2396 43
2397 10
2398 304
2399 10
2400 32
2401 196
2402 749
2403 58
2404 97
2405 264
2406 335
2407 248
2408 129
2409 183
2410 125
2411 277
2412 192
2413 41
2414 2
2415 79
2416 24
2417 52
2418 13
2419 214
2420 369
2421 321
2422 688
2423 100
2424 181
2425 217
2426 286
2427 360
2428 444
2429 87
2430 5
2431 100
2432 245
2433 2
2434 42
2435 116
2436 131
2437 73
2438 446
2439 49
2440 169
2441 358
2442 359
2443 155
2444 173
2445 181
2446 29
2447 3
2448 3
2449 167
2450 16
2451 49
2452 27
2453 16
2454 133
2455 130
2456 192
2457 170
2458 31
2459 118
2460 24
2461 14
2462 1
2463 16
2464 110
2465 681
2466 98
2467 3
2468 45
2469 56
2470 116
2471 76
2472 73
2473 19
2474 7
2475 7
2476 0
2477 35
2478 170
2479 14
2480 53
2481 81
2482 28
2483 77
2484 119
2485 174
2486 77
2487 251
2488 44
2489 61
2490 11
2491 5
2492 2
2493 6
2494 74
2495 150
2496 55
2497 102
2498 22
2499 111
2500 60
2501 48
2502 67
2503 322
2504 15
2505 3
2506 22
2507 6
2508 8
2509 59
2510 34
2511 46
2512 46
2513 89
2514 0
2515 1
2516 27
2517 2
2518 0
2519 8
2520 41
2521 23
2522 36
2523 110
2524 5
2525 3
2526 165
2527 78
2528 0
2529 33
2530 51
2531 26
2532 10
2533 6
2534 256
2535 324
2536 44
2537 88
2538 129
2539 24
2540 2
2541 24
2542 366
2543 100
2544 127
2545 326
2546 29
2547 13
2548 89
2549 43
2550 27
2551 14
2552 109
2553 195
2554 78
2555 1
2556 0
2557 21
2558 59
2559 53
2560 172
2561 148
2562 41
2563 110
2564 33
2565 31
2566 68
2567 33
2568 30
2569 13
2570 34
2571 22
2572 0
2573 56
2574 4
2575 140
2576 9
2577 10
2578 11
2579 7
2580 0
2581 0
2582 0
2583 0
2584 0
2585 0
2586 0
2587 0
2588 0
2589 0
2590 0
2591 0
2592 0
2593 0
2594 0
2595 0
2596 0
2597 0
2598 2
