0 234
1 0
2 15
3 0
4 61
5 96
6 7
7 3
8 0
9 12
10 56
11 179
12 26
13 96
14 328
15 112
16 176
17 41
18 19
19 481
20 8
21 94
22 46
23 315
24 0
25 99
26 0
27 19
28 9
29 27
30 2
31 18
32 0
33 108
34 18
35 175
36 0
37 48
38 26
39 30
40 53
41 11
42 26
43 23
44 235
45 8
46 12
47 0
48 25
49 171
50 107
51 45
52 178
53 200
54 204
55 26
56 32
57 124
58 160
59 18
60 38
61 246
62 173
63 30
64 34
65 403
66 69
67 158
68 73
69 7
70 29
71 19
72 7
73 1
74 181
75 343
76 0
77 155
78 315
79 315
80 28
81 8
82 0
83 66
84 25
85 8
86 120
87 432
88 0
89 4
90 0
91 7
92 23
93 0
94 43
95 0
96 42
97 207
98 63
99 241
100 6
101 14
102 172
103 158
104 27
105 91
106 250
107 62
108 242
109 225
110 14
111 75
112 109
113 30
114 136
115 80
116 220
117 40
118 27
119 89
120 0
121 84
122 395
123 124
124 39
125 15
126 22
127 52
128 0
129 0
130 46
131 102
132 31
133 0
134 13
135 323
136 167
137 733
138 62
139 54
140 291
141 253
142 41
143 28
144 3
145 14
146 216
147 51
148 264
149 161
150 73
151 0
152 0
153 79
154 63
155 89
156 49
157 59
158 719
159 99
160 41
161 50
162 0
163 123
164 114
165 163
166 233
167 149
168 70
169 41
170 305
171 207
172 61
173 55
174 296
175 554
176 330
177 44
178 88
179 0
180 341
181 26
182 796
183 416
184 156
185 136
186 652
187 573
188 293
189 38
190 48
191 1
192 4
193 0
194 12
195 2
196 314
197 189
198 29
199 242
200 191
201 179
202 69
203 281
204 202
205 433
206 644
207 182
208 89
209 0
210 514
211 13
212 56
213 165
214 0
215 425
216 14
217 100
218 129
219 574
220 118
221 397
222 461
223 361
224 687
225 351
226 324
227 66
228 0
229 62
230 19
231 0
232 0
233 50
234 0
235 65
236 0
237 7
238 181
239 799
240 27
241 707
242 466
243 61
244 464
245 92
246 188
247 0
248 0
249 83
250 88
251 18
252 33
253 0
254 0
255 93
256 1089
257 340
258 71
259 5
260 0
261 4
262 19
263 161
264 0
265 81
266 23
267 0
268 29
269 0
270 106
271 266
272 67
273 0
274 34
275 37
276 37
277 23
278 67
279 212
280 22
281 0
282 104
283 673
284 19
285 16
286 75
287 49
288 68
289 38
290 587
291 128
292 893
293 0
294 18
295 155
296 237
297 100
298 110
299 64
300 140
301 119
302 190
303 146
304 737
305 234
306 146
307 335
308 0
309 206
310 156
311 192
312 254
313 58
314 46
315 247
316 233
317 262
318 621
319 25
320 0
321 128
322 35
323 42
324 5
325 24
326 52
327 32
328 0
329 0
330 27
331 170
332 53
333 312
334 363
335 379
336 54
337 160
338 545
339 320
340 0
341 18
342 19
343 5
344 28
345 21
346 116
347 0
348 292
349 87
350 133
351 588
352 94
353 26
354 0
355 8
356 13
357 157
358 5
359 191
360 170
361 507
362 691
363 26
364 0
365 0
366 58
367 113
368 200
369 225
370 100
371 73
372 57
373 82
374 59
375 59
376 124
377 4
378 32
379 162
380 153
381 0
382 169
383 11
384 120
385 261
386 1
387 0
388 212
389 291
390 406
391 262
392 436
393 4
394 249
395 114
396 451
397 163
398 0
399 292
400 11
401 138
402 73
403 94
404 245
405 0
406 439
407 331
408 92
409 7
410 42
411 69
412 163
413 0
414 358
415 29
416 69
417 133
418 26
419 110
420 54
421 21
422 264
423 247
424 353
425 146
426 119
427 47
428 202
429 12
430 458
431 33
432 49
433 82
434 5
435 31
436 0
437 548
438 798
439 0
440 507
441 379
442 173
443 583
444 89
445 78
446 73
447 25
448 322
449 123
450 214
451 117
452 224
453 387
454 412
455 65
456 276
457 577
458 0
459 0
460 17
461 407
462 299
463 203
464 189
465 151
466 26
467 304
468 171
469 447
470 556
471 550
472 360
473 213
474 334
475 145
476 31
477 49
478 16
479 83
480 60
481 84
482 121
483 32
484 306
485 0
486 165
487 252
488 101
489 476
490 146
491 72
492 443
493 758
494 77
495 185
496 99
497 45
498 475
499 162
500 121
501 166
502 98
503 47
504 19
505 162
506 262
507 52
508 32
509 693
510 75
511 86
512 0
513 545
514 211
515 337
516 150
517 115
518 0
519 104
520 590
521 467
522 9
523 88
524 108
525 14
526 0
527 44
528 164
529 52
530 34
531 49
532 370
533 345
534 36
535 349
536 0
537 52
538 50
539 257
540 26
541 96
542 36
543 288
544 322
545 24
546 176
547 0
548 254
549 15
550 131
551 34
552 326
553 345
554 494
555 448
556 72
557 47
558 120
559 249
560 84
561 191
562 72
563 14
564 0
565 5
566 0
567 70
568 26
569 0
570 48
571 226
572 132
573 110
574 22
575 252
576 62
577 129
578 151
579 84
580 30
581 9
582 14
583 112
584 226
585 166
586 150
587 53
588 281
589 651
590 16
591 10
592 142
593 0
594 24
595 73
596 67
597 42
598 350
599 500
600 333
601 728
602 161
603 116
604 87
605 60
606 179
607 189
608 353
609 0
610 246
611 127
612 352
613 217
614 547
615 330
616 335
617 8
618 31
619 0
620 0
621 0
622 101
623 57
624 57
625 441
626 208
627 521
628 0
629 296
630 511
631 56
632 103
633 79
634 132
635 75
636 227
637 10
638 97
639 228
640 0
641 195
642 195
643 465
644 84
645 417
646 212
647 30
648 23
649 4
650 0
651 130
652 191
653 98
654 105
655 105
656 77
657 23
658 351
659 255
660 26
661 176
662 20
663 273
664 62
665 21
666 222
667 163
668 9
669 101
670 168
671 361
672 43
673 32
674 64
675 23
676 277
677 378
678 275
679 163
680 410
681 339
682 18
683 75
684 41
685 164
686 36
687 0
688 7
689 94
690 395
691 250
692 160
693 0
694 39
695 53
696 58
697 38
698 36
699 128
700 78
701 92
702 164
703 21
704 53
705 360
706 437
707 203
708 24
709 201
710 11
711 0
712 35
713 35
714 0
715 31
716 153
717 647
718 300
719 0
720 614
721 145
722 54
723 0
724 100
725 67
726 143
727 74
728 96
729 229
730 0
731 287
732 51
733 144
734 0
735 54
736 210
737 166
738 399
739 422
740 164
741 117
742 9
743 76
744 307
745 7
746 4
747 3
748 289
749 89
750 650
751 34
752 329
753 79
754 234
755 19
756 121
757 51
758 80
759 372
760 178
761 72
762 0
763 57
764 474
765 162
766 155
767 126
768 4
769 82
770 456
771 73
772 36
773 0
774 113
775 176
776 105
777 121
778 108
779 13
780 0
781 33
782 117
783 66
784 157
785 105
786 279
787 194
788 38
789 344
790 48
791 33
792 119
793 208
794 244
795 0
796 213
797 287
798 142
799 62
800 37
801 0
802 65
803 2
804 15
805 7
806 420
807 194
808 116
809 324
810 170
811 35
812 119
813 142
814 32
815 17
816 0
817 0
818 65
819 299
820 384
821 354
822 176
823 206
824 43
825 151
826 53
827 277
828 178
829 114
830 70
831 123
832 199
833 225
834 203
835 135
836 150
837 56
838 59
839 22
840 0
841 28
842 25
843 0
844 81
845 154
846 184
847 295
848 196
849 38
850 243
851 12
852 201
853 61
854 22
855 156
856 55
857 251
858 240
859 56
860 57
861 104
862 233
863 69
864 95
865 147
866 29
867 144
868 50
869 38
870 55
871 26
872 12
873 25
874 0
875 0
876 33
877 414
878 157
879 131
880 565
881 403
882 0
883 40
884 222
885 26
886 43
887 21
888 102
889 631
890 70
891 67
892 132
893 66
894 53
895 123
896 60
897 139
898 41
899 28
900 0
901 9
902 51
903 668
904 0
905 70
906 294
907 439
908 311
909 11
910 22
911 229
912 13
913 14
914 110
915 284
916 21
917 117
918 256
919 66
920 251
921 326
922 114
923 13
924 59
925 18
926 45
927 118
928 0
929 11
930 146
931 532
932 184
933 461
934 250
935 424
936 63
937 46
938 221
939 98
940 335
941 127
942 2
943 29
944 290
945 336
946 139
947 14
948 3
949 262
950 165
951 19
952 154
953 317
954 145
955 520
956 605
957 118
958 71
959 212
960 115
961 10
962 72
963 190
964 218
965 42
966 145
967 125
968 157
969 371
970 159
971 10
972 129
973 306
974 103
975 188
976 40
977 13
978 703
979 84
980 602
981 679
982 137
983 76
984 424
985 288
986 93
987 0
988 0
989 2
990 21
991 63
992 72
993 502
994 241
995 61
996 127
997 36
998 62
999 147
1000 54
1001 160
1002 329
1003 5
1004 0
1005 0
1006 0
1007 253
1008 465
1009 0
1010 80
1011 41
1012 18
1013 0
1014 5
1015 10
1016 135
1017 363
1018 0
1019 318
1020 249
1021 411
1022 300
1023 109
1024 146
1025 60
1026 216
1027 561
1028 125
1029 35
1030 37
1031 272
1032 9
1033 24
1034 81
1035 180
1036 80
1037 37
1038 402
1039 255
1040 347
1041 220
1042 11
1043 145
1044 62
1045 96
1046 168
1047 158
1048 194
1049 25
1050 49
1051 4
1052 13
1053 13
1054 0
1055 70
1056 93
1057 144
1058 249
1059 391
1060 370
1061 92
1062 0
1063 20
1064 0
1065 31
1066 23
1067 90
1068 40
1069 116
1070 93
1071 54
1072 346
1073 151
1074 269
1075 23
1076 45
1077 3
1078 146
1079 24
1080 0
1081 178
1082 60
1083 107
1084 112
1085 40
1086 5
1087 23
1088 4
1089 0
1090 306
1091 482
1092 324
1093 479
1094 228
1095 28
1096 88
1097 32
1098 96
1099 529
1100 17
1101 29
1102 34
1103 84
1104 29
1105 31
1106 529
1107 500
1108 85
1109 12
1110 986
1111 265
1112 34
1113 149
1114 331
1115 40
1116 0
1117 51
1118 45
1119 381
1120 330
1121 300
1122 51
1123 14
1124 83
1125 11
1126 96
1127 0
1128 147
1129 0
1130 0
1131 10
1132 0
1133 0
1134 88
1135 45
1136 0
1137 0
1138 4
1139 246
1140 1017
1141 600
1142 217
1143 0
1144 39
1145 0
1146 0
1147 0
1148 16
1149 386
1150 619
1151 70
1152 74
1153 82
1154 189
1155 481
1156 354
1157 241
1158 62
1159 25
1160 89
1161 11
1162 126
1163 0
1164 0
1165 0
1166 104
1167 138
1168 381
1169 43
1170 331
1171 6
1172 8
1173 61
1174 19
1175 21
1176 227
1177 475
1178 68
1179 402
1180 32
1181 280
1182 181
1183 385
1184 142
1185 309
1186 182
1187 129
1188 22
1189 0
1190 0
1191 147
1192 148
1193 0
1194 31
1195 6
1196 49
1197 17
1198 125
1199 121
1200 82
1201 8
1202 3
1203 420
1204 40
1205 22
1206 0
1207 20
1208 104
1209 57
1210 276
1211 253
1212 675
1213 57
1214 143
1215 303
1216 155
1217 643
1218 303
1219 50
1220 212
1221 120
1222 52
1223 158
1224 123
1225 51
1226 105
1227 41
1228 170
1229 231
1230 79
1231 16
1232 79
1233 171
1234 176
1235 552
1236 113
1237 143
1238 201
1239 9
1240 82
1241 0
1242 25
1243 212
1244 9
1245 119
1246 78
1247 196
1248 470
1249 751
1250 42
1251 238
1252 500
1253 639
1254 1013
1255 158
1256 120
1257 41
1258 289
1259 33
1260 111
1261 48
1262 115
1263 119
1264 336
1265 258
1266 175
1267 36
1268 14
1269 0
1270 35
1271 79
1272 124
1273 141
1274 859
1275 414
1276 36
1277 84
1278 91
1279 98
1280 10
1281 0
1282 13
1283 8
1284 0
1285 0
1286 179
1287 459
1288 136
1289 350
1290 0
1291 303
1292 157
1293 201
1294 2597
1295 903
1296 92
1297 37
1298 127
1299 323
1300 54
1301 1
1302 91
1303 175
1304 493
1305 112
1306 42
1307 321
1308 244
1309 187
1310 50
1311 173
1312 0
1313 0
1314 0
1315 457
1316 372
1317 445
1318 464
1319 422
1320 458
1321 847
1322 497
1323 79
1324 51
1325 140
1326 36
1327 55
1328 5
1329 109
1330 45
1331 137
1332 546
1333 122
1334 36
1335 121
1336 98
1337 328
1338 246
1339 883
1340 1229
1341 217
1342 80
1343 290
1344 365
1345 75
1346 85
1347 40
1348 39
1349 94
1350 482
1351 38
1352 22
1353 434
1354 32
1355 243
1356 203
1357 60
1358 83
1359 245
1360 48
1361 0
1362 0
1363 167
1364 593
1365 0
1366 140
1367 0
1368 230
1369 537
1370 356
1371 351
1372 0
1373 52
1374 0
1375 0
1376 22
1377 26
1378 0
1379 470
1380 554
1381 75
1382 81
1383 103
1384 240
1385 101
1386 305
1387 851
1388 0
1389 50
1390 326
1391 256
1392 64
1393 76
1394 40
1395 141
1396 145
1397 129
1398 5
1399 58
1400 315
1401 232
1402 140
1403 228
1404 195
1405 78
1406 91
1407 272
1408 241
1409 306
1410 245
1411 90
1412 96
1413 0
1414 43
1415 27
1416 231
1417 290
1418 205
1419 472
1420 230
1421 620
1422 166
1423 0
1424 69
1425 17
1426 65
1427 215
1428 687
1429 928
1430 559
1431 697
1432 540
1433 230
1434 293
1435 329
1436 228
1437 560
1438 13
1439 0
1440 165
1441 145
1442 847
1443 139
1444 176
1445 296
1446 489
1447 107
1448 0
1449 89
1450 70
1451 538
1452 135
1453 301
1454 194
1455 28
1456 150
1457 558
1458 16
1459 604
1460 190
1461 102
1462 37
1463 0
1464 0
1465 94
1466 147
1467 127
1468 25
1469 48
1470 17
1471 0
1472 32
1473 28
1474 22
1475 168
1476 791
1477 1663
1478 604
1479 457
1480 683
1481 498
1482 95
1483 388
1484 272
1485 0
1486 87
1487 34
1488 269
1489 228
1490 996
1491 0
1492 121
1493 265
1494 292
1495 87
1496 481
1497 549
1498 86
1499 204
1500 329
1501 101
1502 125
1503 63
1504 236
1505 438
1506 46
1507 172
1508 372
1509 83
1510 161
1511 35
1512 29
1513 85
1514 620
1515 205
1516 0
1517 0
1518 0
1519 0
1520 0
1521 22
1522 32
1523 23
1524 231
1525 896
1526 619
1527 1702
1528 1250
1529 801
1530 302
1531 16
1532 133
1533 461
1534 46
1535 278
1536 193
1537 165
1538 332
1539 227
1540 12
1541 226
1542 53
1543 152
1544 863
1545 549
1546 624
1547 298
1548 105
1549 229
1550 410
1551 110
1552 104
1553 171
1554 96
1555 133
1556 501
1557 967
1558 118
1559 86
1560 185
1561 615
1562 361
1563 356
1564 0
1565 35
1566 152
1567 171
1568 458
1569 9
1570 18
1571 0
1572 1225
1573 2397
1574 825
1575 87
1576 857
1577 362
1578 239
1579 607
1580 712
1581 253
1582 295
1583 270
1584 0
1585 45
1586 7
1587 138
1588 416
1589 48
1590 828
1591 265
1592 226
1593 188
1594 220
1595 0
1596 430
1597 57
1598 23
1599 58
1600 590
1601 247
1602 621
1603 101
1604 41
1605 0
1606 28
1607 92
1608 1
1609 0
1610 0
1611 2
1612 0
1613 203
1614 111
1615 0
1616 278
1617 0
1618 833
1619 0
1620 663
1621 1105
1622 909
1623 332
1624 227
1625 52
1626 691
1627 365
1628 188
1629 403
1630 245
1631 220
1632 215
1633 199
1634 342
1635 102
1636 95
1637 175
1638 185
1639 225
1640 387
1641 95
1642 6
1643 31
1644 30
1645 665
1646 1218
1647 258
1648 427
1649 191
1650 140
1651 435
1652 1014
1653 36
1654 147
1655 458
1656 480
1657 124
1658 197
1659 310
1660 170
1661 212
1662 226
1663 62
1664 227
1665 340
1666 241
1667 553
1668 489
1669 10
1670 96
1671 119
1672 2
1673 15
1674 0
1675 14
1676 10
1677 1230
1678 815
1679 617
1680 741
1681 241
1682 391
1683 406
1684 190
1685 481
1686 289
1687 126
1688 149
1689 253
1690 116
1691 282
1692 66
1693 171
1694 284
1695 30
1696 135
1697 40
1698 62
1699 101
1700 33
1701 552
1702 73
1703 188
1704 0
1705 16
1706 42
1707 168
1708 0
1709 205
1710 1116
1711 344
1712 218
1713 176
1714 186
1715 474
1716 337
1717 228
1718 103
1719 152
1720 35
1721 156
1722 53
1723 48
1724 65
1725 43
1726 162
1727 133
1728 427
1729 370
1730 33
1731 50
1732 13
1733 158
1734 54
1735 11
1736 113
1737 237
1738 420
1739 388
1740 269
1741 104
1742 346
1743 46
1744 162
1745 285
1746 141
1747 8
1748 30
1749 67
1750 101
1751 255
1752 367
1753 45
1754 25
1755 140
1756 70
1757 85
1758 138
1759 10
1760 10
1761 413
1762 138
1763 191
1764 194
1765 225
1766 113
1767 434
1768 251
1769 10
1770 43
1771 89
1772 222
1773 381
1774 0
1775 147
1776 149
1777 201
1778 363
1779 12
1780 63
1781 2
1782 202
1783 21
1784 69
1785 123
1786 19
1787 273
1788 155
1789 54
1790 200
1791 15
1792 317
1793 111
1794 29
1795 4
1796 66
1797 474
1798 439
1799 885
1800 680
1801 202
1802 258
1803 89
1804 187
1805 621
1806 662
1807 125
1808 178
1809 11
1810 226
1811 112
1812 85
1813 102
1814 80
1815 89
1816 58
1817 0
1818 102
1819 18
1820 177
1821 138
1822 103
1823 129
1824 527
1825 165
1826 49
1827 152
1828 236
1829 372
1830 31
1831 334
1832 75
1833 325
1834 64
1835 374
1836 179
1837 36
1838 142
1839 74
1840 123
1841 0
1842 51
1843 163
1844 532
1845 344
1846 117
1847 136
1848 329
1849 521
1850 67
1851 38
1852 62
1853 0
1854 101
1855 254
1856 180
1857 47
1858 394
1859 0
1860 144
1861 320
1862 384
1863 21
1864 139
1865 55
1866 157
1867 1329
1868 286
1869 142
1870 58
1871 165
1872 610
1873 296
1874 93
1875 42
1876 52
1877 158
1878 185
1879 114
1880 17
1881 303
1882 483
1883 615
1884 309
1885 138
1886 62
1887 54
1888 0
1889 255
1890 294
1891 93
1892 217
1893 206
1894 842
1895 863
1896 349
1897 98
1898 85
1899 57
1900 405
1901 246
1902 48
1903 583
1904 178
1905 251
1906 195
1907 262
1908 153
1909 168
1910 143
1911 242
1912 447
1913 209
1914 47
1915 18
1916 45
1917 278
1918 0
1919 276
1920 123
1921 252
1922 60
1923 227
1924 199
1925 253
1926 47
1927 53
1928 65
1929 63
1930 126
1931 277
1932 117
1933 46
1934 103
1935 251
1936 308
1937 40
1938 36
1939 83
1940 258
1941 215
1942 637
1943 543
1944 57
1945 104
1946 111
1947 30
1948 117
1949 85
1950 75
1951 293
1952 186
1953 317
1954 150
1955 468
1956 61
1957 171
1958 0
1959 0
1960 75
1961 41
1962 0
1963 59
1964 516
1965 529
1966 54
1967 284
1968 488
1969 221
1970 123
1971 207
1972 521
1973 0
1974 123
1975 287
1976 125
1977 0
1978 25
1979 28
1980 260
1981 525
1982 191
1983 57
1984 90
1985 455
1986 190
1987 28
1988 0
1989 328
1990 163
1991 201
1992 187
1993 96
1994 182
1995 481
1996 639
1997 247
1998 120
1999 313
2000 282
2001 15
2002 41
2003 135
2004 442
2005 223
2006 132
2007 183
2008 121
2009 183
2010 196
2011 234
2012 54
2013 71
2014 325
2015 249
2016 429
2017 601
2018 49
2019 401
2020 136
2021 127
2022 84
2023 431
2024 624
2025 22
2026 175
2027 147
2028 146
2029 60
2030 254
2031 341
2032 221
2033 95
2034 245
2035 380
2036 529
2037 203
2038 158
2039 114
2040 80
2041 49
2042 105
2043 295
2044 66
2045 169
2046 135
2047 147
2048 424
2049 549
2050 339
2051 319
2052 28
2053 34
2054 229
2055 761
2056 117
2057 156
2058 143
2059 162
2060 151
2061 339
2062 187
2063 185
2064 41
2065 42
2066 316
2067 249
2068 0
2069 330
2070 101
2071 203
2072 421
2073 349
2074 146
2075 238
2076 373
2077 105
2078 5
2079 59
2080 253
2081 521
2082 287
2083 234
2084 172
2085 99
2086 279
2087 211
2088 327
2089 259
2090 196
2091 129
2092 107
2093 121
2094 179
2095 680
2096 186
2097 779
2098 336
2099 210
2100 113
2101 48
2102 10
2103 507
2104 485
2105 228
2106 14
2107 0
2108 81
2109 82
2110 376
2111 268
2112 372
2113 248
2114 128
2115 271
2116 183
2117 169
2118 473
2119 525
2120 68
2121 90
2122 41
2123 24
2124 439
2125 27
2126 236
2127 232
2128 390
2129 0
2130 170
2131 427
2132 508
2133 71
2134 0
2135 49
2136 11
2137 274
2138 560
2139 128
2140 35
2141 9
2142 6
2143 8
2144 325
2145 373
2146 150
2147 80
2148 509
2149 216
2150 556
2151 82
2152 321
2153 452
2154 354
2155 102
2156 0
2157 41
2158 22
2159 145
2160 466
2161 448
2162 0
2163 16
2164 86
2165 374
2166 197
2167 153
2168 81
2169 209
2170 58
2171 33
2172 286
2173 165
2174 19
2175 111
2176 12
2177 212
2178 45
2179 93
2180 52
2181 122
2182 101
2183 170
2184 52
2185 0
2186 0
2187 248
2188 138
2189 97
2190 287
2191 216
2192 111
2193 364
2194 69
2195 22
2196 9
2197 49
2198 0
2199 168
2200 91
2201 201
2202 236
2203 357
2204 65
2205 323
2206 320
2207 84
2208 24
2209 162
2210 132
2211 260
2212 557
2213 446
2214 70
2215 91
2216 25
2217 30
2218 29
2219 52
2220 198
2221 11
2222 0
2223 92
2224 211
2225 35
2226 32
2227 365
2228 277
2229 272
2230 327
2231 45
2232 128
2233 180
2234 14
2235 0
2236 0
2237 125
2238 50
2239 8
2240 0
2241 28
2242 13
2243 409
2244 213
2245 40
2246 79
2247 305
2248 514
2249 0
2250 381
2251 188
2252 59
2253 151
2254 442
2255 214
2256 0
2257 99
2258 11
2259 45
2260 327
2261 73
2262 32
2263 0
2264 0
2265 131
2266 510
2267 407
2268 329
2269 525
2270 480
2271 283
2272 13
2273 77
2274 541
2275 432
2276 204
2277 480
2278 136
2279 41
2280 29
2281 416
2282 553
2283 57
2284 0
2285 37
2286 264
2287 56
2288 84
2289 92
2290 404
2291 599
2292 53
2293 13
2294 503
2295 398
2296 97
2297 198
2298 107
2299 10
2300 207
2301 281
2302 162
2303 6
2304 83
2305 32
2306 61
2307 180
2308 0
2309 161
2310 0
2311 153
2312 104
2313 95
2314 239
2315 106
2316 0
2317 185
2318 2
2319 76
2320 0
2321 268
2322 179
2323 0
2324 0
2325 52
2326 450
2327 775
2328 138
2329 32
2330 61
2331 22
2332 106
2333 103
2334 720
2335 878
2336 103
2337 23
2338 114
2339 214
2340 212
2341 75
2342 0
2343 0
2344 172
2345 339
2346 163
2347 283
2348 50
2349 138
2350 182
2351 372
2352 312
2353 494
2354 240
2355 76
2356 194
2357 84
2358 23
2359 0
2360 12
2361 6
2362 8
2363 0
2364 439
2365 48
2366 321
2367 258
2368 80
2369 181
2370 315
2371 190
2372 185
2373 103
2374 12
2375 270
2376 317
2377 3
2378 0
2379 46
2380 90
2381 21
2382 427
2383 241
2384 133
2385 536
2386 176
2387 408
2388 698
2389 415
2390 240
2391 514
2392 70
2393 47
2394 425
2395 151
2396 50
2397 13
2398 375
2399 0
2400 40
2401 251
2402 878
2403 74
2404 123
2405 355
2406 458
2407 284
2408 158
2409 240
2410 150
2411 346
2412 200
2413 52
2414 0
2415 102
2416 32
2417 50
2418 12
2419 241
2420 462
2421 367
2422 837
2423 133
2424 229
2425 288
2426 350
2427 427
2428 522
2429 102
2430 6
2431 125
2432 0
2433 1
2434 52
2435 142
2436 175
2437 88
2438 573
2439 67
2440 220
2441 397
2442 409
2443 211
2444 217
2445 199
2446 29
2447 3
2448 0
2449 205
2450 21
2451 55
2452 33
2453 18
2454 148
2455 0
2456 247
2457 170
2458 49
2459 154
2460 22
2461 23
2462 2
2463 29
2464 165
2465 800
2466 100
2467 0
2468 62
2469 82
2470 142
2471 92
2472 69
2473 17
2474 8
2475 0
2476 0
2477 39
2478 195
2479 13
2480 69
2481 113
2482 39
2483 94
2484 178
2485 201
2486 93
2487 291
2488 46
2489 66
2490 0
2491 0
2492 0
2493 0
2494 109
2495 190
2496 48
2497 98
2498 15
2499 0
2500 75
2501 59
2502 85
2503 413
2504 14
2505 0
2506 24
2507 10
2508 0
2509 64
2510 36
2511 62
2512 57
2513 121
2514 0
2515 0
2516 33
2517 0
2518 0
2519 18
2520 46
2521 22
2522 57
2523 0
2524 5
2525 0
2526 207
2527 92
2528 0
2529 36
2530 65
2531 31
2532 0
2533 7
2534 314
2535 391
2536 50
2537 108
2538 143
2539 35
2540 8
2541 33
2542 466
2543 113
2544 159
2545 382
2546 33
2547 19
2548 104
2549 55
2550 36
2551 14
2552 135
2553 233
2554 87
2555 0
2556 3
2557 29
2558 76
2559 54
2560 205
2561 191
2562 41
2563 138
2564 38
2565 37
2566 74
2567 38
2568 30
2569 0
2570 41
2571 23
2572 0
2573 66
2574 1
2575 157
2576 0
2577 17
2578 0
2579 0
2580 0
2581 0
2582 0
2583 0
2584 0
2585 0
2586 0
2587 0
2588 0
2589 0
2590 0
2591 0
2592 0
2593 0
2594 0
2595 0
2596 0
2597 0
2598 0
