0 35
1 0
2 2
3 1
4 11
5 0
6 0
7 0
8 1
9 1
10 11
11 29
12 3
13 16
14 50
15 16
16 32
17 9
18 3
19 80
20 0
21 11
22 0
23 52
24 0
25 17
26 0
27 3
28 1
29 7
30 0
31 3
32 0
33 22
34 3
35 28
36 3
37 9
38 3
39 7
40 11
41 2
42 0
43 4
44 41
45 1
46 3
47 1
48 2
49 44
50 0
51 4
52 31
53 31
54 33
55 3
56 5
57 22
58 33
59 4
60 10
61 45
62 32
63 0
64 7
65 88
66 9
67 31
68 14
69 0
70 7
71 5
72 1
73 0
74 30
75 61
76 1
77 26
78 60
79 0
80 5
81 1
82 21
83 11
84 3
85 2
86 20
87 81
88 65
89 2
90 1
91 2
92 4
93 29
94 4
95 0
96 6
97 41
98 11
99 46
100 0
101 4
102 30
103 29
104 7
105 12
106 39
107 11
108 40
109 34
110 3
111 0
112 17
113 6
114 25
115 12
116 38
117 4
118 2
119 20
120 0
121 15
122 67
123 15
124 6
125 1
126 5
127 7
128 6
129 16
130 7
131 18
132 5
133 0
134 3
135 57
136 29
137 147
138 9
139 6
140 47
141 48
142 11
143 10
144 1
145 0
146 35
147 11
148 49
149 28
150 13
151 0
152 0
153 13
154 12
155 22
156 6
157 13
158 133
159 19
160 6
161 11
162 1
163 25
164 24
165 26
166 34
167 25
168 11
169 10
170 58
171 32
172 14
173 7
174 48
175 95
176 62
177 8
178 17
179 0
180 66
181 0
182 151
183 71
184 31
185 21
186 105
187 92
188 52
189 7
190 11
191 0
192 0
193 2
194 1
195 0
196 52
197 34
198 0
199 52
200 32
201 32
202 12
203 56
204 33
205 78
206 118
207 26
208 18
209 0
210 90
211 0
212 12
213 25
214 0
215 70
216 4
217 19
218 19
219 101
220 20
221 82
222 69
223 64
224 126
225 60
226 56
227 9
228 0
229 10
230 1
231 1
232 0
233 5
234 0
235 7
236 0
237 0
238 0
239 129
240 6
241 130
242 81
243 10
244 80
245 17
246 33
247 3
248 23
249 14
250 11
251 3
252 8
253 0
254 3
255 12
256 208
257 58
258 11
259 2
260 0
261 0
262 3
263 36
264 7
265 13
266 4
267 12
268 5
269 0
270 0
271 43
272 16
273 0
274 5
275 0
276 5
277 4
278 10
279 41
280 3
281 0
282 20
283 134
284 4
285 3
286 12
287 11
288 13
289 9
290 103
291 27
292 154
293 52
294 1
295 30
296 40
297 13
298 18
299 8
300 28
301 17
302 33
303 25
304 127
305 41
306 28
307 65
308 0
309 37
310 29
311 40
312 51
313 9
314 8
315 48
316 36
317 54
318 116
319 4
320 16
321 23
322 0
323 9
324 0
325 0
326 7
327 4
328 1
329 0
330 5
331 23
332 8
333 53
334 72
335 58
336 7
337 28
338 102
339 52
340 0
341 3
342 4
343 1
344 3
345 4
346 19
347 3
348 52
349 20
350 28
351 114
352 18
353 3
354 0
355 1
356 1
357 27
358 0
359 34
360 32
361 88
362 126
363 1
364 0
365 0
366 10
367 16
368 38
369 49
370 13
371 11
372 10
373 15
374 7
375 12
376 26
377 2
378 6
379 29
380 30
381 0
382 31
383 2
384 24
385 35
386 0
387 0
388 33
389 49
390 64
391 44
392 74
393 2
394 49
395 16
396 81
397 29
398 0
399 53
400 1
401 23
402 11
403 14
404 40
405 0
406 77
407 56
408 18
409 2
410 6
411 16
412 0
413 105
414 70
415 6
416 14
417 24
418 2
419 18
420 9
421 6
422 49
423 39
424 57
425 27
426 18
427 8
428 38
429 2
430 94
431 5
432 0
433 13
434 0
435 7
436 69
437 103
438 135
439 47
440 84
441 78
442 31
443 118
444 22
445 16
446 10
447 4
448 52
449 19
450 41
451 23
452 42
453 68
454 72
455 0
456 0
457 104
458 0
459 0
460 2
461 70
462 54
463 33
464 35
465 25
466 0
467 50
468 36
469 70
470 95
471 97
472 62
473 37
474 73
475 22
476 5
477 8
478 2
479 11
480 10
481 18
482 20
483 3
484 52
485 16
486 22
487 42
488 16
489 77
490 18
491 13
492 73
493 150
494 12
495 30
496 17
497 8
498 88
499 21
500 24
501 23
502 21
503 6
504 3
505 28
506 41
507 4
508 4
509 115
510 8
511 19
512 60
513 94
514 38
515 63
516 26
517 19
518 0
519 22
520 0
521 79
522 0
523 15
524 16
525 1
526 1
527 8
528 28
529 9
530 7
531 8
532 72
533 65
534 8
535 54
536 63
537 12
538 9
539 43
540 6
541 12
542 6
543 59
544 56
545 2
546 0
547 0
548 44
549 2
550 19
551 6
552 53
553 58
554 83
555 83
556 15
557 8
558 19
559 41
560 13
561 31
562 17
563 1
564 1
565 1
566 0
567 10
568 3
569 0
570 10
571 42
572 29
573 18
574 6
575 41
576 14
577 18
578 0
579 15
580 5
581 1
582 3
583 22
584 36
585 36
586 23
587 11
588 63
589 115
590 3
591 2
592 24
593 2
594 5
595 11
596 10
597 7
598 71
599 84
600 56
601 129
602 27
603 22
604 15
605 8
606 31
607 25
608 58
609 13
610 37
611 20
612 62
613 43
614 97
615 67
616 60
617 1
618 4
619 4
620 9
621 0
622 20
623 9
624 0
625 73
626 31
627 101
628 59
629 43
630 72
631 11
632 22
633 15
634 20
635 14
636 36
637 1
638 17
639 42
640 4
641 43
642 37
643 85
644 17
645 63
646 42
647 6
648 5
649 1
650 0
651 30
652 40
653 16
654 18
655 19
656 16
657 7
658 70
659 55
660 7
661 34
662 2
663 44
664 8
665 6
666 45
667 30
668 0
669 15
670 28
671 67
672 6
673 5
674 7
675 0
676 53
677 71
678 46
679 26
680 77
681 56
682 2
683 16
684 10
685 29
686 8
687 0
688 1
689 16
690 78
691 39
692 28
693 0
694 8
695 12
696 11
697 7
698 7
699 30
700 16
701 0
702 27
703 3
704 11
705 54
706 0
707 36
708 3
709 38
710 3
711 0
712 0
713 4
714 0
715 6
716 29
717 118
718 53
719 43
720 102
721 25
722 15
723 1
724 15
725 13
726 20
727 19
728 16
729 42
730 23
731 52
732 12
733 21
734 27
735 10
736 44
737 27
738 68
739 63
740 26
741 16
742 0
743 16
744 54
745 1
746 0
747 0
748 44
749 16
750 128
751 5
752 56
753 13
754 40
755 1
756 19
757 10
758 16
759 67
760 32
761 8
762 30
763 9
764 83
765 31
766 28
767 23
768 0
769 13
770 85
771 14
772 5
773 0
774 18
775 34
776 23
777 21
778 22
779 2
780 0
781 8
782 21
783 9
784 30
785 15
786 47
787 29
788 6
789 67
790 0
791 6
792 18
793 47
794 37
795 0
796 41
797 46
798 26
799 12
800 6
801 0
802 15
803 0
804 4
805 0
806 80
807 36
808 19
809 50
810 31
811 7
812 26
813 27
814 9
815 5
816 0
817 0
818 13
819 57
820 62
821 67
822 29
823 34
824 8
825 26
826 12
827 46
828 32
829 16
830 15
831 19
832 29
833 40
834 35
835 17
836 24
837 8
838 12
839 5
840 0
841 6
842 3
843 0
844 12
845 28
846 34
847 54
848 33
849 8
850 42
851 3
852 33
853 8
854 4
855 22
856 5
857 0
858 44
859 7
860 8
861 19
862 46
863 14
864 13
865 23
866 8
867 25
868 6
869 8
870 8
871 4
872 0
873 3
874 0
875 0
876 7
877 73
878 23
879 26
880 92
881 59
882 11
883 6
884 38
885 3
886 7
887 6
888 22
889 110
890 13
891 11
892 23
893 11
894 7
895 19
896 15
897 32
898 10
899 4
900 0
901 0
902 10
903 122
904 57
905 13
906 52
907 71
908 53
909 2
910 4
911 41
912 1
913 2
914 14
915 46
916 2
917 15
918 49
919 12
920 46
921 59
922 19
923 0
924 9
925 1
926 8
927 21
928 0
929 2
930 30
931 89
932 30
933 97
934 42
935 71
936 0
937 0
938 38
939 13
940 0
941 26
942 0
943 6
944 51
945 69
946 22
947 1
948 0
949 43
950 0
951 4
952 27
953 52
954 20
955 88
956 105
957 19
958 12
959 31
960 18
961 3
962 11
963 33
964 40
965 6
966 23
967 21
968 28
969 0
970 22
971 1
972 28
973 56
974 16
975 31
976 5
977 4
978 124
979 19
980 113
981 112
982 22
983 9
984 64
985 55
986 0
987 3
988 0
989 1
990 4
991 9
992 11
993 85
994 43
995 11
996 23
997 6
998 11
999 30
1000 0
1001 26
1002 53
1003 1
1004 0
1005 1
1006 0
1007 49
1008 87
1009 0
1010 12
1011 6
1012 4
1013 0
1014 0
1015 3
1016 24
1017 69
1018 6
1019 46
1020 46
1021 76
1022 51
1023 15
1024 24
1025 8
1026 34
1027 91
1028 22
1029 4
1030 9
1031 48
1032 1
1033 2
1034 15
1035 30
1036 18
1037 7
1038 74
1039 48
1040 71
1041 36
1042 2
1043 21
1044 11
1045 14
1046 34
1047 28
1048 32
1049 4
1050 5
1051 0
1052 0
1053 2
1054 1
1055 13
1056 19
1057 30
1058 40
1059 66
1060 73
1061 13
1062 0
1063 3
1064 0
1065 5
1066 3
1067 15
1068 0
1069 16
1070 15
1071 10
1072 60
1073 23
1074 52
1075 5
1076 7
1077 0
1078 23
1079 6
1080 49
1081 29
1082 10
1083 23
1084 20
1085 7
1086 0
1087 4
1088 0
1089 1
1090 50
1091 94
1092 0
1093 97
1094 43
1095 8
1096 14
1097 6
1098 18
1099 91
1100 3
1101 6
1102 6
1103 19
1104 5
1105 6
1106 96
1107 89
1108 15
1109 0
1110 175
1111 43
1112 4
1113 33
1114 60
1115 4
1116 1
1117 4
1118 10
1119 67
1120 54
1121 56
1122 7
1123 0
1124 16
1125 2
1126 17
1127 0
1128 21
1129 38
1130 0
1131 0
1132 0
1133 28
1134 14
1135 10
1136 0
1137 0
1138 0
1139 45
1140 182
1141 117
1142 41
1143 0
1144 5
1145 0
1146 13
1147 0
1148 2
1149 73
1150 113
1151 8
1152 13
1153 15
1154 25
1155 92
1156 61
1157 36
1158 0
1159 4
1160 11
1161 0
1162 20
1163 0
1164 1
1165 0
1166 18
1167 30
1168 60
1169 9
1170 64
1171 1
1172 0
1173 10
1174 0
1175 5
1176 39
1177 87
1178 11
1179 64
1180 5
1181 51
1182 37
1183 58
1184 26
1185 60
1186 26
1187 21
1188 6
1189 0
1190 0
1191 31
1192 27
1193 0
1194 5
1195 5
1196 8
1197 3
1198 24
1199 25
1200 13
1201 0
1202 0
1203 70
1204 6
1205 2
1206 12
1207 3
1208 17
1209 11
1210 55
1211 42
1212 108
1213 7
1214 28
1215 62
1216 26
1217 103
1218 46
1219 10
1220 36
1221 19
1222 7
1223 24
1224 20
1225 7
1226 14
1227 5
1228 25
1229 45
1230 14
1231 0
1232 11
1233 30
1234 40
1235 98
1236 21
1237 21
1238 36
1239 1
1240 13
1241 0
1242 4
1243 36
1244 2
1245 18
1246 11
1247 36
1248 87
1249 122
1250 8
1251 51
1252 87
1253 104
1254 172
1255 23
1256 26
1257 9
1258 52
1259 5
1260 23
1261 4
1262 18
1263 24
1264 64
1265 45
1266 0
1267 8
1268 2
1269 0
1270 0
1271 12
1272 26
1273 25
1274 151
1275 73
1276 7
1277 14
1278 15
1279 19
1280 2
1281 0
1282 2
1283 0
1284 0
1285 0
1286 37
1287 81
1288 21
1289 63
1290 55
1291 0
1292 25
1293 28
1294 456
1295 163
1296 16
1297 4
1298 20
1299 50
1300 11
1301 0
1302 15
1303 29
1304 87
1305 20
1306 11
1307 55
1308 41
1309 35
1310 7
1311 26
1312 0
1313 1
1314 0
1315 73
1316 70
1317 75
1318 86
1319 81
1320 82
1321 139
1322 83
1323 12
1324 10
1325 21
1326 4
1327 10
1328 0
1329 17
1330 7
1331 23
1332 97
1333 0
1334 6
1335 19
1336 18
1337 63
1338 50
1339 147
1340 209
1341 35
1342 10
1343 54
1344 69
1345 14
1346 8
1347 8
1348 0
1349 16
1350 72
1351 7
1352 1
1353 84
1354 8
1355 37
1356 35
1357 10
1358 13
1359 38
1360 5
1361 0
1362 1
1363 33
1364 115
1365 134
1366 25
1367 36
1368 40
1369 76
1370 59
1371 57
1372 0
1373 7
1374 0
1375 1
1376 5
1377 6
1378 25
1379 84
1380 97
1381 13
1382 11
1383 17
1384 43
1385 20
1386 62
1387 169
1388 46
1389 7
1390 53
1391 47
1392 11
1393 14
1394 6
1395 27
1396 22
1397 21
1398 0
1399 8
1400 0
1401 38
1402 31
1403 0
1404 31
1405 12
1406 17
1407 43
1408 42
1409 52
1410 39
1411 21
1412 13
1413 0
1414 8
1415 6
1416 40
1417 52
1418 36
1419 97
1420 38
1421 109
1422 31
1423 0
1424 10
1425 3
1426 11
1427 45
1428 126
1429 175
1430 101
1431 135
1432 97
1433 41
1434 44
1435 0
1436 45
1437 99
1438 3
1439 0
1440 32
1441 25
1442 151
1443 30
1444 24
1445 56
1446 86
1447 22
1448 25
1449 14
1450 13
1451 97
1452 19
1453 65
1454 34
1455 5
1456 24
1457 101
1458 5
1459 103
1460 29
1461 15
1462 9
1463 17
1464 0
1465 17
1466 27
1467 26
1468 8
1469 9
1470 2
1471 0
1472 6
1473 5
1474 4
1475 29
1476 156
1477 268
1478 111
1479 88
1480 114
1481 92
1482 16
1483 72
1484 54
1485 1
1486 16
1487 5
1488 0
1489 41
1490 182
1491 42
1492 20
1493 41
1494 50
1495 13
1496 78
1497 93
1498 11
1499 37
1500 64
1501 18
1502 23
1503 10
1504 42
1505 84
1506 12
1507 30
1508 66
1509 14
1510 30
1511 2
1512 8
1513 13
1514 99
1515 35
1516 20
1517 3
1518 0
1519 0
1520 0
1521 3
1522 3
1523 5
1524 43
1525 156
1526 101
1527 295
1528 227
1529 147
1530 58
1531 3
1532 22
1533 86
1534 8
1535 48
1536 28
1537 33
1538 57
1539 30
1540 2
1541 44
1542 10
1543 33
1544 167
1545 101
1546 0
1547 48
1548 11
1549 36
1550 64
1551 19
1552 16
1553 35
1554 19
1555 21
1556 96
1557 178
1558 17
1559 18
1560 34
1561 108
1562 73
1563 63
1564 0
1565 5
1566 30
1567 30
1568 87
1569 3
1570 5
1571 16
1572 233
1573 421
1574 141
1575 13
1576 151
1577 0
1578 46
1579 107
1580 125
1581 45
1582 54
1583 39
1584 30
1585 10
1586 0
1587 22
1588 78
1589 7
1590 160
1591 53
1592 31
1593 34
1594 35
1595 119
1596 78
1597 13
1598 5
1599 10
1600 115
1601 38
1602 107
1603 13
1604 8
1605 0
1606 5
1607 17
1608 0
1609 0
1610 1
1611 0
1612 30
1613 39
1614 23
1615 5
1616 49
1617 184
1618 138
1619 268
1620 119
1621 199
1622 170
1623 64
1624 41
1625 6
1626 115
1627 72
1628 31
1629 72
1630 36
1631 38
1632 34
1633 34
1634 60
1635 17
1636 15
1637 31
1638 29
1639 35
1640 76
1641 16
1642 1
1643 7
1644 5
1645 133
1646 212
1647 46
1648 76
1649 33
1650 22
1651 73
1652 191
1653 5
1654 29
1655 78
1656 90
1657 21
1658 41
1659 66
1660 27
1661 38
1662 38
1663 11
1664 35
1665 65
1666 0
1667 91
1668 83
1669 2
1670 19
1671 21
1672 0
1673 5
1674 1
1675 2
1676 2
1677 223
1678 145
1679 116
1680 127
1681 45
1682 64
1683 66
1684 35
1685 78
1686 54
1687 20
1688 35
1689 40
1690 24
1691 51
1692 12
1693 31
1694 47
1695 4
1696 22
1697 4
1698 9
1699 15
1700 7
1701 100
1702 12
1703 34
1704 0
1705 0
1706 7
1707 28
1708 0
1709 36
1710 208
1711 66
1712 35
1713 33
1714 34
1715 84
1716 57
1717 44
1718 15
1719 27
1720 5
1721 29
1722 8
1723 6
1724 13
1725 12
1726 27
1727 18
1728 70
1729 57
1730 3
1731 9
1732 3
1733 25
1734 11
1735 1
1736 19
1737 49
1738 73
1739 75
1740 54
1741 17
1742 65
1743 6
1744 27
1745 52
1746 26
1747 1
1748 7
1749 10
1750 17
1751 49
1752 66
1753 8
1754 4
1755 20
1756 13
1757 20
1758 28
1759 1
1760 1
1761 0
1762 17
1763 32
1764 36
1765 37
1766 20
1767 74
1768 34
1769 0
1770 7
1771 22
1772 37
1773 70
1774 32
1775 0
1776 24
1777 40
1778 74
1779 3
1780 9
1781 0
1782 42
1783 4
1784 12
1785 19
1786 2
1787 50
1788 25
1789 9
1790 37
1791 1
1792 49
1793 24
1794 3
1795 0
1796 0
1797 80
1798 80
1799 146
1800 118
1801 34
1802 41
1803 11
1804 28
1805 131
1806 0
1807 26
1808 33
1809 0
1810 42
1811 18
1812 13
1813 18
1814 10
1815 16
1816 9
1817 0
1818 21
1819 5
1820 37
1821 27
1822 18
1823 25
1824 84
1825 33
1826 7
1827 22
1828 42
1829 64
1830 5
1831 58
1832 14
1833 53
1834 7
1835 69
1836 27
1837 5
1838 29
1839 9
1840 21
1841 18
1842 9
1843 31
1844 90
1845 61
1846 19
1847 23
1848 52
1849 95
1850 11
1851 4
1852 12
1853 42
1854 17
1855 48
1856 26
1857 0
1858 77
1859 0
1860 24
1861 60
1862 60
1863 4
1864 24
1865 8
1866 26
1867 225
1868 50
1869 30
1870 6
1871 28
1872 103
1873 51
1874 18
1875 6
1876 4
1877 26
1878 32
1879 20
1880 2
1881 54
1882 86
1883 107
1884 60
1885 22
1886 10
1887 9
1888 1
1889 40
1890 56
1891 12
1892 33
1893 36
1894 148
1895 149
1896 66
1897 13
1898 16
1899 11
1900 61
1901 43
1902 7
1903 99
1904 33
1905 44
1906 29
1907 46
1908 23
1909 28
1910 30
1911 39
1912 81
1913 39
1914 7
1915 3
1916 5
1917 44
1918 19
1919 48
1920 17
1921 39
1922 10
1923 44
1924 38
1925 46
1926 6
1927 7
1928 9
1929 10
1930 21
1931 43
1932 12
1933 4
1934 23
1935 43
1936 54
1937 7
1938 9
1939 17
1940 50
1941 39
1942 109
1943 90
1944 15
1945 0
1946 20
1947 2
1948 19
1949 19
1950 16
1951 54
1952 35
1953 49
1954 28
1955 89
1956 11
1957 35
1958 47
1959 25
1960 15
1961 4
1962 0
1963 8
1964 91
1965 94
1966 8
1967 49
1968 95
1969 42
1970 15
1971 35
1972 77
1973 12
1974 16
1975 57
1976 20
1977 0
1978 3
1979 3
1980 49
1981 88
1982 36
1983 8
1984 17
1985 86
1986 33
1987 4
1988 5
1989 58
1990 30
1991 42
1992 33
1993 14
1994 39
1995 72
1996 126
1997 44
1998 22
1999 54
2000 50
2001 1
2002 7
2003 27
2004 79
2005 33
2006 23
2007 26
2008 20
2009 32
2010 30
2011 50
2012 0
2013 10
2014 47
2015 41
2016 75
2017 99
2018 8
2019 67
2020 25
2021 21
2022 17
2023 81
2024 106
2025 4
2026 30
2027 29
2028 22
2029 13
2030 46
2031 65
2032 0
2033 16
2034 36
2035 0
2036 97
2037 34
2038 28
2039 25
2040 19
2041 12
2042 15
2043 65
2044 11
2045 0
2046 0
2047 24
2048 74
2049 91
2050 61
2051 55
2052 4
2053 5
2054 38
2055 134
2056 17
2057 23
2058 26
2059 29
2060 26
2061 53
2062 48
2063 36
2064 6
2065 8
2066 62
2067 44
2068 4
2069 72
2070 17
2071 30
2072 74
2073 64
2074 30
2075 50
2076 63
2077 19
2078 0
2079 9
2080 45
2081 83
2082 60
2083 40
2084 23
2085 18
2086 48
2087 38
2088 56
2089 43
2090 34
2091 21
2092 19
2093 19
2094 35
2095 124
2096 33
2097 133
2098 63
2099 33
2100 20
2101 7
2102 2
2103 88
2104 89
2105 40
2106 0
2107 1
2108 11
2109 10
2110 72
2111 42
2112 72
2113 37
2114 0
2115 50
2116 33
2117 29
2118 82
2119 86
2120 16
2121 16
2122 7
2123 5
2124 73
2125 11
2126 48
2127 48
2128 59
2129 19
2130 32
2131 81
2132 93
2133 13
2134 0
2135 8
2136 2
2137 49
2138 86
2139 22
2140 6
2141 0
2142 1
2143 3
2144 62
2145 64
2146 26
2147 11
2148 90
2149 43
2150 92
2151 0
2152 65
2153 80
2154 58
2155 16
2156 3
2157 6
2158 2
2159 24
2160 82
2161 79
2162 0
2163 3
2164 13
2165 70
2166 31
2167 29
2168 14
2169 43
2170 12
2171 7
2172 55
2173 30
2174 2
2175 22
2176 0
2177 36
2178 7
2179 16
2180 8
2181 16
2182 15
2183 26
2184 7
2185 0
2186 0
2187 47
2188 23
2189 11
2190 52
2191 43
2192 15
2193 59
2194 9
2195 3
2196 1
2197 8
2198 5
2199 31
2200 21
2201 30
2202 39
2203 67
2204 11
2205 63
2206 71
2207 18
2208 2
2209 31
2210 24
2211 53
2212 101
2213 78
2214 11
2215 0
2216 2
2217 6
2218 4
2219 9
2220 36
2221 1
2222 1
2223 18
2224 0
2225 9
2226 6
2227 70
2228 57
2229 0
2230 49
2231 5
2232 21
2233 31
2234 0
2235 5
2236 3
2237 21
2238 8
2239 0
2240 0
2241 5
2242 0
2243 72
2244 39
2245 4
2246 14
2247 56
2248 109
2249 15
2250 0
2251 34
2252 0
2253 25
2254 78
2255 36
2256 0
2257 17
2258 0
2259 10
2260 58
2261 9
2262 5
2263 0
2264 1
2265 19
2266 0
2267 68
2268 63
2269 92
2270 85
2271 0
2272 0
2273 12
2274 107
2275 72
2276 39
2277 83
2278 22
2279 5
2280 5
2281 57
2282 91
2283 11
2284 0
2285 8
2286 49
2287 10
2288 15
2289 17
2290 80
2291 116
2292 10
2293 1
2294 86
2295 71
2296 26
2297 44
2298 22
2299 3
2300 38
2301 52
2302 33
2303 0
2304 18
2305 4
2306 10
2307 30
2308 89
2309 26
2310 28
2311 27
2312 20
2313 17
2314 29
2315 17
2316 99
2317 31
2318 0
2319 12
2320 66
2321 42
2322 32
2323 0
2324 0
2325 10
2326 81
2327 132
2328 24
2329 6
2330 8
2331 4
2332 18
2333 17
2334 130
2335 153
2336 19
2337 3
2338 19
2339 43
2340 36
2341 11
2342 0
2343 0
2344 31
2345 58
2346 33
2347 50
2348 6
2349 26
2350 40
2351 64
2352 57
2353 87
2354 53
2355 11
2356 38
2357 16
2358 4
2359 0
2360 1
2361 1
2362 2
2363 71
2364 71
2365 7
2366 63
2367 47
2368 12
2369 29
2370 55
2371 31
2372 35
2373 20
2374 0
2375 42
2376 64
2377 0
2378 1
2379 7
2380 15
2381 3
2382 71
2383 44
2384 30
2385 91
2386 23
2387 73
2388 122
2389 69
2390 46
2391 85
2392 12
2393 10
2394 78
2395 28
2396 11
2397 1
2398 60
2399 2
2400 5
2401 42
2402 170
2403 12
2404 24
2405 56
2406 73
2407 49
2408 27
2409 38
2410 26
2411 62
2412 38
2413 11
2414 1
2415 21
2416 4
2417 10
2418 2
2419 40
2420 79
2421 70
2422 147
2423 23
2424 36
2425 49
2426 56
2427 83
2428 97
2429 18
2430 1
2431 21
2432 49
2433 0
2434 8
2435 0
2436 35
2437 14
2438 102
2439 12
2440 37
2441 85
2442 67
2443 32
2444 39
2445 44
2446 5
2447 0
2448 0
2449 34
2450 4
2451 13
2452 7
2453 3
2454 23
2455 30
2456 42
2457 35
2458 6
2459 20
2460 6
2461 2
2462 0
2463 3
2464 23
2465 150
2466 21
2467 0
2468 9
2469 11
2470 22
2471 18
2472 17
2473 5
2474 2
2475 0
2476 0
2477 9
2478 37
2479 3
2480 14
2481 18
2482 9
2483 13
2484 25
2485 34
2486 14
2487 59
2488 10
2489 15
2490 2
2491 1
2492 0
2493 0
2494 15
2495 33
2496 10
2497 20
2498 4
2499 23
2500 13
2501 9
2502 13
2503 63
2504 3
2505 0
2506 4
2507 0
2508 1
2509 13
2510 7
2511 12
2512 8
2513 17
2514 0
2515 0
2516 6
2517 0
2518 0
2519 2
2520 10
2521 6
2522 6
2523 21
2524 0
2525 0
2526 38
2527 12
2528 0
2529 8
2530 10
2531 7
2532 2
2533 0
2534 54
2535 70
2536 10
2537 19
2538 23
2539 4
2540 0
2541 3
2542 78
2543 27
2544 27
2545 70
2546 5
2547 4
2548 16
2549 11
2550 6
2551 3
2552 18
2553 43
2554 14
2555 0
2556 0
2557 3
2558 16
2559 10
2560 39
2561 28
2562 9
2563 19
2564 6
2565 7
2566 14
2567 6
2568 5
2569 1
2570 7
2571 3
2572 0
2573 11
2574 1
2575 30
2576 1
2577 2
2578 0
2579 1
2580 0
2581 0
2582 0
2583 0
2584 0
2585 0
2586 0
2587 0
2588 0
2589 0
2590 0
2591 0
2592 0
2593 0
2594 0
2595 0
2596 0
2597 0
2598 0
