0 34
1 0
2 3
3 0
4 11
5 22
6 0
7 2
8 0
9 1
10 0
11 28
12 3
13 21
14 54
15 19
16 36
17 7
18 5
19 83
20 0
21 12
22 7
23 62
24 0
25 20
26 2
27 0
28 0
29 8
30 0
31 3
32 0
33 17
34 2
35 39
36 2
37 12
38 7
39 5
40 9
41 3
42 5
43 3
44 48
45 0
46 4
47 2
48 1
49 38
50 21
51 5
52 36
53 31
54 31
55 1
56 7
57 0
58 31
59 2
60 7
61 44
62 32
63 3
64 5
65 90
66 8
67 31
68 15
69 0
70 5
71 0
72 1
73 2
74 34
75 59
76 4
77 27
78 60
79 59
80 6
81 1
82 24
83 10
84 2
85 0
86 24
87 85
88 84
89 3
90 2
91 2
92 4
93 26
94 8
95 0
96 9
97 41
98 10
99 50
100 0
101 5
102 26
103 32
104 7
105 13
106 42
107 14
108 39
109 36
110 1
111 14
112 18
113 5
114 24
115 15
116 49
117 7
118 5
119 18
120 1
121 16
122 75
123 21
124 10
125 1
126 5
127 8
128 9
129 18
130 5
131 17
132 5
133 0
134 0
135 61
136 34
137 157
138 10
139 10
140 55
141 44
142 6
143 9
144 1
145 1
146 37
147 8
148 53
149 33
150 15
151 0
152 0
153 16
154 11
155 17
156 8
157 12
158 137
159 16
160 8
161 9
162 1
163 24
164 22
165 31
166 46
167 25
168 14
169 9
170 0
171 37
172 13
173 11
174 49
175 103
176 66
177 9
178 18
179 0
180 64
181 5
182 146
183 75
184 36
185 26
186 111
187 110
188 57
189 6
190 13
191 0
192 0
193 3
194 1
195 0
196 63
197 35
198 4
199 51
200 34
201 30
202 11
203 62
204 38
205 81
206 129
207 29
208 16
209 0
210 79
211 2
212 13
213 33
214 0
215 72
216 4
217 18
218 23
219 103
220 31
221 82
222 81
223 69
224 129
225 0
226 57
227 9
228 1
229 10
230 4
231 0
232 0
233 8
234 0
235 9
236 0
237 0
238 34
239 145
240 4
241 130
242 88
243 14
244 87
245 20
246 33
247 1
248 24
249 15
250 16
251 4
252 8
253 0
254 4
255 13
256 205
257 74
258 11
259 1
260 0
261 0
262 4
263 37
264 6
265 14
266 0
267 11
268 6
269 0
270 22
271 48
272 12
273 0
274 6
275 6
276 6
277 3
278 11
279 37
280 4
281 0
282 20
283 125
284 3
285 5
286 13
287 7
288 14
289 9
290 108
291 28
292 166
293 56
294 1
295 31
296 40
297 18
298 20
299 8
300 25
301 24
302 32
303 30
304 146
305 39
306 30
307 70
308 0
309 33
310 29
311 36
312 50
313 8
314 10
315 45
316 43
317 57
318 118
319 4
320 0
321 28
322 9
323 11
324 0
325 1
326 10
327 5
328 1
329 0
330 4
331 31
332 10
333 63
334 73
335 70
336 0
337 26
338 97
339 62
340 0
341 4
342 3
343 1
344 6
345 3
346 21
347 4
348 61
349 19
350 31
351 116
352 24
353 5
354 0
355 2
356 2
357 27
358 0
359 30
360 33
361 92
362 140
363 4
364 0
365 0
366 10
367 14
368 43
369 54
370 16
371 12
372 14
373 15
374 9
375 12
376 25
377 1
378 5
379 33
380 28
381 0
382 29
383 0
384 22
385 36
386 0
387 1
388 39
389 55
390 83
391 53
392 96
393 1
394 53
395 25
396 82
397 31
398 0
399 58
400 4
401 24
402 15
403 14
404 43
405 35
406 79
407 64
408 17
409 1
410 6
411 11
412 26
413 122
414 0
415 4
416 13
417 27
418 6
419 18
420 0
421 3
422 57
423 44
424 63
425 28
426 25
427 7
428 38
429 3
430 97
431 4
432 9
433 18
434 2
435 6
436 70
437 106
438 148
439 51
440 91
441 78
442 31
443 117
444 20
445 17
446 10
447 3
448 57
449 18
450 50
451 24
452 47
453 76
454 81
455 15
456 50
457 99
458 65
459 0
460 1
461 73
462 52
463 35
464 37
465 25
466 0
467 61
468 39
469 76
470 103
471 101
472 0
473 37
474 72
475 21
476 5
477 9
478 2
479 17
480 5
481 16
482 22
483 5
484 57
485 22
486 29
487 0
488 16
489 89
490 24
491 16
492 90
493 146
494 12
495 38
496 20
497 9
498 83
499 30
500 29
501 26
502 20
503 12
504 2
505 30
506 49
507 6
508 4
509 127
510 0
511 18
512 63
513 103
514 42
515 57
516 30
517 24
518 1
519 25
520 104
521 87
522 5
523 17
524 24
525 1
526 2
527 10
528 33
529 7
530 4
531 14
532 74
533 70
534 10
535 0
536 56
537 7
538 11
539 46
540 7
541 18
542 7
543 0
544 53
545 3
546 36
547 0
548 43
549 2
550 20
551 5
552 63
553 0
554 88
555 74
556 16
557 10
558 23
559 41
560 12
561 35
562 15
563 2
564 1
565 1
566 0
567 10
568 4
569 1
570 10
571 43
572 25
573 17
574 7
575 46
576 13
577 21
578 26
579 16
580 5
581 3
582 3
583 21
584 43
585 38
586 27
587 10
588 61
589 117
590 4
591 2
592 20
593 4
594 5
595 13
596 9
597 4
598 66
599 103
600 69
601 134
602 29
603 23
604 11
605 9
606 27
607 29
608 61
609 17
610 38
611 22
612 67
613 48
614 98
615 71
616 63
617 1
618 7
619 3
620 11
621 0
622 21
623 10
624 10
625 72
626 41
627 106
628 70
629 0
630 83
631 14
632 19
633 15
634 25
635 12
636 42
637 2
638 17
639 46
640 6
641 41
642 29
643 85
644 18
645 76
646 38
647 8
648 7
649 0
650 0
651 27
652 36
653 14
654 17
655 19
656 13
657 7
658 78
659 54
660 4
661 36
662 4
663 50
664 9
665 7
666 37
667 27
668 2
669 22
670 34
671 72
672 6
673 5
674 13
675 2
676 57
677 0
678 52
679 26
680 77
681 0
682 3
683 17
684 7
685 25
686 8
687 0
688 1
689 20
690 77
691 49
692 33
693 1
694 8
695 12
696 8
697 10
698 6
699 32
700 13
701 19
702 27
703 3
704 13
705 58
706 84
707 41
708 4
709 45
710 1
711 0
712 4
713 5
714 0
715 5
716 27
717 115
718 57
719 48
720 109
721 22
722 14
723 0
724 15
725 14
726 24
727 16
728 0
729 47
730 29
731 59
732 9
733 24
734 34
735 12
736 44
737 29
738 67
739 86
740 28
741 19
742 0
743 12
744 51
745 0
746 1
747 0
748 53
749 17
750 123
751 5
752 59
753 15
754 43
755 2
756 23
757 11
758 18
759 69
760 32
761 10
762 27
763 13
764 93
765 31
766 28
767 24
768 0
769 15
770 89
771 13
772 4
773 0
774 22
775 32
776 20
777 18
778 22
779 2
780 0
781 7
782 19
783 11
784 33
785 13
786 49
787 32
788 8
789 76
790 11
791 8
792 18
793 39
794 39
795 0
796 49
797 54
798 24
799 13
800 8
801 0
802 13
803 1
804 3
805 3
806 84
807 32
808 19
809 60
810 39
811 8
812 24
813 26
814 7
815 2
816 0
817 0
818 16
819 66
820 72
821 79
822 29
823 38
824 6
825 29
826 10
827 52
828 30
829 22
830 10
831 25
832 32
833 42
834 43
835 22
836 31
837 13
838 11
839 4
840 1
841 4
842 2
843 0
844 16
845 23
846 32
847 53
848 32
849 9
850 42
851 0
852 39
853 8
854 5
855 28
856 10
857 53
858 45
859 9
860 8
861 21
862 42
863 16
864 15
865 0
866 9
867 25
868 9
869 6
870 9
871 4
872 0
873 7
874 0
875 0
876 7
877 74
878 28
879 24
880 96
881 67
882 8
883 3
884 36
885 4
886 8
887 7
888 25
889 125
890 13
891 10
892 28
893 15
894 9
895 20
896 13
897 29
898 7
899 5
900 0
901 0
902 9
903 132
904 57
905 15
906 53
907 79
908 62
909 3
910 6
911 42
912 0
913 3
914 16
915 56
916 4
917 18
918 52
919 14
920 49
921 62
922 20
923 4
924 12
925 2
926 9
927 25
928 0
929 3
930 38
931 103
932 38
933 95
934 42
935 70
936 10
937 8
938 43
939 15
940 65
941 0
942 0
943 4
944 60
945 72
946 22
947 0
948 0
949 41
950 29
951 3
952 24
953 60
954 28
955 91
956 104
957 25
958 11
959 37
960 23
961 0
962 10
963 34
964 41
965 12
966 28
967 21
968 25
969 70
970 27
971 0
972 24
973 56
974 18
975 0
976 6
977 5
978 143
979 19
980 115
981 122
982 21
983 10
984 75
985 67
986 21
987 5
988 0
989 0
990 3
991 11
992 17
993 85
994 52
995 12
996 22
997 9
998 12
999 27
1000 12
1001 33
1002 57
1003 0
1004 0
1005 0
1006 0
1007 48
1008 94
1009 0
1010 15
1011 0
1012 6
1013 0
1014 0
1015 0
1016 25
1017 77
1018 7
1019 62
1020 46
1021 85
1022 46
1023 18
1024 32
1025 12
1026 35
1027 100
1028 19
1029 9
1030 11
1031 57
1032 2
1033 3
1034 17
1035 27
1036 13
1037 9
1038 81
1039 49
1040 72
1041 40
1042 3
1043 22
1044 11
1045 21
1046 32
1047 24
1048 40
1049 7
1050 5
1051 0
1052 0
1053 1
1054 5
1055 14
1056 22
1057 28
1058 36
1059 72
1060 70
1061 19
1062 0
1063 4
1064 0
1065 6
1066 6
1067 17
1068 7
1069 15
1070 18
1071 11
1072 67
1073 26
1074 46
1075 4
1076 6
1077 0
1078 31
1079 3
1080 58
1081 37
1082 12
1083 25
1084 25
1085 9
1086 0
1087 6
1088 1
1089 0
1090 56
1091 0
1092 58
1093 89
1094 36
1095 7
1096 16
1097 6
1098 17
1099 103
1100 2
1101 6
1102 9
1103 16
1104 3
1105 8
1106 0
1107 85
1108 17
1109 1
1110 185
1111 46
1112 4
1113 35
1114 0
1115 5
1116 1
1117 8
1118 6
1119 81
1120 64
1121 53
1122 7
1123 2
1124 15
1125 3
1126 21
1127 0
1128 23
1129 36
1130 0
1131 0
1132 0
1133 26
1134 14
1135 9
1136 0
1137 0
1138 0
1139 44
1140 192
1141 112
1142 47
1143 1
1144 5
1145 0
1146 0
1147 0
1148 1
1149 73
1150 120
1151 11
1152 12
1153 15
1154 28
1155 93
1156 65
1157 46
1158 11
1159 7
1160 10
1161 0
1162 27
1163 0
1164 1
1165 0
1166 21
1167 29
1168 59
1169 11
1170 0
1171 0
1172 0
1173 11
1174 4
1175 4
1176 42
1177 88
1178 15
1179 75
1180 4
1181 50
1182 43
1183 63
1184 24
1185 62
1186 31
1187 25
1188 6
1189 0
1190 0
1191 32
1192 28
1193 2
1194 9
1195 3
1196 9
1197 1
1198 0
1199 23
1200 13
1201 1
1202 0
1203 81
1204 5
1205 3
1206 16
1207 3
1208 19
1209 14
1210 55
1211 47
1212 128
1213 10
1214 29
1215 65
1216 29
1217 110
1218 55
1219 8
1220 34
1221 21
1222 10
1223 30
1224 26
1225 7
1226 16
1227 4
1228 28
1229 42
1230 20
1231 0
1232 14
1233 31
1234 38
1235 111
1236 21
1237 26
1238 39
1239 1
1240 14
1241 0
1242 3
1243 48
1244 1
1245 18
1246 17
1247 43
1248 91
1249 123
1250 7
1251 58
1252 86
1253 113
1254 192
1255 25
1256 20
1257 9
1258 55
1259 3
1260 22
1261 10
1262 23
1263 24
1264 65
1265 47
1266 30
1267 9
1268 2
1269 2
1270 5
1271 14
1272 25
1273 29
1274 160
1275 71
1276 7
1277 15
1278 12
1279 19
1280 3
1281 3
1282 1
1283 1
1284 0
1285 0
1286 40
1287 86
1288 26
1289 65
1290 59
1291 58
1292 32
1293 38
1294 488
1295 178
1296 22
1297 3
1298 23
1299 58
1300 10
1301 1
1302 15
1303 29
1304 92
1305 0
1306 12
1307 52
1308 44
1309 35
1310 7
1311 28
1312 1
1313 0
1314 1
1315 80
1316 69
1317 0
1318 97
1319 89
1320 82
1321 158
1322 93
1323 14
1324 9
1325 23
1326 6
1327 12
1328 0
1329 23
1330 10
1331 26
1332 95
1333 22
1334 6
1335 24
1336 19
1337 63
1338 0
1339 173
1340 214
1341 0
1342 14
1343 51
1344 68
1345 14
1346 9
1347 8
1348 4
1349 18
1350 91
1351 10
1352 2
1353 83
1354 0
1355 38
1356 38
1357 14
1358 0
1359 0
1360 8
1361 0
1362 0
1363 0
1364 121
1365 137
1366 28
1367 40
1368 39
1369 89
1370 0
1371 64
1372 0
1373 8
1374 0
1375 1
1376 4
1377 8
1378 19
1379 87
1380 103
1381 13
1382 18
1383 16
1384 42
1385 24
1386 56
1387 180
1388 47
1389 0
1390 57
1391 40
1392 10
1393 13
1394 8
1395 26
1396 32
1397 23
1398 0
1399 12
1400 63
1401 43
1402 32
1403 49
1404 36
1405 13
1406 14
1407 42
1408 45
1409 55
1410 40
1411 18
1412 19
1413 0
1414 6
1415 4
1416 40
1417 58
1418 37
1419 99
1420 42
1421 121
1422 30
1423 3
1424 9
1425 3
1426 11
1427 44
1428 130
1429 172
1430 107
1431 134
1432 105
1433 45
1434 47
1435 61
1436 47
1437 104
1438 1
1439 0
1440 34
1441 30
1442 158
1443 30
1444 32
1445 65
1446 91
1447 19
1448 25
1449 15
1450 12
1451 107
1452 18
1453 60
1454 38
1455 5
1456 26
1457 100
1458 2
1459 111
1460 33
1461 18
1462 9
1463 15
1464 1
1465 17
1466 31
1467 0
1468 8
1469 5
1470 2
1471 0
1472 0
1473 6
1474 0
1475 31
1476 157
1477 285
1478 119
1479 79
1480 133
1481 92
1482 13
1483 71
1484 49
1485 0
1486 15
1487 5
1488 46
1489 40
1490 189
1491 48
1492 23
1493 44
1494 45
1495 0
1496 82
1497 107
1498 0
1499 34
1500 66
1501 20
1502 29
1503 7
1504 41
1505 83
1506 12
1507 29
1508 0
1509 15
1510 25
1511 3
1512 6
1513 13
1514 109
1515 37
1516 19
1517 4
1518 0
1519 0
1520 1
1521 4
1522 6
1523 4
1524 47
1525 155
1526 119
1527 317
1528 240
1529 161
1530 62
1531 3
1532 28
1533 86
1534 7
1535 0
1536 34
1537 35
1538 55
1539 33
1540 3
1541 41
1542 10
1543 34
1544 0
1545 98
1546 113
1547 52
1548 15
1549 41
1550 74
1551 21
1552 15
1553 35
1554 18
1555 22
1556 102
1557 183
1558 16
1559 18
1560 34
1561 122
1562 69
1563 70
1564 1
1565 6
1566 27
1567 29
1568 85
1569 1
1570 4
1571 18
1572 233
1573 450
1574 163
1575 17
1576 148
1577 71
1578 42
1579 105
1580 120
1581 52
1582 55
1583 49
1584 28
1585 7
1586 1
1587 27
1588 65
1589 10
1590 149
1591 54
1592 39
1593 35
1594 44
1595 143
1596 87
1597 11
1598 3
1599 13
1600 108
1601 37
1602 111
1603 14
1604 8
1605 0
1606 6
1607 16
1608 1
1609 0
1610 2
1611 0
1612 35
1613 42
1614 20
1615 4
1616 64
1617 198
1618 158
1619 286
1620 0
1621 208
1622 167
1623 59
1624 48
1625 7
1626 132
1627 81
1628 31
1629 72
1630 49
1631 35
1632 51
1633 39
1634 62
1635 19
1636 17
1637 33
1638 36
1639 42
1640 74
1641 19
1642 1
1643 4
1644 6
1645 130
1646 0
1647 37
1648 74
1649 46
1650 26
1651 79
1652 197
1653 8
1654 31
1655 85
1656 97
1657 22
1658 40
1659 53
1660 29
1661 38
1662 36
1663 7
1664 47
1665 64
1666 48
1667 101
1668 99
1669 0
1670 20
1671 21
1672 0
1673 3
1674 0
1675 2
1676 2
1677 228
1678 137
1679 122
1680 132
1681 46
1682 73
1683 71
1684 0
1685 88
1686 57
1687 21
1688 36
1689 50
1690 19
1691 51
1692 10
1693 31
1694 47
1695 3
1696 27
1697 7
1698 12
1699 15
1700 9
1701 102
1702 13
1703 36
1704 0
1705 1
1706 10
1707 25
1708 1
1709 37
1710 211
1711 58
1712 44
1713 29
1714 30
1715 86
1716 60
1717 41
1718 13
1719 29
1720 3
1721 33
1722 8
1723 7
1724 14
1725 11
1726 29
1727 21
1728 80
1729 68
1730 3
1731 7
1732 3
1733 23
1734 12
1735 2
1736 19
1737 48
1738 77
1739 66
1740 54
1741 18
1742 66
1743 7
1744 34
1745 49
1746 30
1747 1
1748 6
1749 9
1750 19
1751 51
1752 74
1753 6
1754 4
1755 25
1756 14
1757 20
1758 33
1759 2
1760 3
1761 75
1762 19
1763 29
1764 41
1765 36
1766 18
1767 81
1768 40
1769 0
1770 9
1771 19
1772 41
1773 70
1774 34
1775 26
1776 23
1777 40
1778 76
1779 1
1780 12
1781 0
1782 45
1783 0
1784 12
1785 22
1786 3
1787 51
1788 26
1789 12
1790 39
1791 2
1792 52
1793 24
1794 5
1795 0
1796 0
1797 88
1798 75
1799 153
1800 132
1801 38
1802 47
1803 12
1804 27
1805 133
1806 123
1807 26
1808 36
1809 1
1810 42
1811 22
1812 13
1813 16
1814 16
1815 13
1816 10
1817 2
1818 15
1819 4
1820 34
1821 27
1822 21
1823 22
1824 81
1825 37
1826 11
1827 29
1828 42
1829 65
1830 5
1831 52
1832 13
1833 50
1834 10
1835 81
1836 30
1837 8
1838 29
1839 13
1840 23
1841 18
1842 11
1843 34
1844 101
1845 67
1846 21
1847 25
1848 59
1849 95
1850 14
1851 10
1852 12
1853 46
1854 17
1855 49
1856 29
1857 10
1858 82
1859 99
1860 27
1861 64
1862 61
1863 3
1864 27
1865 8
1866 30
1867 242
1868 60
1869 28
1870 7
1871 34
1872 116
1873 56
1874 18
1875 7
1876 10
1877 26
1878 24
1879 21
1880 2
1881 58
1882 91
1883 117
1884 54
1885 24
1886 11
1887 12
1888 1
1889 51
1890 63
1891 18
1892 40
1893 40
1894 150
1895 162
1896 67
1897 18
1898 14
1899 14
1900 72
1901 47
1902 0
1903 102
1904 0
1905 53
1906 39
1907 54
1908 30
1909 34
1910 32
1911 42
1912 88
1913 41
1914 7
1915 5
1916 6
1917 51
1918 24
1919 53
1920 25
1921 45
1922 9
1923 45
1924 38
1925 46
1926 9
1927 8
1928 10
1929 13
1930 28
1931 42
1932 18
1933 4
1934 22
1935 47
1936 60
1937 10
1938 7
1939 0
1940 52
1941 41
1942 115
1943 97
1944 13
1945 13
1946 21
1947 3
1948 25
1949 21
1950 16
1951 54
1952 37
1953 57
1954 28
1955 86
1956 14
1957 33
1958 49
1959 22
1960 17
1961 4
1962 0
1963 10
1964 97
1965 106
1966 12
1967 54
1968 106
1969 45
1970 21
1971 42
1972 86
1973 11
1974 23
1975 48
1976 22
1977 0
1978 7
1979 3
1980 48
1981 87
1982 39
1983 8
1984 16
1985 84
1986 40
1987 4
1988 6
1989 62
1990 29
1991 39
1992 32
1993 18
1994 38
1995 81
1996 138
1997 45
1998 22
1999 53
2000 50
2001 0
2002 12
2003 31
2004 81
2005 37
2006 21
2007 30
2008 24
2009 36
2010 40
2011 47
2012 9
2013 10
2014 58
2015 46
2016 83
2017 102
2018 9
2019 70
2020 26
2021 19
2022 13
2023 78
2024 131
2025 3
2026 29
2027 25
2028 28
2029 16
2030 51
2031 58
2032 42
2033 12
2034 42
2035 63
2036 96
2037 34
2038 34
2039 25
2040 15
2041 11
2042 20
2043 59
2044 12
2045 0
2046 26
2047 28
2048 77
2049 95
2050 63
2051 64
2052 6
2053 8
2054 40
2055 125
2056 19
2057 22
2058 28
2059 27
2060 24
2061 63
2062 40
2063 37
2064 12
2065 0
2066 60
2067 47
2068 4
2069 61
2070 18
2071 33
2072 79
2073 67
2074 36
2075 52
2076 79
2077 19
2078 1
2079 6
2080 49
2081 89
2082 59
2083 45
2084 26
2085 23
2086 55
2087 31
2088 56
2089 48
2090 36
2091 24
2092 21
2093 0
2094 38
2095 134
2096 39
2097 152
2098 69
2099 40
2100 19
2101 12
2102 2
2103 93
2104 91
2105 44
2106 1
2107 2
2108 14
2109 12
2110 68
2111 48
2112 72
2113 40
2114 32
2115 51
2116 32
2117 28
2118 89
2119 88
2120 18
2121 20
2122 7
2123 6
2124 71
2125 6
2126 48
2127 42
2128 74
2129 24
2130 37
2131 86
2132 104
2133 12
2134 0
2135 9
2136 3
2137 52
2138 100
2139 24
2140 8
2141 1
2142 0
2143 0
2144 63
2145 73
2146 28
2147 16
2148 98
2149 37
2150 109
2151 16
2152 66
2153 78
2154 62
2155 19
2156 3
2157 7
2158 5
2159 30
2160 84
2161 88
2162 0
2163 2
2164 15
2165 64
2166 33
2167 27
2168 21
2169 45
2170 14
2171 9
2172 55
2173 37
2174 2
2175 21
2176 0
2177 39
2178 10
2179 15
2180 9
2181 24
2182 16
2183 23
2184 10
2185 0
2186 0
2187 53
2188 21
2189 17
2190 62
2191 46
2192 15
2193 68
2194 10
2195 3
2196 2
2197 10
2198 4
2199 30
2200 20
2201 34
2202 49
2203 67
2204 12
2205 61
2206 71
2207 18
2208 0
2209 28
2210 31
2211 54
2212 101
2213 84
2214 12
2215 18
2216 3
2217 7
2218 3
2219 0
2220 40
2221 1
2222 1
2223 15
2224 46
2225 9
2226 9
2227 70
2228 59
2229 51
2230 60
2231 6
2232 24
2233 29
2234 0
2235 8
2236 4
2237 22
2238 9
2239 0
2240 0
2241 4
2242 3
2243 80
2244 38
2245 8
2246 12
2247 64
2248 101
2249 11
2250 75
2251 39
2252 9
2253 27
2254 85
2255 36
2256 57
2257 19
2258 3
2259 8
2260 70
2261 9
2262 6
2263 0
2264 1
2265 22
2266 101
2267 82
2268 74
2269 103
2270 96
2271 54
2272 4
2273 13
2274 120
2275 83
2276 40
2277 94
2278 29
2279 6
2280 3
2281 69
2282 89
2283 11
2284 0
2285 11
2286 51
2287 11
2288 18
2289 16
2290 84
2291 113
2292 7
2293 2
2294 88
2295 75
2296 17
2297 36
2298 21
2299 4
2300 39
2301 59
2302 38
2303 2
2304 14
2305 4
2306 11
2307 0
2308 90
2309 30
2310 27
2311 32
2312 17
2313 20
2314 46
2315 19
2316 98
2317 28
2318 0
2319 11
2320 71
2321 46
2322 37
2323 0
2324 0
2325 8
2326 81
2327 147
2328 27
2329 4
2330 9
2331 4
2332 0
2333 17
2334 0
2335 172
2336 21
2337 4
2338 20
2339 47
2340 38
2341 15
2342 0
2343 0
2344 29
2345 67
2346 36
2347 53
2348 5
2349 31
2350 35
2351 0
2352 57
2353 92
2354 54
2355 13
2356 41
2357 13
2358 3
2359 0
2360 1
2361 2
2362 0
2363 79
2364 82
2365 9
2366 62
2367 51
2368 11
2369 24
2370 61
2371 39
2372 30
2373 21
2374 3
2375 36
2376 63
2377 0
2378 0
2379 9
2380 13
2381 3
2382 75
2383 0
2384 31
2385 113
2386 30
2387 71
2388 137
2389 78
2390 52
2391 84
2392 0
2393 10
2394 75
2395 30
2396 11
2397 2
2398 70
2399 1
2400 6
2401 49
2402 174
2403 13
2404 23
2405 62
2406 77
2407 55
2408 24
2409 43
2410 24
2411 69
2412 41
2413 10
2414 0
2415 19
2416 5
2417 10
2418 3
2419 52
2420 84
2421 74
2422 163
2423 21
2424 39
2425 50
2426 65
2427 86
2428 104
2429 20
2430 1
2431 25
2432 56
2433 0
2434 8
2435 30
2436 37
2437 16
2438 100
2439 11
2440 37
2441 78
2442 0
2443 38
2444 36
2445 46
2446 9
2447 0
2448 0
2449 38
2450 2
2451 11
2452 4
2453 3
2454 31
2455 31
2456 43
2457 33
2458 6
2459 28
2460 4
2461 3
2462 0
2463 4
2464 27
2465 151
2466 22
2467 0
2468 10
2469 14
2470 26
2471 0
2472 0
2473 4
2474 0
2475 0
2476 0
2477 8
2478 45
2479 0
2480 13
2481 18
2482 6
2483 18
2484 26
2485 39
2486 16
2487 60
2488 11
2489 14
2490 0
2491 1
2492 0
2493 0
2494 18
2495 30
2496 10
2497 24
2498 6
2499 22
2500 14
2501 12
2502 16
2503 71
2504 3
2505 0
2506 0
2507 2
2508 1
2509 12
2510 8
2511 12
2512 11
2513 20
2514 0
2515 0
2516 4
2517 0
2518 0
2519 0
2520 9
2521 4
2522 0
2523 22
2524 0
2525 0
2526 35
2527 21
2528 0
2529 7
2530 10
2531 5
2532 2
2533 1
2534 64
2535 78
2536 13
2537 18
2538 30
2539 5
2540 0
2541 4
2542 94
2543 24
2544 27
2545 72
2546 5
2547 2
2548 17
2549 12
2550 7
2551 3
2552 21
2553 48
2554 19
2555 0
2556 0
2557 6
2558 16
2559 15
2560 40
2561 31
2562 11
2563 27
2564 8
2565 7
2566 17
2567 7
2568 5
2569 0
2570 9
2571 6
2572 0
2573 13
2574 0
2575 34
2576 1
2577 2
2578 2
2579 1
2580 0
2581 0
2582 0
2583 0
2584 0
2585 0
2586 0
2587 0
2588 0
2589 0
2590 0
2591 0
2592 0
2593 0
2594 0
2595 0
2596 0
2597 0
2598 0
