0 23
1 0
2 1
3 0
4 6
5 13
6 1
7 0
8 0
9 0
10 4
11 23
12 4
13 10
14 37
15 17
16 25
17 4
18 2
19 61
20 0
21 8
22 4
23 43
24 0
25 15
26 1
27 1
28 1
29 5
30 0
31 2
32 0
33 15
34 2
35 27
36 2
37 5
38 3
39 3
40 0
41 2
42 3
43 2
44 31
45 0
46 1
47 0
48 2
49 26
50 10
51 3
52 19
53 21
54 19
55 0
56 5
57 12
58 26
59 2
60 4
61 25
62 21
63 2
64 1
65 58
66 5
67 20
68 10
69 2
70 3
71 3
72 0
73 1
74 24
75 34
76 0
77 16
78 40
79 38
80 3
81 0
82 14
83 9
84 2
85 1
86 16
87 54
88 53
89 0
90 0
91 1
92 1
93 16
94 3
95 0
96 4
97 28
98 5
99 31
100 0
101 3
102 18
103 26
104 5
105 10
106 30
107 7
108 27
109 24
110 0
111 0
112 14
113 4
114 19
115 9
116 28
117 5
118 2
119 14
120 0
121 9
122 45
123 11
124 4
125 1
126 0
127 4
128 4
129 0
130 5
131 11
132 2
133 0
134 2
135 43
136 23
137 100
138 6
139 4
140 43
141 33
142 5
143 5
144 0
145 0
146 24
147 7
148 32
149 16
150 7
151 0
152 0
153 12
154 7
155 12
156 4
157 9
158 89
159 13
160 7
161 5
162 0
163 17
164 14
165 19
166 31
167 17
168 7
169 6
170 44
171 24
172 9
173 2
174 36
175 67
176 48
177 5
178 13
179 0
180 39
181 3
182 98
183 45
184 19
185 14
186 80
187 74
188 39
189 4
190 8
191 0
192 0
193 1
194 0
195 0
196 37
197 19
198 3
199 33
200 22
201 20
202 5
203 37
204 20
205 57
206 85
207 20
208 12
209 0
210 57
211 0
212 8
213 20
214 0
215 49
216 1
217 11
218 15
219 71
220 12
221 49
222 45
223 44
224 70
225 42
226 39
227 5
228 0
229 6
230 1
231 0
232 0
233 6
234 0
235 8
236 0
237 0
238 17
239 87
240 3
241 96
242 53
243 7
244 56
245 15
246 20
247 1
248 14
249 10
250 7
251 2
252 4
253 0
254 2
255 9
256 139
257 51
258 9
259 1
260 0
261 0
262 2
263 0
264 2
265 9
266 3
267 7
268 3
269 0
270 15
271 33
272 10
273 0
274 2
275 4
276 4
277 2
278 9
279 23
280 1
281 0
282 11
283 77
284 2
285 2
286 8
287 9
288 6
289 4
290 71
291 15
292 102
293 33
294 1
295 20
296 29
297 12
298 14
299 0
300 17
301 13
302 21
303 19
304 88
305 30
306 15
307 42
308 0
309 26
310 17
311 22
312 29
313 4
314 5
315 26
316 29
317 39
318 76
319 0
320 12
321 16
322 5
323 3
324 1
325 0
326 5
327 3
328 0
329 0
330 0
331 18
332 4
333 41
334 58
335 45
336 4
337 18
338 64
339 40
340 0
341 1
342 3
343 1
344 3
345 1
346 11
347 2
348 40
349 11
350 0
351 76
352 11
353 2
354 0
355 0
356 1
357 18
358 0
359 24
360 24
361 61
362 80
363 2
364 0
365 0
366 5
367 13
368 25
369 30
370 10
371 7
372 8
373 10
374 8
375 7
376 16
377 0
378 2
379 17
380 17
381 0
382 20
383 1
384 18
385 28
386 0
387 0
388 22
389 31
390 48
391 31
392 54
393 0
394 34
395 13
396 58
397 15
398 0
399 40
400 2
401 15
402 8
403 9
404 29
405 21
406 46
407 36
408 11
409 0
410 4
411 9
412 20
413 71
414 46
415 1
416 0
417 17
418 2
419 12
420 6
421 3
422 0
423 0
424 39
425 17
426 14
427 4
428 24
429 1
430 62
431 4
432 6
433 9
434 1
435 2
436 50
437 74
438 97
439 41
440 50
441 42
442 20
443 86
444 12
445 12
446 13
447 2
448 38
449 13
450 36
451 18
452 23
453 48
454 50
455 8
456 32
457 66
458 38
459 0
460 0
461 43
462 39
463 23
464 29
465 16
466 3
467 38
468 24
469 51
470 63
471 73
472 40
473 22
474 48
475 14
476 3
477 5
478 3
479 9
480 2
481 9
482 13
483 2
484 36
485 13
486 16
487 33
488 10
489 53
490 14
491 11
492 48
493 88
494 11
495 19
496 13
497 6
498 55
499 16
500 16
501 18
502 13
503 5
504 1
505 20
506 30
507 3
508 0
509 83
510 7
511 10
512 35
513 66
514 26
515 36
516 18
517 15
518 1
519 19
520 67
521 55
522 1
523 11
524 13
525 0
526 1
527 4
528 21
529 6
530 3
531 7
532 47
533 43
534 4
535 35
536 44
537 0
538 3
539 33
540 6
541 7
542 2
543 34
544 38
545 2
546 22
547 0
548 28
549 1
550 12
551 4
552 40
553 42
554 58
555 56
556 10
557 5
558 11
559 26
560 8
561 26
562 11
563 0
564 0
565 0
566 0
567 7
568 3
569 1
570 9
571 26
572 16
573 10
574 3
575 26
576 9
577 11
578 18
579 8
580 0
581 1
582 2
583 14
584 25
585 23
586 16
587 4
588 37
589 73
590 1
591 0
592 19
593 2
594 3
595 9
596 7
597 3
598 0
599 59
600 41
601 97
602 16
603 18
604 11
605 5
606 22
607 20
608 36
609 14
610 29
611 15
612 40
613 27
614 61
615 48
616 38
617 1
618 2
619 3
620 9
621 0
622 12
623 6
624 8
625 50
626 30
627 71
628 44
629 34
630 55
631 9
632 14
633 12
634 16
635 10
636 25
637 2
638 13
639 0
640 0
641 22
642 25
643 0
644 12
645 48
646 29
647 2
648 3
649 0
650 0
651 15
652 26
653 13
654 13
655 12
656 10
657 2
658 49
659 37
660 0
661 21
662 2
663 31
664 4
665 3
666 29
667 19
668 0
669 13
670 18
671 41
672 5
673 3
674 5
675 0
676 30
677 40
678 28
679 19
680 45
681 42
682 3
683 7
684 9
685 20
686 6
687 0
688 0
689 12
690 56
691 31
692 20
693 0
694 7
695 7
696 8
697 4
698 3
699 20
700 13
701 14
702 20
703 2
704 8
705 37
706 51
707 23
708 2
709 26
710 1
711 0
712 0
713 2
714 0
715 0
716 21
717 80
718 35
719 30
720 74
721 19
722 8
723 0
724 12
725 6
726 18
727 13
728 9
729 31
730 17
731 37
732 4
733 19
734 24
735 9
736 28
737 22
738 45
739 51
740 15
741 0
742 1
743 8
744 35
745 1
746 0
747 0
748 32
749 12
750 81
751 1
752 35
753 6
754 28
755 2
756 12
757 6
758 11
759 51
760 22
761 9
762 19
763 8
764 59
765 18
766 20
767 15
768 0
769 12
770 58
771 9
772 4
773 0
774 14
775 22
776 14
777 16
778 15
779 2
780 0
781 4
782 16
783 8
784 19
785 9
786 33
787 23
788 6
789 48
790 6
791 6
792 10
793 31
794 28
795 0
796 28
797 33
798 18
799 10
800 3
801 0
802 8
803 0
804 3
805 2
806 54
807 25
808 14
809 37
810 21
811 5
812 13
813 16
814 4
815 1
816 0
817 0
818 12
819 40
820 46
821 50
822 19
823 27
824 5
825 17
826 0
827 34
828 22
829 11
830 10
831 16
832 25
833 28
834 31
835 14
836 19
837 9
838 10
839 2
840 0
841 3
842 2
843 0
844 11
845 18
846 18
847 32
848 17
849 5
850 28
851 1
852 22
853 6
854 2
855 18
856 5
857 34
858 33
859 6
860 5
861 15
862 29
863 5
864 10
865 21
866 4
867 19
868 4
869 4
870 0
871 3
872 0
873 2
874 0
875 0
876 3
877 50
878 18
879 13
880 76
881 47
882 7
883 6
884 23
885 2
886 4
887 5
888 13
889 85
890 8
891 7
892 16
893 7
894 7
895 12
896 9
897 19
898 4
899 2
900 0
901 0
902 6
903 84
904 43
905 8
906 38
907 47
908 0
909 1
910 3
911 31
912 0
913 0
914 11
915 34
916 2
917 13
918 35
919 12
920 33
921 39
922 14
923 3
924 8
925 3
926 5
927 15
928 0
929 1
930 17
931 61
932 22
933 69
934 26
935 49
936 8
937 6
938 26
939 9
940 40
941 19
942 0
943 3
944 33
945 47
946 13
947 1
948 0
949 34
950 21
951 3
952 17
953 39
954 17
955 62
956 73
957 12
958 7
959 23
960 13
961 2
962 9
963 24
964 25
965 7
966 21
967 13
968 16
969 45
970 19
971 0
972 15
973 40
974 13
975 20
976 6
977 0
978 85
979 14
980 68
981 80
982 14
983 6
984 52
985 40
986 10
987 4
988 0
989 0
990 2
991 7
992 11
993 59
994 32
995 8
996 13
997 3
998 7
999 16
1000 0
1001 18
1002 33
1003 0
1004 0
1005 0
1006 0
1007 34
1008 66
1009 0
1010 8
1011 6
1012 2
1013 0
1014 0
1015 0
1016 13
1017 45
1018 0
1019 34
1020 34
1021 54
1022 37
1023 10
1024 20
1025 6
1026 27
1027 63
1028 11
1029 3
1030 4
1031 32
1032 0
1033 4
1034 10
1035 21
1036 12
1037 3
1038 59
1039 29
1040 47
1041 23
1042 2
1043 16
1044 4
1045 10
1046 27
1047 18
1048 24
1049 2
1050 4
1051 0
1052 0
1053 0
1054 1
1055 9
1056 12
1057 19
1058 30
1059 52
1060 49
1061 10
1062 0
1063 2
1064 0
1065 4
1066 0
1067 10
1068 4
1069 11
1070 12
1071 8
1072 45
1073 15
1074 28
1075 3
1076 4
1077 0
1078 18
1079 4
1080 36
1081 18
1082 8
1083 16
1084 13
1085 5
1086 0
1087 3
1088 0
1089 0
1090 39
1091 57
1092 41
1093 56
1094 33
1095 6
1096 10
1097 3
1098 12
1099 69
1100 0
1101 4
1102 3
1103 8
1104 3
1105 5
1106 58
1107 65
1108 13
1109 0
1110 129
1111 29
1112 4
1113 21
1114 44
1115 4
1116 0
1117 5
1118 5
1119 54
1120 33
1121 35
1122 6
1123 1
1124 9
1125 0
1126 12
1127 0
1128 13
1129 23
1130 0
1131 0
1132 0
1133 17
1134 13
1135 7
1136 0
1137 0
1138 0
1139 28
1140 132
1141 64
1142 28
1143 0
1144 3
1145 0
1146 8
1147 0
1148 0
1149 39
1150 75
1151 6
1152 7
1153 14
1154 18
1155 61
1156 36
1157 31
1158 7
1159 2
1160 7
1161 4
1162 17
1163 0
1164 1
1165 0
1166 13
1167 17
1168 36
1169 8
1170 47
1171 0
1172 0
1173 8
1174 2
1175 2
1176 27
1177 63
1178 6
1179 55
1180 5
1181 28
1182 23
1183 46
1184 15
1185 36
1186 30
1187 16
1188 2
1189 0
1190 0
1191 22
1192 20
1193 0
1194 4
1195 0
1196 4
1197 1
1198 14
1199 13
1200 7
1201 1
1202 0
1203 48
1204 3
1205 2
1206 6
1207 1
1208 14
1209 7
1210 35
1211 31
1212 74
1213 6
1214 20
1215 43
1216 16
1217 70
1218 39
1219 6
1220 28
1221 16
1222 5
1223 18
1224 15
1225 4
1226 11
1227 4
1228 16
1229 33
1230 14
1231 1
1232 8
1233 21
1234 20
1235 71
1236 14
1237 19
1238 23
1239 0
1240 7
1241 0
1242 3
1243 25
1244 0
1245 0
1246 8
1247 25
1248 56
1249 84
1250 7
1251 34
1252 64
1253 72
1254 125
1255 22
1256 15
1257 8
1258 34
1259 5
1260 12
1261 4
1262 12
1263 14
1264 37
1265 34
1266 19
1267 6
1268 0
1269 1
1270 4
1271 7
1272 15
1273 14
1274 98
1275 44
1276 4
1277 7
1278 8
1279 0
1280 0
1281 1
1282 0
1283 0
1284 0
1285 0
1286 31
1287 55
1288 16
1289 40
1290 39
1291 39
1292 17
1293 20
1294 305
1295 114
1296 10
1297 3
1298 12
1299 0
1300 4
1301 0
1302 8
1303 16
1304 61
1305 11
1306 7
1307 34
1308 27
1309 24
1310 0
1311 20
1312 0
1313 0
1314 0
1315 46
1316 51
1317 48
1318 61
1319 55
1320 54
1321 101
1322 64
1323 7
1324 5
1325 15
1326 0
1327 6
1328 0
1329 12
1330 6
1331 16
1332 71
1333 17
1334 4
1335 15
1336 15
1337 43
1338 35
1339 105
1340 151
1341 26
1342 9
1343 36
1344 38
1345 8
1346 5
1347 6
1348 5
1349 12
1350 56
1351 4
1352 2
1353 60
1354 5
1355 20
1356 28
1357 0
1358 9
1359 25
1360 4
1361 0
1362 0
1363 23
1364 73
1365 82
1366 16
1367 24
1368 23
1369 60
1370 45
1371 41
1372 0
1373 7
1374 0
1375 0
1376 2
1377 5
1378 15
1379 51
1380 62
1381 10
1382 9
1383 11
1384 30
1385 11
1386 38
1387 0
1388 33
1389 5
1390 38
1391 28
1392 0
1393 9
1394 0
1395 22
1396 19
1397 12
1398 0
1399 4
1400 40
1401 23
1402 24
1403 0
1404 22
1405 8
1406 11
1407 31
1408 31
1409 33
1410 23
1411 14
1412 11
1413 0
1414 8
1415 3
1416 25
1417 40
1418 21
1419 58
1420 28
1421 75
1422 19
1423 1
1424 6
1425 1
1426 5
1427 29
1428 82
1429 105
1430 68
1431 99
1432 61
1433 24
1434 37
1435 41
1436 28
1437 67
1438 1
1439 0
1440 21
1441 18
1442 99
1443 20
1444 20
1445 42
1446 55
1447 14
1448 17
1449 11
1450 10
1451 67
1452 13
1453 41
1454 22
1455 2
1456 0
1457 65
1458 2
1459 77
1460 22
1461 12
1462 7
1463 13
1464 0
1465 11
1466 18
1467 18
1468 4
1469 5
1470 1
1471 0
1472 4
1473 5
1474 2
1475 22
1476 110
1477 189
1478 68
1479 59
1480 81
1481 61
1482 16
1483 49
1484 29
1485 0
1486 11
1487 4
1488 35
1489 0
1490 123
1491 31
1492 16
1493 0
1494 33
1495 9
1496 49
1497 71
1498 8
1499 25
1500 42
1501 9
1502 19
1503 8
1504 28
1505 51
1506 4
1507 18
1508 45
1509 10
1510 24
1511 3
1512 3
1513 9
1514 70
1515 26
1516 14
1517 3
1518 0
1519 0
1520 0
1521 3
1522 4
1523 3
1524 29
1525 105
1526 66
1527 208
1528 148
1529 105
1530 36
1531 3
1532 17
1533 59
1534 7
1535 34
1536 19
1537 20
1538 39
1539 23
1540 2
1541 31
1542 6
1543 23
1544 119
1545 63
1546 0
1547 37
1548 9
1549 29
1550 55
1551 11
1552 12
1553 22
1554 12
1555 0
1556 62
1557 123
1558 13
1559 14
1560 19
1561 76
1562 45
1563 44
1564 0
1565 3
1566 18
1567 18
1568 53
1569 1
1570 0
1571 12
1572 166
1573 295
1574 106
1575 9
1576 103
1577 45
1578 30
1579 66
1580 77
1581 30
1582 38
1583 27
1584 22
1585 6
1586 0
1587 17
1588 51
1589 4
1590 100
1591 41
1592 24
1593 25
1594 25
1595 70
1596 58
1597 11
1598 2
1599 7
1600 71
1601 27
1602 84
1603 11
1604 6
1605 1
1606 4
1607 13
1608 0
1609 0
1610 1
1611 0
1612 22
1613 28
1614 13
1615 2
1616 27
1617 0
1618 104
1619 190
1620 87
1621 132
1622 110
1623 35
1624 31
1625 6
1626 88
1627 45
1628 18
1629 46
1630 26
1631 29
1632 32
1633 25
1634 40
1635 15
1636 11
1637 23
1638 24
1639 25
1640 53
1641 8
1642 2
1643 0
1644 4
1645 80
1646 0
1647 32
1648 55
1649 22
1650 15
1651 55
1652 119
1653 5
1654 20
1655 62
1656 63
1657 17
1658 29
1659 40
1660 18
1661 27
1662 20
1663 8
1664 26
1665 45
1666 30
1667 63
1668 63
1669 1
1670 15
1671 13
1672 0
1673 3
1674 0
1675 0
1676 1
1677 148
1678 97
1679 76
1680 88
1681 28
1682 44
1683 52
1684 25
1685 52
1686 34
1687 15
1688 0
1689 31
1690 11
1691 32
1692 11
1693 20
1694 35
1695 3
1696 12
1697 3
1698 8
1699 9
1700 4
1701 74
1702 5
1703 21
1704 0
1705 1
1706 0
1707 15
1708 2
1709 26
1710 140
1711 43
1712 32
1713 21
1714 24
1715 62
1716 35
1717 28
1718 10
1719 18
1720 0
1721 22
1722 4
1723 5
1724 8
1725 7
1726 20
1727 13
1728 49
1729 42
1730 3
1731 6
1732 0
1733 20
1734 9
1735 0
1736 13
1737 28
1738 54
1739 47
1740 33
1741 11
1742 42
1743 5
1744 21
1745 34
1746 14
1747 0
1748 4
1749 7
1750 10
1751 29
1752 44
1753 6
1754 3
1755 11
1756 9
1757 10
1758 18
1759 0
1760 0
1761 48
1762 13
1763 22
1764 23
1765 25
1766 15
1767 51
1768 29
1769 1
1770 8
1771 14
1772 30
1773 42
1774 19
1775 14
1776 23
1777 27
1778 51
1779 0
1780 10
1781 0
1782 26
1783 2
1784 8
1785 14
1786 1
1787 32
1788 19
1789 8
1790 22
1791 1
1792 33
1793 15
1794 2
1795 0
1796 7
1797 63
1798 57
1799 106
1800 82
1801 23
1802 29
1803 7
1804 24
1805 84
1806 77
1807 16
1808 24
1809 0
1810 29
1811 14
1812 10
1813 11
1814 0
1815 0
1816 4
1817 0
1818 15
1819 3
1820 26
1821 17
1822 13
1823 14
1824 64
1825 17
1826 6
1827 15
1828 25
1829 48
1830 3
1831 40
1832 9
1833 41
1834 7
1835 44
1836 18
1837 6
1838 17
1839 6
1840 13
1841 14
1842 4
1843 20
1844 61
1845 41
1846 14
1847 18
1848 35
1849 62
1850 7
1851 5
1852 6
1853 28
1854 11
1855 32
1856 20
1857 6
1858 49
1859 62
1860 16
1861 38
1862 43
1863 1
1864 18
1865 7
1866 19
1867 151
1868 41
1869 20
1870 6
1871 17
1872 63
1873 38
1874 11
1875 6
1876 5
1877 19
1878 23
1879 15
1880 1
1881 32
1882 66
1883 74
1884 44
1885 20
1886 6
1887 5
1888 0
1889 37
1890 35
1891 10
1892 25
1893 22
1894 98
1895 101
1896 46
1897 13
1898 9
1899 9
1900 46
1901 30
1902 7
1903 63
1904 18
1905 36
1906 24
1907 33
1908 14
1909 20
1910 20
1911 24
1912 56
1913 28
1914 5
1915 1
1916 4
1917 32
1918 15
1919 35
1920 13
1921 23
1922 4
1923 26
1924 30
1925 32
1926 3
1927 7
1928 6
1929 8
1930 0
1931 25
1932 12
1933 2
1934 11
1935 30
1936 46
1937 7
1938 4
1939 9
1940 35
1941 28
1942 74
1943 60
1944 9
1945 11
1946 15
1947 1
1948 13
1949 10
1950 12
1951 37
1952 16
1953 43
1954 24
1955 54
1956 10
1957 23
1958 29
1959 15
1960 10
1961 6
1962 1
1963 6
1964 62
1965 61
1966 5
1967 36
1968 64
1969 30
1970 15
1971 25
1972 57
1973 8
1974 16
1975 31
1976 16
1977 0
1978 3
1979 3
1980 36
1981 63
1982 21
1983 6
1984 12
1985 54
1986 27
1987 1
1988 5
1989 33
1990 22
1991 24
1992 22
1993 10
1994 25
1995 51
1996 84
1997 31
1998 14
1999 31
2000 31
2001 1
2002 5
2003 14
2004 55
2005 24
2006 14
2007 21
2008 13
2009 20
2010 25
2011 29
2012 4
2013 5
2014 34
2015 30
2016 52
2017 70
2018 3
2019 43
2020 15
2021 14
2022 10
2023 50
2024 75
2025 2
2026 17
2027 16
2028 15
2029 11
2030 26
2031 41
2032 27
2033 11
2034 30
2035 43
2036 66
2037 24
2038 20
2039 14
2040 9
2041 9
2042 12
2043 50
2044 6
2045 19
2046 17
2047 15
2048 54
2049 59
2050 38
2051 39
2052 5
2053 3
2054 28
2055 85
2056 15
2057 13
2058 14
2059 23
2060 17
2061 35
2062 25
2063 25
2064 6
2065 0
2066 41
2067 29
2068 1
2069 39
2070 10
2071 23
2072 51
2073 47
2074 21
2075 26
2076 47
2077 12
2078 0
2079 5
2080 28
2081 54
2082 40
2083 30
2084 15
2085 12
2086 31
2087 23
2088 41
2089 30
2090 22
2091 13
2092 16
2093 16
2094 23
2095 80
2096 26
2097 88
2098 45
2099 26
2100 0
2101 6
2102 0
2103 57
2104 59
2105 25
2106 1
2107 0
2108 9
2109 9
2110 41
2111 31
2112 50
2113 26
2114 18
2115 34
2116 23
2117 18
2118 55
2119 61
2120 9
2121 13
2122 4
2123 4
2124 52
2125 6
2126 31
2127 36
2128 47
2129 14
2130 21
2131 58
2132 63
2133 8
2134 0
2135 0
2136 0
2137 31
2138 71
2139 15
2140 5
2141 0
2142 0
2143 0
2144 43
2145 51
2146 20
2147 10
2148 65
2149 26
2150 71
2151 8
2152 42
2153 56
2154 35
2155 15
2156 3
2157 6
2158 3
2159 19
2160 54
2161 49
2162 0
2163 1
2164 11
2165 0
2166 18
2167 16
2168 11
2169 26
2170 13
2171 3
2172 31
2173 24
2174 2
2175 14
2176 1
2177 0
2178 5
2179 9
2180 7
2181 11
2182 7
2183 19
2184 4
2185 0
2186 0
2187 30
2188 13
2189 12
2190 37
2191 27
2192 13
2193 42
2194 7
2195 0
2196 0
2197 8
2198 5
2199 23
2200 12
2201 25
2202 26
2203 38
2204 6
2205 44
2206 39
2207 12
2208 1
2209 20
2210 14
2211 0
2212 68
2213 56
2214 8
2215 13
2216 1
2217 5
2218 3
2219 5
2220 26
2221 1
2222 0
2223 12
2224 30
2225 6
2226 4
2227 44
2228 33
2229 33
2230 33
2231 4
2232 17
2233 18
2234 0
2235 6
2236 0
2237 14
2238 3
2239 0
2240 0
2241 0
2242 2
2243 49
2244 25
2245 3
2246 11
2247 37
2248 0
2249 10
2250 54
2251 20
2252 9
2253 19
2254 53
2255 28
2256 34
2257 9
2258 0
2259 4
2260 40
2261 7
2262 4
2263 0
2264 1
2265 15
2266 63
2267 44
2268 41
2269 63
2270 56
2271 33
2272 0
2273 8
2274 71
2275 57
2276 0
2277 60
2278 19
2279 0
2280 2
2281 50
2282 64
2283 5
2284 0
2285 4
2286 35
2287 8
2288 12
2289 12
2290 51
2291 71
2292 8
2293 0
2294 58
2295 48
2296 13
2297 24
2298 16
2299 2
2300 25
2301 0
2302 17
2303 0
2304 10
2305 0
2306 7
2307 16
2308 61
2309 20
2310 18
2311 19
2312 9
2313 13
2314 23
2315 13
2316 65
2317 20
2318 0
2319 7
2320 50
2321 28
2322 26
2323 0
2324 0
2325 0
2326 54
2327 89
2328 19
2329 4
2330 5
2331 3
2332 14
2333 12
2334 80
2335 110
2336 13
2337 2
2338 15
2339 29
2340 24
2341 9
2342 0
2343 0
2344 19
2345 43
2346 19
2347 29
2348 4
2349 21
2350 24
2351 44
2352 35
2353 63
2354 32
2355 8
2356 24
2357 6
2358 3
2359 0
2360 0
2361 0
2362 0
2363 52
2364 52
2365 4
2366 42
2367 31
2368 10
2369 20
2370 39
2371 24
2372 26
2373 11
2374 2
2375 31
2376 42
2377 0
2378 0
2379 5
2380 12
2381 3
2382 52
2383 31
2384 16
2385 78
2386 20
2387 49
2388 88
2389 45
2390 34
2391 59
2392 8
2393 5
2394 50
2395 18
2396 6
2397 0
2398 50
2399 1
2400 5
2401 28
2402 117
2403 7
2404 13
2405 44
2406 47
2407 33
2408 21
2409 27
2410 23
2411 41
2412 28
2413 4
2414 0
2415 13
2416 3
2417 10
2418 0
2419 29
2420 54
2421 48
2422 97
2423 12
2424 30
2425 29
2426 40
2427 57
2428 68
2429 11
2430 0
2431 16
2432 38
2433 0
2434 7
2435 14
2436 20
2437 12
2438 70
2439 7
2440 23
2441 49
2442 52
2443 21
2444 0
2445 24
2446 6
2447 0
2448 1
2449 25
2450 1
2451 7
2452 3
2453 3
2454 18
2455 19
2456 24
2457 27
2458 0
2459 18
2460 0
2461 2
2462 0
2463 0
2464 16
2465 97
2466 12
2467 0
2468 10
2469 9
2470 19
2471 10
2472 12
2473 2
2474 0
2475 1
2476 0
2477 4
2478 24
2479 1
2480 7
2481 13
2482 4
2483 12
2484 15
2485 28
2486 12
2487 34
2488 7
2489 8
2490 0
2491 0
2492 0
2493 0
2494 13
2495 20
2496 11
2497 18
2498 3
2499 17
2500 10
2501 5
2502 11
2503 40
2504 2
2505 0
2506 0
2507 0
2508 0
2509 6
2510 5
2511 6
2512 5
2513 12
2514 0
2515 0
2516 4
2517 0
2518 0
2519 0
2520 6
2521 3
2522 7
2523 18
2524 0
2525 0
2526 26
2527 12
2528 0
2529 5
2530 6
2531 4
2532 1
2533 0
2534 40
2535 46
2536 5
2537 15
2538 17
2539 4
2540 0
2541 4
2542 54
2543 15
2544 19
2545 0
2546 4
2547 1
2548 13
2549 4
2550 2
2551 2
2552 17
2553 29
2554 10
2555 0
2556 0
2557 2
2558 8
2559 8
2560 24
2561 22
2562 5
2563 14
2564 5
2565 5
2566 11
2567 3
2568 2
2569 3
2570 5
2571 4
2572 0
2573 10
2574 0
2575 24
2576 0
2577 2
2578 3
2579 0
2580 0
2581 0
2582 0
2583 0
2584 0
2585 0
2586 0
2587 0
2588 0
2589 0
2590 0
2591 0
2592 0
2593 0
2594 0
2595 0
2596 0
2597 0
2598 0
