0 313
1 6
2 32
3 12
4 94
5 183
6 9
7 12
8 5
9 16
10 76
11 260
12 43
13 177
14 457
15 182
16 321
17 63
18 36
19 770
20 7
21 104
22 56
23 510
24 3
25 181
26 16
27 21
28 16
29 58
30 11
31 31
32 6
33 174
34 30
35 295
36 27
37 79
38 43
39 59
40 107
41 27
42 37
43 31
44 383
45 8
46 29
47 17
48 33
49 336
50 185
51 50
52 305
53 315
54 289
55 29
56 60
57 213
58 316
59 29
60 70
61 386
62 311
63 38
64 52
65 769
66 80
67 272
68 140
69 12
70 59
71 62
72 20
73 11
74 294
75 513
76 25
77 235
78 529
79 509
80 55
81 13
82 211
83 109
84 37
85 16
86 218
87 751
88 653
89 22
90 20
91 21
92 39
93 226
94 64
95 3
96 65
97 346
98 87
99 407
100 10
101 34
102 262
103 288
104 60
105 119
106 394
107 122
108 344
109 321
110 24
111 133
112 170
113 67
114 234
115 112
116 371
117 59
118 38
119 183
120 8
121 154
122 644
123 182
124 65
125 17
126 51
127 66
128 92
129 166
130 71
131 178
132 45
133 3
134 26
135 557
136 287
137 1314
138 89
139 92
140 491
141 424
142 75
143 75
144 10
145 26
146 348
147 84
148 456
149 288
150 116
151 0
152 7
153 132
154 103
155 167
156 68
157 125
158 1195
159 173
160 76
161 85
162 9
163 202
164 204
165 286
166 391
167 228
168 117
169 88
170 528
171 310
172 119
173 88
174 465
175 909
176 579
177 75
178 164
179 8
180 569
181 49
182 1308
183 661
184 267
185 217
186 1033
187 941
188 498
189 64
190 99
191 6
192 9
193 26
194 14
195 7
196 499
197 293
198 44
199 414
200 322
201 287
202 108
203 495
204 321
205 726
206 1130
207 265
208 157
209 11
210 796
211 25
212 103
213 256
214 2
215 616
216 38
217 142
218 192
219 911
220 199
221 685
222 672
223 611
224 1026
225 572
226 502
227 84
228 9
229 106
230 24
231 12
232 0
233 59
234 0
235 88
236 1
237 10
238 305
239 1228
240 47
241 1195
242 702
243 109
244 751
245 178
246 311
247 14
248 187
249 136
250 105
251 33
252 71
253 1
254 30
255 127
256 1789
257 604
258 108
259 15
260 2
261 3
262 42
263 315
264 51
265 122
266 38
267 109
268 45
269 6
270 198
271 425
272 123
273 0
274 55
275 49
276 51
277 30
278 92
279 326
280 40
281 12
282 156
283 1164
284 32
285 37
286 126
287 99
288 121
289 64
290 978
291 237
292 1370
293 468
294 20
295 274
296 388
297 144
298 187
299 94
300 247
301 191
302 288
303 239
304 1200
305 368
306 278
307 611
308 3
309 324
310 246
311 332
312 451
313 70
314 75
315 442
316 376
317 467
318 999
319 41
320 163
321 217
322 57
323 88
324 6
325 24
326 88
327 45
328 19
329 8
330 48
331 262
332 78
333 545
334 666
335 598
336 64
337 249
338 873
339 505
340 8
341 29
342 41
343 12
344 46
345 25
346 174
347 34
348 497
349 163
350 232
351 999
352 161
353 36
354 5
355 17
356 16
357 262
358 7
359 290
360 322
361 821
362 1100
363 35
364 0
365 7
366 89
367 156
368 363
369 416
370 160
371 100
372 97
373 152
374 80
375 99
376 231
377 14
378 53
379 261
380 273
381 9
382 241
383 17
384 221
385 360
386 6
387 12
388 313
389 419
390 650
391 435
392 726
393 22
394 411
395 174
396 765
397 253
398 3
399 504
400 33
401 226
402 123
403 132
404 384
405 295
406 695
407 529
408 156
409 16
410 63
411 133
412 236
413 982
414 634
415 39
416 120
417 234
418 41
419 157
420 81
421 41
422 424
423 400
424 537
425 242
426 196
427 80
428 345
429 22
430 786
431 48
432 73
433 136
434 19
435 45
436 657
437 988
438 1291
439 476
440 740
441 634
442 284
443 1033
444 170
445 159
446 118
447 31
448 513
449 185
450 379
451 225
452 363
453 639
454 694
455 112
456 443
457 892
458 563
459 5
460 26
461 661
462 526
463 308
464 335
465 242
466 52
467 519
468 322
469 696
470 854
471 927
472 581
473 336
474 638
475 214
476 44
477 81
478 31
479 119
480 81
481 127
482 185
483 37
484 479
485 162
486 270
487 409
488 160
489 711
490 201
491 135
492 726
493 1330
494 127
495 287
496 169
497 82
498 751
499 253
500 239
501 220
502 186
503 82
504 33
505 251
506 411
507 61
508 46
509 1116
510 97
511 145
512 508
513 862
514 334
515 541
516 276
517 207
518 14
519 195
520 903
521 758
522 30
523 141
524 169
525 22
526 16
527 80
528 308
529 82
530 55
531 97
532 649
533 610
534 76
535 498
536 537
537 86
538 79
539 411
540 66
541 138
542 60
543 498
544 526
545 29
546 288
547 4
548 408
549 23
550 194
551 55
552 549
553 556
554 817
555 728
556 150
557 79
558 205
559 390
560 110
561 302
562 126
563 16
564 13
565 11
566 0
567 99
568 47
569 17
570 87
571 389
572 240
573 160
574 58
575 413
576 127
577 199
578 223
579 145
580 53
581 18
582 40
583 198
584 346
585 295
586 242
587 82
588 491
589 1036
590 32
591 22
592 211
593 26
594 38
595 100
596 89
597 50
598 582
599 827
600 554
601 1212
602 249
603 198
604 136
605 87
606 272
607 276
608 508
609 150
610 372
611 196
612 570
613 367
614 896
615 607
616 542
617 15
618 54
619 29
620 94
621 13
622 179
623 95
624 117
625 716
626 336
627 885
628 570
629 457
630 736
631 103
632 189
633 140
634 220
635 130
636 336
637 22
638 173
639 382
640 49
641 336
642 300
643 808
644 166
645 628
646 346
647 48
648 49
649 6
650 3
651 233
652 310
653 161
654 150
655 189
656 123
657 51
658 628
659 455
660 46
661 298
662 37
663 444
664 82
665 45
666 355
667 274
668 25
669 153
670 261
671 596
672 74
673 44
674 90
675 24
676 440
677 582
678 421
679 247
680 672
681 576
682 30
683 139
684 95
685 270
686 67
687 9
688 15
689 158
690 676
691 414
692 256
693 11
694 72
695 91
696 104
697 70
698 51
699 242
700 147
701 171
702 294
703 27
704 80
705 516
706 761
707 318
708 31
709 357
710 25
711 4
712 57
713 51
714 0
715 53
716 266
717 1024
718 490
719 391
720 965
721 210
722 118
723 12
724 155
725 100
726 238
727 156
728 141
729 368
730 229
731 501
732 83
733 213
734 282
735 115
736 351
737 270
738 632
739 687
740 253
741 172
742 16
743 119
744 494
745 19
746 9
747 5
748 406
749 166
750 1110
751 44
752 483
753 130
754 387
755 36
756 186
757 92
758 158
759 625
760 312
761 96
762 268
763 96
764 786
765 245
766 253
767 220
768 13
769 123
770 784
771 112
772 51
773 0
774 184
775 313
776 172
777 185
778 180
779 23
780 7
781 59
782 192
783 98
784 265
785 129
786 465
787 304
788 63
789 645
790 80
791 86
792 173
793 372
794 346
795 0
796 363
797 472
798 229
799 123
800 65
801 3
802 119
803 10
804 28
805 22
806 727
807 311
808 171
809 513
810 283
811 73
812 229
813 248
814 66
815 23
816 0
817 0
818 127
819 560
820 591
821 579
822 248
823 346
824 71
825 248
826 102
827 464
828 301
829 162
830 125
831 222
832 304
833 374
834 382
835 177
836 259
837 111
838 104
839 43
840 8
841 54
842 42
843 0
844 150
845 270
846 276
847 449
848 289
849 84
850 384
851 13
852 350
853 74
854 32
855 231
856 89
857 456
858 419
859 74
860 85
861 190
862 387
863 109
864 157
865 228
866 69
867 218
868 63
869 56
870 106
871 36
872 12
873 38
874 1
875 6
876 57
877 692
878 268
879 208
880 910
881 596
882 90
883 67
884 331
885 38
886 74
887 58
888 202
889 1048
890 95
891 92
892 236
893 109
894 94
895 191
896 117
897 238
898 72
899 43
900 0
901 10
902 87
903 1162
904 523
905 107
906 504
907 674
908 515
909 23
910 52
911 380
912 16
913 26
914 148
915 449
916 29
917 174
918 443
919 121
920 422
921 543
922 180
923 39
924 95
925 26
926 84
927 203
928 0
929 18
930 280
931 849
932 292
933 866
934 392
935 647
936 105
937 69
938 368
939 148
940 551
941 223
942 2
943 39
944 482
945 597
946 208
947 17
948 6
949 410
950 282
951 31
952 223
953 512
954 222
955 853
956 948
957 196
958 119
959 323
960 172
961 29
962 102
963 307
964 354
965 86
966 257
967 208
968 253
969 635
970 248
971 13
972 220
973 511
974 163
975 277
976 58
977 35
978 1156
979 170
980 983
981 1045
982 199
983 101
984 647
985 548
986 160
987 49
988 2
989 12
990 33
991 87
992 125
993 764
994 407
995 112
996 216
997 65
998 120
999 228
1000 97
1001 269
1002 467
1003 9
1004 4
1005 14
1006 6
1007 427
1008 778
1009 4
1010 124
1011 71
1012 38
1013 0
1014 4
1015 13
1016 209
1017 597
1018 61
1019 501
1020 428
1021 712
1022 454
1023 177
1024 252
1025 81
1026 342
1027 874
1028 176
1029 63
1030 67
1031 450
1032 19
1033 36
1034 143
1035 267
1036 136
1037 70
1038 712
1039 420
1040 627
1041 354
1042 26
1043 221
1044 89
1045 154
1046 295
1047 239
1048 313
1049 48
1050 59
1051 6
1052 13
1053 16
1054 35
1055 112
1056 154
1057 242
1058 389
1059 648
1060 625
1061 138
1062 0
1063 35
1064 0
1065 51
1066 37
1067 167
1068 58
1069 152
1070 152
1071 81
1072 576
1073 216
1074 421
1075 49
1076 66
1077 6
1078 262
1079 42
1080 483
1081 283
1082 111
1083 210
1084 185
1085 72
1086 8
1087 40
1088 11
1089 19
1090 466
1091 728
1092 565
1093 795
1094 389
1095 64
1096 142
1097 51
1098 163
1099 854
1100 26
1101 60
1102 67
1103 142
1104 43
1105 75
1106 867
1107 823
1108 154
1109 15
1110 1643
1111 421
1112 51
1113 301
1114 554
1115 54
1116 12
1117 78
1118 77
1119 617
1120 557
1121 496
1122 69
1123 27
1124 137
1125 25
1126 161
1127 7
1128 208
1129 319
1130 17
1131 14
1132 4
1133 238
1134 149
1135 91
1136 2
1137 2
1138 8
1139 407
1140 1711
1141 1002
1142 395
1143 13
1144 49
1145 5
1146 109
1147 3
1148 30
1149 631
1150 996
1151 92
1152 106
1153 145
1154 246
1155 821
1156 539
1157 392
1158 111
1159 49
1160 114
1161 40
1162 206
1163 2
1164 19
1165 7
1166 174
1167 238
1168 562
1169 88
1170 577
1171 10
1172 9
1173 96
1174 27
1175 40
1176 384
1177 821
1178 112
1179 678
1180 65
1181 457
1182 334
1183 623
1184 243
1185 528
1186 294
1187 194
1188 37
1189 13
1190 12
1191 266
1192 273
1193 18
1194 71
1195 26
1196 73
1197 22
1198 229
1199 225
1200 123
1201 19
1202 11
1203 687
1204 60
1205 30
1206 118
1207 26
1208 190
1209 111
1210 483
1211 419
1212 1004
1213 77
1214 271
1215 549
1216 244
1217 1020
1218 498
1219 101
1220 330
1221 182
1222 77
1223 236
1224 211
1225 64
1226 159
1227 51
1228 240
1229 447
1230 159
1231 24
1232 133
1233 258
1234 313
1235 888
1236 186
1237 218
1238 338
1239 14
1240 123
1241 4
1242 37
1243 350
1244 15
1245 168
1246 107
1247 338
1248 768
1249 1148
1250 76
1251 480
1252 780
1253 1029
1254 1641
1255 241
1256 201
1257 75
1258 479
1259 55
1260 181
1261 67
1262 185
1263 208
1264 555
1265 410
1266 253
1267 81
1268 23
1269 24
1270 40
1271 114
1272 210
1273 214
1274 1399
1275 622
1276 58
1277 124
1278 137
1279 170
1280 19
1281 24
1282 15
1283 14
1284 8
1285 6
1286 375
1287 737
1288 222
1289 616
1290 534
1291 543
1292 261
1293 314
1294 4176
1295 1490
1296 169
1297 42
1298 184
1299 495
1300 85
1301 6
1302 131
1303 266
1304 799
1305 169
1306 96
1307 482
1308 358
1309 328
1310 71
1311 266
1312 8
1313 7
1314 14
1315 703
1316 616
1317 654
1318 821
1319 740
1320 727
1321 1360
1322 771
1323 114
1324 87
1325 213
1326 49
1327 88
1328 5
1329 161
1330 76
1331 213
1332 874
1333 233
1334 69
1335 196
1336 175
1337 549
1338 422
1339 1463
1340 1933
1341 313
1342 119
1343 494
1344 609
1345 130
1346 93
1347 77
1348 53
1349 151
1350 761
1351 64
1352 31
1353 692
1354 84
1355 363
1356 343
1357 90
1358 122
1359 397
1360 61
1361 8
1362 11
1363 297
1364 1027
1365 1222
1366 247
1367 347
1368 349
1369 793
1370 575
1371 567
1372 6
1373 76
1374 11
1375 10
1376 40
1377 65
1378 203
1379 792
1380 855
1381 112
1382 132
1383 165
1384 373
1385 189
1386 544
1387 1485
1388 446
1389 72
1390 506
1391 440
1392 101
1393 115
1394 62
1395 248
1396 248
1397 193
1398 5
1399 80
1400 547
1401 341
1402 284
1403 384
1404 310
1405 132
1406 152
1407 418
1408 403
1409 470
1410 393
1411 166
1412 149
1413 1
1414 88
1415 47
1416 362
1417 507
1418 338
1419 835
1420 386
1421 986
1422 258
1423 20
1424 101
1425 22
1426 93
1427 389
1428 1118
1429 1520
1430 903
1431 1233
1432 883
1433 369
1434 438
1435 548
1436 392
1437 905
1438 20
1439 5
1440 255
1441 244
1442 1409
1443 242
1444 250
1445 547
1446 779
1447 172
1448 237
1449 130
1450 109
1451 895
1452 182
1453 539
1454 327
1455 51
1456 242
1457 952
1458 34
1459 949
1460 284
1461 158
1462 91
1463 175
1464 10
1465 157
1466 270
1467 239
1468 71
1469 69
1470 26
1471 5
1472 53
1473 58
1474 49
1475 292
1476 1356
1477 2480
1478 979
1479 757
1480 1038
1481 857
1482 182
1483 618
1484 452
1485 9
1486 139
1487 55
1488 436
1489 351
1490 1614
1491 404
1492 212
1493 423
1494 465
1495 123
1496 740
1497 918
1498 121
1499 314
1500 583
1501 159
1502 241
1503 102
1504 400
1505 722
1506 116
1507 257
1508 652
1509 145
1510 250
1511 37
1512 57
1513 139
1514 954
1515 328
1516 185
1517 30
1518 2
1519 1
1520 12
1521 33
1522 45
1523 41
1524 393
1525 1398
1526 981
1527 2804
1528 2095
1529 1400
1530 494
1531 23
1532 226
1533 770
1534 67
1535 435
1536 268
1537 279
1538 498
1539 320
1540 29
1541 388
1542 98
1543 276
1544 1530
1545 866
1546 1015
1547 483
1548 155
1549 359
1550 685
1551 177
1552 159
1553 292
1554 156
1555 179
1556 843
1557 1545
1558 169
1559 174
1560 310
1561 979
1562 630
1563 561
1564 18
1565 48
1566 266
1567 272
1568 743
1569 16
1570 35
1571 150
1572 2040
1573 3987
1574 1366
1575 135
1576 1344
1577 608
1578 404
1579 916
1580 1131
1581 412
1582 533
1583 405
1584 276
1585 74
1586 15
1587 222
1588 685
1589 79
1590 1348
1591 477
1592 326
1593 323
1594 355
1595 1077
1596 758
1597 105
1598 39
1599 114
1600 1006
1601 328
1602 991
1603 133
1604 82
1605 13
1606 51
1607 157
1608 5
1609 10
1610 19
1611 6
1612 302
1613 363
1614 197
1615 37
1616 477
1617 1728
1618 1375
1619 2462
1620 1115
1621 1778
1622 1493
1623 565
1624 398
1625 70
1626 1173
1627 623
1628 290
1629 667
1630 404
1631 331
1632 398
1633 313
1634 542
1635 184
1636 164
1637 279
1638 308
1639 362
1640 611
1641 144
1642 16
1643 40
1644 56
1645 1118
1646 1951
1647 385
1648 706
1649 322
1650 222
1651 696
1652 1720
1653 70
1654 259
1655 769
1656 809
1657 224
1658 350
1659 524
1660 261
1661 347
1662 340
1663 99
1664 374
1665 566
1666 407
1667 911
1668 815
1669 20
1670 179
1671 202
1672 6
1673 50
1674 14
1675 26
1676 24
1677 1977
1678 1304
1679 1057
1680 1145
1681 409
1682 624
1683 623
1684 350
1685 793
1686 493
1687 198
1688 296
1689 435
1690 181
1691 460
1692 118
1693 284
1694 450
1695 41
1696 208
1697 56
1698 108
1699 139
1700 63
1701 957
1702 110
1703 306
1704 4
1705 14
1706 74
1707 256
1708 16
1709 342
1710 1840
1711 554
1712 347
1713 281
1714 289
1715 790
1716 530
1717 403
1718 124
1719 246
1720 37
1721 297
1722 75
1723 69
1724 127
1725 88
1726 272
1727 188
1728 668
1729 547
1730 40
1731 85
1732 30
1733 245
1734 109
1735 25
1736 183
1737 389
1738 710
1739 656
1740 445
1741 151
1742 564
1743 69
1744 281
1745 471
1746 218
1747 15
1748 54
1749 89
1750 163
1751 433
1752 634
1753 67
1754 38
1755 207
1756 125
1757 163
1758 247
1759 17
1760 16
1761 654
1762 194
1763 293
1764 321
1765 322
1766 201
1767 683
1768 377
1769 14
1770 75
1771 184
1772 351
1773 610
1774 283
1775 225
1776 247
1777 337
1778 607
1779 17
1780 101
1781 5
1782 360
1783 29
1784 116
1785 185
1786 26
1787 447
1788 236
1789 107
1790 313
1791 19
1792 455
1793 204
1794 43
1795 2
1796 97
1797 781
1798 728
1799 1438
1800 1145
1801 344
1802 415
1803 118
1804 258
1805 1106
1806 1070
1807 243
1808 306
1809 16
1810 378
1811 184
1812 143
1813 159
1814 121
1815 148
1816 93
1817 22
1818 172
1819 53
1820 341
1821 223
1822 168
1823 218
1824 810
1825 270
1826 83
1827 263
1828 372
1829 629
1830 47
1831 504
1832 130
1833 495
1834 99
1835 651
1836 268
1837 65
1838 234
1839 114
1840 195
1841 181
1842 81
1843 253
1844 826
1845 591
1846 181
1847 224
1848 518
1849 879
1850 108
1851 68
1852 107
1853 367
1854 146
1855 436
1856 269
1857 90
1858 691
1859 823
1860 228
1861 546
1862 561
1863 28
1864 224
1865 84
1866 253
1867 2145
1868 503
1869 264
1870 76
1871 283
1872 971
1873 507
1874 161
1875 63
1876 75
1877 230
1878 266
1879 201
1880 23
1881 500
1882 797
1883 983
1884 513
1885 217
1886 90
1887 94
1888 20
1889 440
1890 466
1891 160
1892 304
1893 331
1894 1363
1895 1417
1896 592
1897 154
1898 141
1899 115
1900 624
1901 402
1902 81
1903 895
1904 294
1905 409
1906 291
1907 413
1908 234
1909 265
1910 255
1911 378
1912 737
1913 356
1914 79
1915 32
1916 50
1917 440
1918 203
1919 468
1920 186
1921 359
1922 88
1923 398
1924 368
1925 403
1926 74
1927 79
1928 90
1929 105
1930 210
1931 362
1932 133
1933 50
1934 176
1935 415
1936 518
1937 76
1938 63
1939 121
1940 478
1941 403
1942 1038
1943 844
1944 132
1945 162
1946 182
1947 35
1948 200
1949 159
1950 153
1951 495
1952 309
1953 510
1954 280
1955 771
1956 122
1957 283
1958 402
1959 228
1960 155
1961 60
1962 11
1963 80
1964 853
1965 909
1966 90
1967 475
1968 815
1969 371
1970 191
1971 347
1972 759
1973 99
1974 199
1975 471
1976 194
1977 2
1978 45
1979 36
1980 437
1981 795
1982 345
1983 86
1984 159
1985 747
1986 338
1987 37
1988 60
1989 540
1990 283
1991 349
1992 295
1993 140
1994 326
1995 731
1996 1157
1997 400
1998 210
1999 472
2000 472
2001 22
2002 83
2003 249
2004 721
2005 357
2006 185
2007 280
2008 193
2009 292
2010 334
2011 429
2012 87
2013 82
2014 479
2015 392
2016 702
2017 909
2018 78
2019 643
2020 233
2021 197
2022 144
2023 682
2024 1022
2025 30
2026 236
2027 227
2028 241
2029 134
2030 415
2031 593
2032 392
2033 135
2034 389
2035 577
2036 852
2037 308
2038 262
2039 196
2040 138
2041 108
2042 158
2043 589
2044 128
2045 256
2046 230
2047 240
2048 710
2049 825
2050 547
2051 542
2052 52
2053 65
2054 361
2055 1157
2056 181
2057 226
2058 219
2059 260
2060 239
2061 510
2062 348
2063 307
2064 84
2065 61
2066 548
2067 386
2068 22
2069 567
2070 153
2071 304
2072 684
2073 575
2074 293
2075 424
2076 658
2077 160
2078 13
2079 82
2080 404
2081 758
2082 520
2083 395
2084 250
2085 187
2086 466
2087 336
2088 508
2089 423
2090 302
2091 208
2092 174
2093 200
2094 323
2095 1118
2096 326
2097 1248
2098 621
2099 352
2100 164
2101 80
2102 22
2103 868
2104 804
2105 355
2106 15
2107 15
2108 134
2109 107
2110 613
2111 416
2112 639
2113 352
2114 239
2115 420
2116 274
2117 247
2118 763
2119 787
2120 142
2121 159
2122 50
2123 59
2124 666
2125 82
2126 417
2127 424
2128 623
2129 199
2130 288
2131 708
2132 861
2133 106
2134 5
2135 83
2136 22
2137 451
2138 871
2139 222
2140 73
2141 11
2142 15
2143 20
2144 578
2145 624
2146 238
2147 120
2148 848
2149 378
2150 934
2151 134
2152 571
2153 711
2154 539
2155 172
2156 36
2157 62
2158 43
2159 268
2160 746
2161 747
2162 4
2163 31
2164 140
2165 588
2166 300
2167 241
2168 143
2169 361
2170 132
2171 60
2172 471
2173 312
2174 21
2175 204
2176 16
2177 351
2178 69
2179 155
2180 74
2181 201
2182 147
2183 262
2184 86
2185 0
2186 11
2187 426
2188 199
2189 151
2190 494
2191 398
2192 149
2193 566
2194 90
2195 28
2196 10
2197 87
2198 47
2199 271
2200 162
2201 297
2202 391
2203 571
2204 98
2205 565
2206 572
2207 150
2208 24
2209 260
2210 231
2211 460
2212 883
2213 745
2214 127
2215 178
2216 32
2217 64
2218 39
2219 78
2220 313
2221 12
2222 16
2223 156
2224 385
2225 81
2226 62
2227 586
2228 470
2229 421
2230 508
2231 57
2232 200
2233 282
2234 16
2235 76
2236 30
2237 189
2238 72
2239 13
2240 3
2241 48
2242 26
2243 664
2244 321
2245 66
2246 119
2247 509
2248 902
2249 126
2250 682
2251 331
2252 98
2253 237
2254 767
2255 349
2256 488
2257 133
2258 23
2259 82
2260 513
2261 89
2262 44
2263 18
2264 17
2265 181
2266 889
2267 682
2268 601
2269 836
2270 832
2271 460
2272 21
2273 102
2274 1019
2275 718
2276 343
2277 762
2278 218
2279 57
2280 43
2281 627
2282 848
2283 91
2284 0
2285 72
2286 458
2287 108
2288 164
2289 174
2290 688
2291 1000
2292 92
2293 18
2294 786
2295 642
2296 172
2297 347
2298 212
2299 27
2300 334
2301 519
2302 263
2303 12
2304 152
2305 37
2306 98
2307 270
2308 770
2309 253
2310 246
2311 239
2312 180
2313 170
2314 351
2315 188
2316 892
2317 291
2318 7
2319 116
2320 644
2321 394
2322 330
2323 0
2324 6
2325 89
2326 764
2327 1260
2328 235
2329 51
2330 79
2331 36
2332 153
2333 152
2334 1161
2335 1481
2336 176
2337 35
2338 174
2339 398
2340 339
2341 105
2342 5
2343 1
2344 269
2345 542
2346 279
2347 435
2348 65
2349 245
2350 346
2351 573
2352 494
2353 797
2354 442
2355 109
2356 341
2357 129
2358 46
2359 3
2360 19
2361 9
2362 15
2363 745
2364 654
2365 89
2366 545
2367 429
2368 120
2369 292
2370 516
2371 338
2372 292
2373 181
2374 23
2375 376
2376 548
2377 14
2378 9
2379 69
2380 119
2381 29
2382 681
2383 375
2384 251
2385 916
2386 256
2387 661
2388 1113
2389 651
2390 436
2391 785
2392 109
2393 99
2394 715
2395 249
2396 87
2397 19
2398 616
2399 18
2400 65
2401 396
2402 1516
2403 117
2404 204
2405 538
2406 682
2407 485
2408 262
2409 373
2410 250
2411 563
2412 375
2413 83
2414 5
2415 168
2416 49
2417 99
2418 25
2419 409
2420 761
2421 638
2422 1383
2423 196
2424 351
2425 425
2426 579
2427 726
2428 888
2429 170
2430 11
2431 195
2432 483
2433 0
2434 80
2435 236
2436 278
2437 148
2438 872
2439 98
2440 317
2441 712
2442 714
2443 308
2444 345
2445 363
2446 63
2447 6
2448 6
2449 324
2450 33
2451 97
2452 50
2453 33
2454 268
2455 251
2456 390
2457 352
2458 62
2459 233
2460 52
2461 33
2462 3
2463 37
2464 216
2465 1360
2466 202
2467 6
2468 92
2469 112
2470 229
2471 153
2472 144
2473 38
2474 12
2475 15
2476 1
2477 73
2478 345
2479 30
2480 116
2481 169
2482 54
2483 160
2484 240
2485 344
2486 157
2487 501
2488 91
2489 123
2490 21
2491 11
2492 4
2493 12
2494 145
2495 305
2496 106
2497 194
2498 43
2499 226
2500 121
2501 96
2502 131
2503 626
2504 29
2505 6
2506 42
2507 12
2508 16
2509 120
2510 67
2511 100
2512 88
2513 180
2514 0
2515 2
2516 55
2517 4
2518 0
2519 16
2520 86
2521 45
2522 76
2523 217
2524 12
2525 8
2526 334
2527 151
2528 3
2529 67
2530 101
2531 50
2532 19
2533 15
2534 526
2535 643
2536 94
2537 176
2538 270
2539 48
2540 5
2541 47
2542 736
2543 201
2544 251
2545 633
2546 60
2547 25
2548 186
2549 90
2550 54
2551 29
2552 221
2553 400
2554 150
2555 3
2556 6
2557 47
2558 121
2559 106
2560 341
2561 302
2562 78
2563 222
2564 64
2565 67
2566 133
2567 66
2568 65
2569 24
2570 71
2571 47
2572 1
2573 116
2574 8
2575 283
2576 17
2577 17
2578 23
2579 12
2580 1
2581 2
2582 0
2583 0
2584 0
2585 0
2586 0
2587 0
2588 0
2589 0
2590 0
2591 0
2592 0
2593 0
2594 0
2595 0
2596 0
2597 0
2598 3
