0 558
1 10
2 55
3 23
4 168
5 318
6 17
7 22
8 9
9 27
10 134
11 451
12 77
13 300
14 810
15 323
16 564
17 111
18 59
19 1368
20 12
21 195
22 99
23 921
24 6
25 326
26 30
27 37
28 26
29 102
30 19
31 55
32 11
33 310
34 53
35 510
36 46
37 139
38 82
39 100
40 184
41 51
42 63
43 56
44 686
45 14
46 51
47 30
48 57
49 590
50 306
51 88
52 543
53 565
54 519
55 50
56 108
57 364
58 567
59 53
60 126
61 665
62 533
63 65
64 85
65 1310
66 149
67 476
68 244
69 21
70 106
71 103
72 33
73 21
74 532
75 908
76 45
77 425
78 929
79 898
80 97
81 23
82 368
83 195
84 67
85 27
86 391
87 1313
88 1134
89 42
90 34
91 35
92 69
93 400
94 117
95 3
96 114
97 605
98 157
99 711
100 15
101 58
102 449
103 512
104 108
105 209
106 684
107 210
108 591
109 555
110 42
111 229
112 296
113 114
114 409
115 205
116 669
117 101
118 68
119 331
120 14
121 268
122 1133
123 319
124 112
125 31
126 88
127 112
128 152
129 286
130 128
131 302
132 75
133 4
134 47
135 970
136 497
137 2281
138 162
139 162
140 863
141 738
142 130
143 132
144 16
145 45
146 596
147 150
148 785
149 491
150 205
151 0
152 12
153 230
154 179
155 305
156 120
157 219
158 2069
159 306
160 132
161 153
162 16
163 359
164 358
165 483
166 693
167 396
168 219
169 153
170 941
171 537
172 213
173 151
174 814
175 1575
176 999
177 133
178 287
179 15
180 982
181 84
182 2327
183 1144
184 478
185 367
186 1819
187 1632
188 849
189 110
190 174
191 11
192 17
193 45
194 25
195 11
196 868
197 522
198 76
199 724
200 568
201 503
202 183
203 885
204 575
205 1244
206 1970
207 461
208 277
209 19
210 1407
211 38
212 183
213 442
214 4
215 1057
216 69
217 269
218 345
219 1568
220 359
221 1209
222 1183
223 1073
224 1820
225 994
226 892
227 152
228 15
229 176
230 43
231 22
232 2
233 102
234 1
235 159
236 2
237 17
238 520
239 2156
240 85
241 2078
242 1247
243 199
244 1322
245 301
246 542
247 26
248 338
249 238
250 188
251 57
252 125
253 3
254 49
255 214
256 3099
257 1039
258 195
259 28
260 4
261 5
262 74
263 534
264 88
265 213
266 66
267 196
268 83
269 12
270 345
271 744
272 213
273 2
274 100
275 83
276 95
277 56
278 159
279 561
280 72
281 21
282 281
283 2038
284 54
285 61
286 215
287 173
288 208
289 116
290 1730
291 406
292 2382
293 820
294 35
295 462
296 662
297 260
298 333
299 169
300 415
301 335
302 510
303 427
304 2104
305 638
306 469
307 1067
308 9
309 575
310 419
311 578
312 769
313 124
314 131
315 758
316 656
317 845
318 1766
319 71
320 277
321 369
322 101
323 158
324 10
325 42
326 161
327 79
328 34
329 14
330 84
331 446
332 131
333 943
334 1180
335 1033
336 111
337 447
338 1525
339 897
340 15
341 50
342 70
343 21
344 88
345 43
346 293
347 55
348 860
349 281
350 405
351 1753
352 285
353 60
354 9
355 32
356 31
357 460
358 11
359 518
360 560
361 1417
362 1942
363 62
364 3
365 13
366 154
367 287
368 624
369 738
370 265
371 174
372 174
373 264
374 137
375 182
376 405
377 24
378 102
379 453
380 478
381 16
382 425
383 29
384 384
385 630
386 10
387 21
388 548
389 748
390 1160
391 766
392 1261
393 37
394 712
395 319
396 1346
397 444
398 5
399 885
400 56
401 404
402 218
403 237
404 666
405 529
406 1208
407 921
408 271
409 25
410 104
411 231
412 409
413 1724
414 1106
415 69
416 209
417 402
418 69
419 291
420 138
421 70
422 755
423 697
424 964
425 421
426 344
427 143
428 593
429 38
430 1405
431 83
432 123
433 241
434 33
435 80
436 1175
437 1714
438 2214
439 838
440 1298
441 1083
442 498
443 1827
444 303
445 275
446 214
447 54
448 885
449 319
450 640
451 383
452 646
453 1137
454 1220
455 198
456 746
457 1572
458 1001
459 9
460 48
461 1160
462 899
463 547
464 574
465 426
466 92
467 903
468 563
469 1220
470 1503
471 1578
472 1024
473 585
474 1113
475 384
476 75
477 140
478 53
479 211
480 137
481 232
482 327
483 63
484 858
485 277
486 479
487 693
488 281
489 1241
490 335
491 236
492 1259
493 2323
494 218
495 513
496 284
497 149
498 1335
499 427
500 418
501 393
502 323
503 143
504 55
505 438
506 706
507 103
508 81
509 1944
510 167
511 260
512 892
513 1522
514 594
515 943
516 482
517 365
518 24
519 348
520 1585
521 1325
522 53
523 256
524 306
525 38
526 28
527 140
528 543
529 147
530 91
531 162
532 1122
533 1052
534 126
535 884
536 945
537 151
538 143
539 734
540 122
541 242
542 109
543 868
544 915
545 54
546 496
547 7
548 702
549 39
550 350
551 95
552 947
553 964
554 1414
555 1286
556 252
557 144
558 349
559 674
560 195
561 539
562 216
563 30
564 22
565 20
566 0
567 162
568 82
569 30
570 151
571 663
572 429
573 278
574 102
575 712
576 223
577 346
578 392
579 254
580 97
581 34
582 70
583 353
584 596
585 518
586 420
587 150
588 883
589 1829
590 55
591 37
592 387
593 51
594 66
595 186
596 148
597 94
598 1050
599 1448
600 976
601 2141
602 428
603 342
604 233
605 153
606 472
607 474
608 892
609 267
610 649
611 339
612 1028
613 654
614 1550
615 1066
616 975
617 27
618 92
619 48
620 162
621 25
622 306
623 168
624 207
625 1254
626 573
627 1557
628 1024
629 804
630 1312
631 184
632 319
633 249
634 371
635 223
636 579
637 39
638 304
639 672
640 95
641 597
642 525
643 1413
644 297
645 1077
646 609
647 83
648 92
649 10
650 6
651 406
652 561
653 286
654 263
655 334
656 227
657 87
658 1104
659 780
660 80
661 535
662 69
663 762
664 139
665 80
666 626
667 488
668 43
669 272
670 456
671 1045
672 127
673 79
674 149
675 41
676 780
677 1040
678 745
679 434
680 1181
681 1003
682 54
683 243
684 162
685 457
686 120
687 18
688 26
689 276
690 1204
691 730
692 456
693 19
694 134
695 172
696 182
697 117
698 98
699 431
700 256
701 311
702 512
703 47
704 135
705 907
706 1337
707 561
708 54
709 624
710 45
711 8
712 106
713 94
714 2
715 90
716 476
717 1821
718 843
719 697
720 1711
721 378
722 209
723 21
724 274
725 181
726 405
727 277
728 258
729 654
730 398
731 890
732 154
733 386
734 492
735 198
736 602
737 454
738 1116
739 1201
740 449
741 288
742 27
743 205
744 857
745 34
746 15
747 8
748 710
749 299
750 1932
751 78
752 862
753 232
754 669
755 64
756 332
757 160
758 285
759 1095
760 524
761 167
762 473
763 170
764 1363
765 417
766 426
767 388
768 21
769 214
770 1356
771 195
772 88
773 0
774 316
775 552
776 316
777 335
778 309
779 42
780 13
781 100
782 329
783 168
784 464
785 229
786 806
787 546
788 113
789 1125
790 136
791 153
792 296
793 670
794 603
795 0
796 631
797 819
798 392
799 207
800 114
801 5
802 208
803 17
804 46
805 38
806 1280
807 527
808 305
809 881
810 508
811 126
812 406
813 422
814 117
815 44
816 1
817 2
818 222
819 953
820 1032
821 1039
822 431
823 602
824 123
825 425
826 181
827 816
828 515
829 278
830 230
831 370
832 532
833 629
834 669
835 301
836 446
837 196
838 174
839 74
840 14
841 99
842 78
843 0
844 263
845 466
846 493
847 803
848 499
849 140
850 671
851 25
852 622
853 136
854 56
855 417
856 148
857 802
858 730
859 131
860 145
861 332
862 683
863 191
864 283
865 419
866 122
867 367
868 108
869 96
870 189
871 65
872 22
873 71
874 3
875 11
876 105
877 1197
878 465
879 361
880 1580
881 1043
882 154
883 118
884 572
885 67
886 125
887 98
888 356
889 1839
890 175
891 164
892 419
893 180
894 160
895 338
896 199
897 417
898 131
899 77
900 1
901 17
902 153
903 2033
904 936
905 192
906 875
907 1202
908 904
909 40
910 91
911 654
912 28
913 46
914 262
915 791
916 48
917 302
918 764
919 218
920 736
921 960
922 318
923 68
924 169
925 43
926 141
927 352
928 1
929 36
930 492
931 1488
932 504
933 1529
934 688
935 1125
936 190
937 126
938 654
939 254
940 967
941 389
942 3
943 73
944 845
945 1062
946 364
947 30
948 11
949 712
950 487
951 52
952 398
953 906
954 381
955 1516
956 1659
957 338
958 208
959 559
960 316
961 47
962 189
963 532
964 616
965 149
966 460
967 363
968 436
969 1117
970 451
971 25
972 397
973 879
974 280
975 491
976 101
977 60
978 1967
979 302
980 1729
981 1801
982 351
983 180
984 1123
985 935
986 271
987 87
988 4
989 21
990 57
991 156
992 211
993 1354
994 700
995 193
996 383
997 115
998 207
999 399
1000 171
1001 481
1002 830
1003 16
1004 5
1005 24
1006 10
1007 732
1008 1361
1009 7
1010 213
1011 120
1012 63
1013 2
1014 9
1015 23
1016 361
1017 1045
1018 109
1019 873
1020 748
1021 1252
1022 795
1023 313
1024 439
1025 156
1026 591
1027 1526
1028 314
1029 111
1030 113
1031 796
1032 33
1033 63
1034 241
1035 462
1036 236
1037 125
1038 1231
1039 716
1040 1095
1041 629
1042 45
1043 386
1044 157
1045 262
1046 524
1047 405
1048 547
1049 87
1050 103
1051 11
1052 23
1053 28
1054 57
1055 200
1056 277
1057 425
1058 671
1059 1086
1060 1076
1061 243
1062 3
1063 66
1064 0
1065 85
1066 62
1067 289
1068 99
1069 268
1070 260
1071 144
1072 1004
1073 370
1074 743
1075 83
1076 114
1077 12
1078 442
1079 76
1080 841
1081 496
1082 188
1083 370
1084 329
1085 121
1086 14
1087 71
1088 19
1089 34
1090 823
1091 1271
1092 981
1093 1393
1094 681
1095 110
1096 242
1097 91
1098 280
1099 1504
1100 48
1101 106
1102 119
1103 243
1104 78
1105 130
1106 1489
1107 1446
1108 284
1109 23
1110 2880
1111 747
1112 87
1113 523
1114 950
1115 94
1116 20
1117 137
1118 133
1119 1056
1120 958
1121 844
1122 123
1123 50
1124 244
1125 44
1126 277
1127 11
1128 367
1129 563
1130 30
1131 25
1132 6
1133 419
1134 258
1135 159
1136 3
1137 4
1138 13
1139 701
1140 3020
1141 1750
1142 689
1143 22
1144 92
1145 9
1146 190
1147 6
1148 53
1149 1095
1150 1768
1151 158
1152 191
1153 241
1154 438
1155 1444
1156 946
1157 690
1158 191
1159 85
1160 199
1161 74
1162 365
1163 4
1164 35
1165 12
1166 302
1167 420
1168 974
1169 149
1170 982
1171 17
1172 15
1173 165
1174 47
1175 68
1176 674
1177 1458
1178 195
1179 1171
1180 117
1181 806
1182 586
1183 1099
1184 424
1185 899
1186 524
1187 358
1188 65
1189 20
1190 22
1191 467
1192 471
1193 31
1194 127
1195 45
1196 128
1197 35
1198 396
1199 396
1200 214
1201 33
1202 19
1203 1187
1204 99
1205 52
1206 202
1207 45
1208 327
1209 194
1210 830
1211 747
1212 1780
1213 143
1214 471
1215 967
1216 431
1217 1779
1218 856
1219 174
1220 573
1221 331
1222 138
1223 418
1224 363
1225 110
1226 275
1227 88
1228 429
1229 788
1230 278
1231 44
1232 240
1233 453
1234 548
1235 1557
1236 316
1237 385
1238 570
1239 24
1240 212
1241 7
1242 60
1243 616
1244 27
1245 302
1246 181
1247 585
1248 1342
1249 2021
1250 130
1251 835
1252 1349
1253 1779
1254 2865
1255 422
1256 333
1257 127
1258 839
1259 98
1260 318
1261 112
1262 322
1263 361
1264 970
1265 733
1266 459
1267 139
1268 43
1269 41
1270 76
1271 202
1272 358
1273 395
1274 2481
1275 1114
1276 101
1277 204
1278 237
1279 295
1280 33
1281 45
1282 31
1283 24
1284 16
1285 9
1286 646
1287 1302
1288 389
1289 1069
1290 940
1291 948
1292 463
1293 550
1294 7367
1295 2602
1296 287
1297 75
1298 336
1299 875
1300 156
1301 11
1302 235
1303 456
1304 1367
1305 287
1306 174
1307 830
1308 610
1309 558
1310 129
1311 447
1312 14
1313 12
1314 24
1315 1224
1316 1078
1317 1135
1318 1434
1319 1314
1320 1303
1321 2366
1322 1352
1323 194
1324 157
1325 374
1326 86
1327 156
1328 9
1329 280
1330 131
1331 368
1332 1515
1333 398
1334 115
1335 348
1336 308
1337 965
1338 733
1339 2567
1340 3408
1341 540
1342 226
1343 874
1344 1059
1345 222
1346 170
1347 130
1348 94
1349 266
1350 1334
1351 118
1352 52
1353 1224
1354 151
1355 644
1356 604
1357 169
1358 213
1359 687
1360 109
1361 13
1362 21
1363 503
1364 1815
1365 2137
1366 442
1367 627
1368 617
1369 1382
1370 1011
1371 993
1372 9
1373 139
1374 19
1375 20
1376 70
1377 113
1378 339
1379 1387
1380 1499
1381 194
1382 238
1383 290
1384 649
1385 319
1386 929
1387 2614
1388 797
1389 132
1390 879
1391 760
1392 170
1393 209
1394 116
1395 435
1396 428
1397 327
1398 9
1399 136
1400 947
1401 613
1402 500
1403 666
1404 547
1405 230
1406 258
1407 738
1408 724
1409 824
1410 707
1411 289
1412 255
1413 2
1414 150
1415 84
1416 643
1417 886
1418 592
1419 1464
1420 665
1421 1756
1422 460
1423 37
1424 171
1425 35
1426 158
1427 669
1428 1939
1429 2646
1430 1571
1431 2160
1432 1531
1433 638
1434 746
1435 954
1436 676
1437 1571
1438 37
1439 11
1440 438
1441 427
1442 2500
1443 428
1444 447
1445 951
1446 1346
1447 305
1448 415
1449 229
1450 190
1451 1578
1452 317
1453 958
1454 559
1455 91
1456 418
1457 1677
1458 59
1459 1643
1460 509
1461 270
1462 155
1463 305
1464 18
1465 281
1466 467
1467 427
1468 127
1469 122
1470 46
1471 9
1472 91
1473 106
1474 89
1475 517
1476 2400
1477 4344
1478 1716
1479 1343
1480 1814
1481 1503
1482 313
1483 1074
1484 791
1485 16
1486 242
1487 90
1488 754
1489 636
1490 2810
1491 702
1492 369
1493 727
1494 815
1495 210
1496 1286
1497 1600
1498 213
1499 561
1500 988
1501 283
1502 415
1503 183
1504 709
1505 1278
1506 199
1507 438
1508 1127
1509 251
1510 445
1511 67
1512 94
1513 236
1514 1699
1515 567
1516 333
1517 56
1518 4
1519 2
1520 24
1521 58
1522 88
1523 70
1524 685
1525 2434
1526 1758
1527 4935
1528 3659
1529 2440
1530 887
1531 43
1532 392
1533 1360
1534 114
1535 767
1536 471
1537 490
1538 881
1539 581
1540 51
1541 699
1542 166
1543 475
1544 2672
1545 1504
1546 1773
1547 821
1548 270
1549 616
1550 1206
1551 307
1552 283
1553 498
1554 276
1555 323
1556 1487
1557 2728
1558 287
1559 320
1560 553
1561 1721
1562 1117
1563 996
1564 31
1565 85
1566 450
1567 472
1568 1302
1569 28
1570 62
1571 251
1572 3581
1573 6987
1574 2377
1575 239
1576 2343
1577 1061
1578 728
1579 1601
1580 1992
1581 728
1582 930
1583 704
1584 483
1585 124
1586 28
1587 383
1588 1205
1589 140
1590 2375
1591 819
1592 580
1593 575
1594 632
1595 1910
1596 1317
1597 194
1598 67
1599 197
1600 1739
1601 578
1602 1721
1603 232
1604 155
1605 23
1606 87
1607 275
1608 10
1609 20
1610 34
1611 11
1612 529
1613 639
1614 360
1615 64
1616 834
1617 3025
1618 2367
1619 4271
1620 1938
1621 3094
1622 2635
1623 995
1624 693
1625 120
1626 2026
1627 1123
1628 496
1629 1159
1630 704
1631 559
1632 692
1633 570
1634 930
1635 317
1636 303
1637 507
1638 533
1639 622
1640 1111
1641 258
1642 26
1643 73
1644 95
1645 1949
1646 3382
1647 688
1648 1223
1649 563
1650 376
1651 1224
1652 3010
1653 121
1654 438
1655 1339
1656 1422
1657 382
1658 615
1659 923
1660 454
1661 615
1662 610
1663 169
1664 660
1665 1008
1666 701
1667 1586
1668 1426
1669 34
1670 328
1671 362
1672 12
1673 91
1674 25
1675 49
1676 39
1677 3447
1678 2286
1679 1843
1680 2003
1681 714
1682 1096
1683 1096
1684 614
1685 1365
1686 869
1687 349
1688 511
1689 764
1690 322
1691 802
1692 209
1693 497
1694 801
1695 74
1696 359
1697 93
1698 185
1699 245
1700 112
1701 1685
1702 184
1703 545
1704 8
1705 25
1706 132
1707 430
1708 33
1709 601
1710 3188
1711 983
1712 614
1713 475
1714 498
1715 1384
1716 949
1717 717
1718 213
1719 421
1720 67
1721 498
1722 128
1723 112
1724 217
1725 154
1726 468
1727 327
1728 1159
1729 948
1730 74
1731 148
1732 52
1733 425
1734 192
1735 44
1736 316
1737 697
1738 1241
1739 1158
1740 789
1741 279
1742 1000
1743 119
1744 500
1745 813
1746 397
1747 29
1748 91
1749 162
1750 276
1751 752
1752 1114
1753 115
1754 66
1755 370
1756 223
1757 282
1758 438
1759 32
1760 28
1761 1162
1762 336
1763 524
1764 557
1765 581
1766 345
1767 1209
1768 655
1769 22
1770 130
1771 317
1772 599
1773 1089
1774 505
1775 403
1776 428
1777 588
1778 1067
1779 30
1780 177
1781 10
1782 626
1783 53
1784 212
1785 315
1786 45
1787 796
1788 424
1789 185
1790 567
1791 33
1792 799
1793 362
1794 76
1795 3
1796 173
1797 1383
1798 1260
1799 2495
1800 2029
1801 589
1802 744
1803 206
1804 443
1805 1944
1806 1867
1807 432
1808 536
1809 25
1810 666
1811 313
1812 240
1813 280
1814 206
1815 260
1816 156
1817 38
1818 305
1819 96
1820 593
1821 383
1822 299
1823 382
1824 1428
1825 476
1826 146
1827 464
1828 645
1829 1105
1830 82
1831 864
1832 234
1833 875
1834 164
1835 1137
1836 471
1837 107
1838 424
1839 201
1840 334
1841 315
1842 145
1843 465
1844 1437
1845 1019
1846 314
1847 395
1848 927
1849 1530
1850 194
1851 110
1852 190
1853 646
1854 260
1855 767
1856 456
1857 171
1858 1181
1859 1449
1860 398
1861 964
1862 983
1863 47
1864 397
1865 150
1866 431
1867 3747
1868 875
1869 457
1870 127
1871 501
1872 1710
1873 901
1874 283
1875 114
1876 125
1877 401
1878 474
1879 338
1880 40
1881 879
1882 1378
1883 1712
1884 909
1885 376
1886 158
1887 160
1888 34
1889 763
1890 831
1891 267
1892 533
1893 585
1894 2402
1895 2449
1896 1040
1897 276
1898 243
1899 202
1900 1091
1901 713
1902 140
1903 1543
1904 518
1905 737
1906 514
1907 735
1908 400
1909 467
1910 456
1911 654
1912 1281
1913 622
1914 136
1915 52
1916 93
1917 776
1918 350
1919 847
1920 325
1921 635
1922 156
1923 681
1924 648
1925 712
1926 131
1927 139
1928 159
1929 183
1930 362
1931 615
1932 233
1933 91
1934 303
1935 722
1936 891
1937 133
1938 112
1939 215
1940 841
1941 699
1942 1795
1943 1453
1944 233
1945 274
1946 313
1947 60
1948 349
1949 275
1950 265
1951 863
1952 530
1953 903
1954 477
1955 1363
1956 209
1957 498
1958 708
1959 406
1960 276
1961 101
1962 18
1963 140
1964 1511
1965 1597
1966 160
1967 825
1968 1433
1969 649
1970 325
1971 630
1972 1337
1973 175
1974 356
1975 817
1976 337
1977 6
1978 79
1979 66
1980 758
1981 1399
1982 612
1983 145
1984 264
1985 1298
1986 587
1987 66
1988 102
1989 908
1990 482
1991 623
1992 498
1993 248
1994 569
1995 1272
1996 1998
1997 717
1998 359
1999 832
2000 818
2001 39
2002 154
2003 439
2004 1248
2005 637
2006 312
2007 491
2008 332
2009 512
2010 575
2011 741
2012 155
2013 145
2014 846
2015 674
2016 1255
2017 1609
2018 134
2019 1131
2020 401
2021 331
2022 256
2023 1168
2024 1802
2025 52
2026 432
2027 401
2028 421
2029 227
2030 727
2031 1028
2032 668
2033 242
2034 677
2035 1009
2036 1468
2037 526
2038 454
2039 348
2040 233
2041 189
2042 291
2043 1044
2044 218
2045 450
2046 412
2047 415
2048 1231
2049 1446
2050 943
2051 951
2052 91
2053 110
2054 636
2055 2074
2056 313
2057 404
2058 386
2059 459
2060 425
2061 884
2062 616
2063 539
2064 142
2065 107
2066 957
2067 653
2068 39
2069 999
2070 259
2071 531
2072 1206
2073 1038
2074 514
2075 755
2076 1136
2077 270
2078 23
2079 144
2080 704
2081 1348
2082 916
2083 699
2084 446
2085 321
2086 810
2087 590
2088 895
2089 733
2090 528
2091 370
2092 301
2093 355
2094 580
2095 1973
2096 554
2097 2168
2098 1065
2099 611
2100 274
2101 147
2102 38
2103 1526
2104 1414
2105 633
2106 27
2107 32
2108 236
2109 181
2110 1081
2111 739
2112 1128
2113 617
2114 432
2115 733
2116 487
2117 431
2118 1358
2119 1359
2120 253
2121 280
2122 91
2123 106
2124 1179
2125 146
2126 739
2127 750
2128 1079
2129 358
2130 509
2131 1233
2132 1481
2133 188
2134 10
2135 146
2136 41
2137 780
2138 1527
2139 391
2140 130
2141 21
2142 23
2143 37
2144 1004
2145 1079
2146 413
2147 211
2148 1497
2149 669
2150 1641
2151 230
2152 992
2153 1239
2154 964
2155 307
2156 69
2157 108
2158 74
2159 455
2160 1304
2161 1290
2162 8
2163 49
2164 249
2165 1036
2166 525
2167 411
2168 252
2169 629
2170 225
2171 106
2172 818
2173 562
2174 42
2175 344
2176 31
2177 617
2178 124
2179 268
2180 137
2181 350
2182 254
2183 446
2184 149
2185 3
2186 19
2187 745
2188 346
2189 274
2190 865
2191 693
2192 267
2193 989
2194 162
2195 50
2196 18
2197 151
2198 83
2199 469
2200 288
2201 516
2202 694
2203 984
2204 175
2205 997
2206 1016
2207 263
2208 43
2209 459
2210 387
2211 820
2212 1552
2213 1302
2214 219
2215 320
2216 56
2217 122
2218 68
2219 144
2220 556
2221 21
2222 29
2223 281
2224 670
2225 149
2226 113
2227 1023
2228 833
2229 743
2230 894
2231 99
2232 345
2233 482
2234 30
2235 134
2236 51
2237 338
2238 126
2239 22
2240 4
2241 81
2242 45
2243 1174
2244 556
2245 112
2246 212
2247 889
2248 1554
2249 226
2250 1209
2251 567
2252 165
2253 424
2254 1298
2255 617
2256 849
2257 229
2258 45
2259 145
2260 911
2261 157
2262 80
2263 31
2264 29
2265 313
2266 1582
2267 1199
2268 1061
2269 1461
2270 1470
2271 825
2272 39
2273 176
2274 1730
2275 1263
2276 596
2277 1356
2278 369
2279 99
2280 73
2281 1098
2282 1462
2283 163
2284 0
2285 131
2286 818
2287 186
2288 283
2289 298
2290 1244
2291 1752
2292 160
2293 31
2294 1348
2295 1144
2296 303
2297 607
2298 362
2299 45
2300 575
2301 911
2302 464
2303 21
2304 263
2305 66
2306 183
2307 482
2308 1349
2309 441
2310 424
2311 416
2312 314
2313 302
2314 631
2315 329
2316 1573
2317 504
2318 10
2319 197
2320 1131
2321 683
2322 584
2323 0
2324 10
2325 147
2326 1325
2327 2169
2328 404
2329 95
2330 144
2331 63
2332 273
2333 275
2334 2047
2335 2547
2336 306
2337 65
2338 303
2339 701
2340 599
2341 184
2342 8
2343 2
2344 475
2345 938
2346 482
2347 761
2348 112
2349 434
2350 604
2351 988
2352 883
2353 1385
2354 790
2355 187
2356 609
2357 228
2358 83
2359 5
2360 33
2361 14
2362 28
2363 1302
2364 1142
2365 149
2366 947
2367 763
2368 207
2369 511
2370 894
2371 602
2372 509
2373 311
2374 41
2375 655
2376 961
2377 25
2378 14
2379 125
2380 204
2381 50
2382 1182
2383 644
2384 439
2385 1605
2386 441
2387 1149
2388 1961
2389 1122
2390 763
2391 1354
2392 196
2393 183
2394 1251
2395 435
2396 149
2397 34
2398 1074
2399 35
2400 119
2401 695
2402 2624
2403 204
2404 354
2405 927
2406 1195
2407 861
2408 472
2409 647
2410 435
2411 974
2412 660
2413 145
2414 6
2415 285
2416 82
2417 172
2418 42
2419 729
2420 1310
2421 1092
2422 2410
2423 335
2424 629
2425 752
2426 999
2427 1258
2428 1544
2429 302
2430 18
2431 341
2432 842
2433 7
2434 142
2435 402
2436 476
2437 256
2438 1549
2439 165
2440 578
2441 1253
2442 1242
2443 542
2444 603
2445 641
2446 103
2447 10
2448 9
2449 569
2450 59
2451 172
2452 90
2453 54
2454 462
2455 449
2456 681
2457 601
2458 106
2459 397
2460 90
2461 57
2462 6
2463 66
2464 373
2465 2377
2466 351
2467 13
2468 155
2469 187
2470 398
2471 267
2472 253
2473 66
2474 24
2475 26
2476 1
2477 132
2478 599
2479 50
2480 196
2481 296
2482 98
2483 270
2484 428
2485 609
2486 279
2487 874
2488 157
2489 222
2490 39
2491 19
2492 7
2493 21
2494 264
2495 537
2496 186
2497 342
2498 76
2499 396
2500 214
2501 167
2502 226
2503 1095
2504 55
2505 12
2506 77
2507 22
2508 26
2509 205
2510 119
2511 180
2512 161
2513 329
2514 1
2515 2
2516 92
2517 8
2518 2
2519 31
2520 150
2521 82
2522 134
2523 380
2524 20
2525 14
2526 580
2527 265
2528 4
2529 114
2530 174
2531 88
2532 36
2533 26
2534 914
2535 1127
2536 158
2537 323
2538 466
2539 83
2540 8
2541 82
2542 1300
2543 349
2544 437
2545 1108
2546 105
2547 49
2548 314
2549 153
2550 94
2551 48
2552 391
2553 695
2554 257
2555 9
2556 10
2557 81
2558 212
2559 187
2560 606
2561 520
2562 141
2563 383
2564 112
2565 115
2566 223
2567 112
2568 104
2569 46
2570 119
2571 80
2572 0
2573 207
2574 16
2575 508
2576 31
2577 37
2578 40
2579 24
2580 2
2581 4
2582 0
2583 0
2584 1
2585 1
2586 0
2587 0
2588 0
2589 0
2590 0
2591 0
2592 1
2593 0
2594 0
2595 0
2596 0
2597 0
2598 7
