0 198
1 604
2 227
3 408
4 457
5 357
6 271
7 213
8 694
9 523
10 230
11 204
12 238
13 212
14 209
15 365
16 205
17 428
18 214
19 207
20 214
21 208
22 423
23 202
24 547
25 447
26 194
27 199
28 511
29 277
30 210
31 194
32 688
33 223
34 453
35 212
36 447
37 361
38 205
39 206
40 209
41 200
42 209
43 212
44 234
45 467
46 202
47 467
48 380
49 208
50 206
51 369
52 208
53 202
54 205
55 208
56 200
57 205
58 219
59 210
60 371
61 207
62 208
63 492
64 207
65 208
66 425
67 210
68 205
69 503
70 208
71 202
72 573
73 622
74 209
75 208
76 208
77 206
78 423
79 212
80 211
81 515
82 356
83 202
84 438
85 372
86 213
87 204
88 207
89 269
90 199
91 373
92 202
93 363
94 198
95 201
96 198
97 201
98 686
99 207
100 210
101 610
102 255
103 206
104 209
105 472
106 515
107 255
108 297
109 207
110 202
111 472
112 217
113 194
114 218
115 204
116 359
117 212
118 428
119 247
120 196
121 483
122 208
123 198
124 210
125 209
126 248
127 244
128 199
129 194
130 201
131 207
132 272
133 482
134 574
135 425
136 203
137 213
138 205
139 375
140 241
141 200
142 269
143 197
144 203
145 471
146 207
147 245
148 359
149 208
150 374
151 0
152 438
153 205
154 199
155 204
156 206
157 242
158 203
159 208
160 273
161 246
162 428
163 409
164 359
165 206
166 209
167 209
168 372
169 370
170 461
171 208
172 207
173 194
174 218
175 214
176 196
177 192
178 636
179 269
180 206
181 480
182 209
183 428
184 203
185 208
186 367
187 373
188 359
189 205
190 364
191 387
192 364
193 203
194 583
195 371
196 511
197 213
198 409
199 205
200 199
201 572
202 213
203 208
204 209
205 373
206 429
207 364
208 359
209 213
210 365
211 482
212 485
213 437
214 231
215 209
216 207
217 408
218 208
219 370
220 241
221 369
222 245
223 209
224 242
225 210
226 358
227 244
228 207
229 208
230 363
231 459
232 0
233 195
234 0
235 355
236 407
237 269
238 475
239 210
240 445
241 234
242 193
243 209
244 368
245 196
246 209
247 437
248 559
249 687
250 358
251 358
252 358
253 501
254 203
255 206
256 205
257 229
258 477
259 410
260 229
261 206
262 360
263 370
264 502
265 460
266 459
267 401
268 203
269 202
270 364
271 269
272 197
273 0
274 366
275 272
276 205
277 409
278 214
279 264
280 406
281 203
282 195
283 201
284 206
285 210
286 412
287 426
288 362
289 295
290 210
291 192
292 197
293 195
294 228
295 205
296 413
297 207
298 369
299 477
300 343
301 208
302 272
303 197
304 653
305 211
306 208
307 200
308 425
309 203
310 407
311 378
312 270
313 507
314 210
315 201
316 229
317 207
318 517
319 279
320 206
321 197
322 440
323 272
324 413
325 499
326 270
327 506
328 483
329 511
330 495
331 199
332 426
333 205
334 523
335 209
336 208
337 438
338 207
339 203
340 357
341 209
342 437
343 363
344 212
345 354
346 204
347 375
348 367
349 404
350 252
351 197
352 369
353 212
354 211
355 266
356 273
357 409
358 429
359 477
360 508
361 428
362 246
363 207
364 0
365 205
366 405
367 207
368 208
369 407
370 614
371 231
372 394
373 251
374 202
375 211
376 367
377 482
378 266
379 202
380 357
381 274
382 207
383 410
384 376
385 253
386 364
387 369
388 473
389 364
390 500
391 354
392 199
393 367
394 370
395 211
396 271
397 195
398 410
399 208
400 471
401 358
402 358
403 361
404 207
405 453
406 407
407 487
408 435
409 407
410 211
411 207
412 206
413 250
414 244
415 410
416 560
417 455
418 251
419 406
420 368
421 208
422 408
423 470
424 209
425 372
426 334
427 194
428 407
429 203
430 209
431 205
432 209
433 474
434 452
435 269
436 482
437 208
438 196
439 509
440 406
441 475
442 204
443 209
444 203
445 205
446 440
447 206
448 213
449 372
450 209
451 206
452 199
453 207
454 375
455 208
456 207
457 205
458 205
459 207
460 210
461 208
462 209
463 194
464 208
465 204
466 410
467 515
468 206
469 205
470 210
471 439
472 370
473 373
474 208
475 268
476 423
477 211
478 204
479 212
480 208
481 427
482 204
483 384
484 376
485 427
486 423
487 370
488 202
489 422
490 462
491 248
492 205
493 206
494 207
495 243
496 204
497 203
498 210
499 372
500 206
501 206
502 209
503 211
504 208
505 211
506 214
507 380
508 208
509 200
510 380
511 214
512 207
513 208
514 439
515 423
516 206
517 273
518 201
519 213
520 207
521 203
522 204
523 247
524 204
525 395
526 214
527 205
528 208
529 206
530 274
531 211
532 359
533 198
534 203
535 359
536 504
537 307
538 194
539 206
540 205
541 431
542 208
543 208
544 271
545 231
546 204
547 692
548 359
549 215
550 206
551 212
552 303
553 213
554 444
555 247
556 251
557 206
558 274
559 209
560 202
561 208
562 221
563 271
564 210
565 207
566 0
567 210
568 208
569 208
570 323
571 437
572 484
573 494
574 367
575 230
576 242
577 210
578 351
579 204
580 207
581 360
582 209
583 243
584 246
585 247
586 268
587 201
588 274
589 228
590 409
591 211
592 208
593 211
594 369
595 207
596 205
597 368
598 468
599 209
600 198
601 386
602 207
603 421
604 368
605 208
606 208
607 225
608 208
609 209
610 294
611 193
612 238
613 213
614 210
615 203
616 194
617 208
618 207
619 210
620 207
621 209
622 211
623 212
624 212
625 210
626 205
627 406
628 202
629 199
630 270
631 213
632 206
633 212
634 204
635 211
636 209
637 205
638 416
639 247
640 250
641 246
642 207
643 214
644 193
645 213
646 204
647 477
648 211
649 205
650 207
651 206
652 209
653 208
654 512
655 529
656 441
657 442
658 208
659 208
660 440
661 377
662 212
663 235
664 406
665 272
666 243
667 426
668 359
669 214
670 200
671 595
672 257
673 208
674 243
675 227
676 204
677 243
678 246
679 274
680 269
681 212
682 203
683 212
684 209
685 209
686 224
687 207
688 208
689 562
690 484
691 203
692 441
693 191
694 427
695 208
696 366
697 373
698 245
699 206
700 272
701 447
702 270
703 222
704 641
705 375
706 373
707 225
708 207
709 272
710 205
711 272
712 431
713 206
714 0
715 1426
716 496
717 201
718 421
719 195
720 201
721 206
722 207
723 243
724 230
725 194
726 275
727 208
728 364
729 441
730 422
731 298
732 198
733 205
734 195
735 209
736 208
737 212
738 225
739 201
740 275
741 216
742 438
743 210
744 213
745 207
746 210
747 207
748 244
749 278
750 332
751 422
752 202
753 269
754 474
755 491
756 398
757 439
758 208
759 273
760 205
761 205
762 204
763 252
764 247
765 202
766 205
767 208
768 216
769 206
770 203
771 207
772 206
773 0
774 205
775 375
776 424
777 431
778 214
779 207
780 213
781 361
782 380
783 429
784 273
785 390
786 203
787 199
788 407
789 262
790 431
791 272
792 206
793 205
794 426
795 0
796 210
797 206
798 240
799 209
800 195
801 202
802 233
803 231
804 274
805 446
806 426
807 359
808 207
809 212
810 440
811 488
812 686
813 193
814 502
815 200
816 0
817 0
818 243
819 268
820 215
821 225
822 206
823 429
824 573
825 520
826 483
827 424
828 204
829 207
830 208
831 206
832 210
833 202
834 417
835 248
836 206
837 208
838 208
839 206
840 272
841 272
842 200
843 0
844 1625
845 192
846 433
847 213
848 275
849 670
850 210
851 427
852 417
853 209
854 196
855 427
856 207
857 439
858 437
859 212
860 246
861 214
862 201
863 578
864 202
865 276
866 209
867 204
868 421
869 272
870 203
871 243
872 272
873 245
874 359
875 412
876 422
877 206
878 270
879 465
880 232
881 680
882 425
883 208
884 411
885 651
886 432
887 195
888 424
889 431
890 208
891 273
892 409
893 199
894 208
895 405
896 272
897 208
898 205
899 206
900 0
901 524
902 377
903 466
904 372
905 198
906 425
907 207
908 211
909 915
910 200
911 507
912 423
913 447
914 426
915 441
916 208
917 423
918 208
919 404
920 204
921 209
922 233
923 228
924 208
925 208
926 230
927 351
928 0
929 373
930 208
931 242
932 271
933 409
934 380
935 418
936 377
937 200
938 519
939 421
940 328
941 197
942 462
943 200
944 405
945 425
946 199
947 214
948 429
949 275
950 203
951 198
952 703
953 562
954 423
955 204
956 277
957 553
958 465
959 358
960 210
961 410
962 411
963 441
964 197
965 900
966 421
967 209
968 420
969 244
970 196
971 203
972 404
973 197
974 203
975 208
976 269
977 198
978 403
979 395
980 209
981 193
982 523
983 626
984 206
985 451
986 272
987 380
988 249
989 244
990 213
991 272
992 428
993 372
994 423
995 206
996 198
997 210
998 202
999 487
1000 654
1001 202
1002 272
1003 272
1004 203
1005 201
1006 213
1007 423
1008 229
1009 227
1010 196
1011 577
1012 214
1013 0
1014 553
1015 647
1016 531
1017 405
1018 203
1019 197
1020 367
1021 462
1022 436
1023 267
1024 410
1025 579
1026 488
1027 470
1028 206
1029 204
1030 267
1031 206
1032 204
1033 204
1034 423
1035 632
1036 211
1037 609
1038 205
1039 205
1040 209
1041 273
1042 196
1043 272
1044 689
1045 198
1046 208
1047 210
1048 448
1049 451
1050 204
1051 214
1052 206
1053 239
1054 481
1055 205
1056 406
1057 274
1058 203
1059 426
1060 205
1061 423
1062 0
1063 433
1064 0
1065 355
1066 209
1067 343
1068 687
1069 204
1070 207
1071 209
1072 207
1073 206
1074 214
1075 258
1076 559
1077 440
1078 200
1079 436
1080 477
1081 270
1082 558
1083 249
1084 196
1085 197
1086 209
1087 273
1088 609
1089 519
1090 201
1091 573
1092 203
1093 195
1094 194
1095 195
1096 196
1097 194
1098 597
1099 357
1100 429
1101 371
1102 201
1103 207
1104 199
1105 205
1106 276
1107 199
1108 207
1109 343
1110 196
1111 244
1112 603
1113 603
1114 526
1115 199
1116 228
1117 577
1118 195
1119 207
1120 446
1121 250
1122 211
1123 195
1124 524
1125 244
1126 193
1127 196
1128 213
1129 452
1130 218
1131 242
1132 206
1133 250
1134 210
1135 408
1136 229
1137 366
1138 195
1139 214
1140 362
1141 199
1142 447
1143 491
1144 488
1145 423
1146 208
1147 274
1148 399
1149 492
1150 406
1151 276
1152 206
1153 215
1154 208
1155 567
1156 379
1157 376
1158 200
1159 600
1160 214
1161 211
1162 210
1163 267
1164 420
1165 560
1166 515
1167 207
1168 207
1169 434
1170 272
1171 667
1172 411
1173 198
1174 196
1175 492
1176 459
1177 670
1178 374
1179 480
1180 446
1181 427
1182 196
1183 463
1184 197
1185 273
1186 376
1187 217
1188 204
1189 210
1190 196
1191 245
1192 249
1193 273
1194 206
1195 206
1196 204
1197 198
1198 196
1199 211
1200 195
1201 491
1202 373
1203 212
1204 364
1205 427
1206 426
1207 654
1208 479
1209 411
1210 245
1211 423
1212 426
1213 497
1214 540
1215 204
1216 359
1217 233
1218 209
1219 468
1220 408
1221 419
1222 451
1223 195
1224 230
1225 361
1226 244
1227 193
1228 243
1229 205
1230 212
1231 209
1232 198
1233 272
1234 205
1235 493
1236 256
1237 259
1238 429
1239 271
1240 212
1241 431
1242 207
1243 371
1244 372
1245 200
1246 424
1247 196
1248 207
1249 471
1250 423
1251 209
1252 378
1253 695
1254 395
1255 472
1256 205
1257 471
1258 194
1259 558
1260 208
1261 197
1262 208
1263 197
1264 209
1265 216
1266 206
1267 203
1268 206
1269 207
1270 227
1271 197
1272 275
1273 197
1274 405
1275 212
1276 195
1277 195
1278 271
1279 274
1280 271
1281 542
1282 526
1283 529
1284 527
1285 244
1286 273
1287 349
1288 215
1289 431
1290 682
1291 203
1292 410
1293 407
1294 563
1295 371
1296 244
1297 207
1298 618
1299 198
1300 197
1301 210
1302 206
1303 205
1304 211
1305 207
1306 194
1307 209
1308 207
1309 207
1310 206
1311 424
1312 213
1313 275
1314 203
1315 534
1316 200
1317 274
1318 214
1319 270
1320 192
1321 228
1322 247
1323 427
1324 196
1325 426
1326 442
1327 520
1328 525
1329 429
1330 427
1331 195
1332 419
1333 205
1334 428
1335 216
1336 425
1337 371
1338 441
1339 207
1340 205
1341 205
1342 477
1343 244
1344 367
1345 207
1346 209
1347 211
1348 232
1349 198
1350 230
1351 695
1352 194
1353 209
1354 209
1355 245
1356 216
1357 213
1358 200
1359 420
1360 205
1361 370
1362 207
1363 422
1364 207
1365 209
1366 500
1367 427
1368 506
1369 427
1370 248
1371 264
1372 525
1373 425
1374 440
1375 626
1376 370
1377 427
1378 200
1379 205
1380 427
1381 272
1382 244
1383 427
1384 375
1385 203
1386 379
1387 376
1388 606
1389 390
1390 198
1391 735
1392 360
1393 208
1394 204
1395 420
1396 201
1397 206
1398 199
1399 425
1400 271
1401 209
1402 194
1403 430
1404 207
1405 358
1406 369
1407 271
1408 404
1409 197
1410 206
1411 202
1412 257
1413 268
1414 206
1415 246
1416 425
1417 200
1418 195
1419 382
1420 422
1421 380
1422 426
1423 425
1424 421
1425 559
1426 199
1427 217
1428 372
1429 526
1430 210
1431 205
1432 440
1433 202
1434 215
1435 244
1436 484
1437 373
1438 206
1439 213
1440 358
1441 198
1442 209
1443 209
1444 209
1445 208
1446 210
1447 206
1448 202
1449 273
1450 208
1451 206
1452 475
1453 371
1454 209
1455 636
1456 204
1457 197
1458 199
1459 205
1460 244
1461 270
1462 198
1463 274
1464 239
1465 207
1466 361
1467 199
1468 202
1469 428
1470 423
1471 423
1472 458
1473 203
1474 212
1475 427
1476 404
1477 195
1478 582
1479 439
1480 242
1481 445
1482 560
1483 248
1484 376
1485 487
1486 376
1487 445
1488 408
1489 199
1490 208
1491 204
1492 201
1493 204
1494 205
1495 209
1496 204
1497 207
1498 211
1499 425
1500 206
1501 247
1502 274
1503 196
1504 212
1505 209
1506 199
1507 460
1508 245
1509 195
1510 208
1511 210
1512 194
1513 195
1514 208
1515 373
1516 424
1517 195
1518 195
1519 185
1520 423
1521 431
1522 274
1523 208
1524 210
1525 444
1526 441
1527 620
1528 429
1529 420
1530 370
1531 427
1532 478
1533 469
1534 572
1535 531
1536 198
1537 196
1538 199
1539 209
1540 208
1541 212
1542 212
1543 207
1544 205
1545 225
1546 269
1547 212
1548 199
1549 196
1550 271
1551 206
1552 270
1553 367
1554 276
1555 193
1556 484
1557 275
1558 208
1559 205
1560 205
1561 274
1562 195
1563 245
1564 270
1565 249
1566 399
1567 245
1568 529
1569 434
1570 207
1571 200
1572 422
1573 214
1574 212
1575 206
1576 205
1577 205
1578 227
1579 426
1580 258
1581 263
1582 215
1583 453
1584 365
1585 200
1586 206
1587 208
1588 198
1589 196
1590 205
1591 206
1592 207
1593 212
1594 205
1595 197
1596 194
1597 268
1598 427
1599 197
1600 524
1601 439
1602 256
1603 243
1604 207
1605 201
1606 249
1607 208
1608 195
1609 197
1610 272
1611 271
1612 424
1613 381
1614 197
1615 429
1616 195
1617 431
1618 429
1619 217
1620 428
1621 419
1622 563
1623 204
1624 218
1625 385
1626 361
1627 255
1628 194
1629 489
1630 207
1631 210
1632 213
1633 212
1634 208
1635 243
1636 209
1637 355
1638 210
1639 488
1640 207
1641 209
1642 201
1643 426
1644 427
1645 192
1646 196
1647 200
1648 195
1649 197
1650 427
1651 429
1652 197
1653 424
1654 428
1655 425
1656 380
1657 213
1658 197
1659 209
1660 209
1661 196
1662 211
1663 209
1664 248
1665 266
1666 204
1667 249
1668 431
1669 197
1670 257
1671 266
1672 201
1673 204
1674 427
1675 198
1676 248
1677 572
1678 208
1679 202
1680 246
1681 429
1682 425
1683 507
1684 206
1685 203
1686 285
1687 245
1688 308
1689 405
1690 641
1691 210
1692 206
1693 206
1694 193
1695 206
1696 209
1697 207
1698 213
1699 195
1700 197
1701 197
1702 221
1703 271
1704 373
1705 373
1706 480
1707 251
1708 210
1709 427
1710 429
1711 209
1712 424
1713 627
1714 604
1715 213
1716 195
1717 423
1718 696
1719 203
1720 198
1721 358
1722 495
1723 204
1724 204
1725 205
1726 200
1727 207
1728 196
1729 242
1730 198
1731 270
1732 196
1733 209
1734 429
1735 197
1736 270
1737 650
1738 427
1739 213
1740 196
1741 374
1742 422
1743 201
1744 272
1745 193
1746 251
1747 200
1748 245
1749 403
1750 209
1751 273
1752 207
1753 198
1754 365
1755 422
1756 198
1757 410
1758 374
1759 197
1760 370
1761 651
1762 211
1763 250
1764 419
1765 197
1766 209
1767 433
1768 472
1769 361
1770 197
1771 382
1772 196
1773 378
1774 406
1775 204
1776 436
1777 199
1778 426
1779 212
1780 199
1781 268
1782 200
1783 489
1784 431
1785 620
1786 380
1787 212
1788 380
1789 423
1790 195
1791 201
1792 211
1793 417
1794 372
1795 216
1796 388
1797 428
1798 206
1799 195
1800 216
1801 198
1802 198
1803 426
1804 203
1805 276
1806 208
1807 198
1808 248
1809 359
1810 370
1811 210
1812 196
1813 209
1814 256
1815 371
1816 246
1817 375
1818 428
1819 199
1820 212
1821 210
1822 199
1823 435
1824 425
1825 425
1826 210
1827 428
1828 426
1829 195
1830 371
1831 475
1832 197
1833 377
1834 198
1835 212
1836 201
1837 207
1838 195
1839 199
1840 562
1841 417
1842 198
1843 201
1844 453
1845 372
1846 426
1847 370
1848 401
1849 199
1850 194
1851 444
1852 193
1853 358
1854 195
1855 202
1856 206
1857 424
1858 197
1859 210
1860 209
1861 208
1862 208
1863 198
1864 269
1865 255
1866 382
1867 216
1868 200
1869 249
1870 195
1871 371
1872 431
1873 205
1874 211
1875 208
1876 209
1877 261
1878 197
1879 421
1880 206
1881 206
1882 191
1883 196
1884 212
1885 203
1886 198
1887 195
1888 197
1889 365
1890 199
1891 195
1892 205
1893 373
1894 373
1895 210
1896 197
1897 247
1898 191
1899 370
1900 460
1901 378
1902 371
1903 199
1904 202
1905 245
1906 247
1907 195
1908 198
1909 196
1910 194
1911 250
1912 198
1913 197
1914 198
1915 205
1916 377
1917 207
1918 205
1919 208
1920 200
1921 207
1922 373
1923 208
1924 195
1925 420
1926 198
1927 198
1928 243
1929 407
1930 407
1931 197
1932 259
1933 193
1934 195
1935 196
1936 574
1937 248
1938 196
1939 207
1940 213
1941 259
1942 204
1943 421
1944 208
1945 211
1946 199
1947 200
1948 197
1949 194
1950 192
1951 429
1952 215
1953 358
1954 196
1955 376
1956 372
1957 199
1958 376
1959 373
1960 206
1961 411
1962 196
1963 216
1964 195
1965 200
1966 421
1967 245
1968 197
1969 198
1970 194
1971 192
1972 199
1973 203
1974 197
1975 196
1976 402
1977 374
1978 685
1979 197
1980 406
1981 209
1982 198
1983 199
1984 196
1985 200
1986 194
1987 438
1988 372
1989 197
1990 398
1991 486
1992 421
1993 199
1994 196
1995 198
1996 197
1997 198
1998 204
1999 205
2000 207
2001 214
2002 196
2003 204
2004 210
2005 200
2006 363
2007 369
2008 201
2009 207
2010 197
2011 430
2012 367
2013 424
2014 369
2015 424
2016 216
2017 245
2018 201
2019 208
2020 202
2021 206
2022 202
2023 194
2024 203
2025 211
2026 201
2027 193
2028 195
2029 197
2030 213
2031 200
2032 419
2033 428
2034 369
2035 408
2036 214
2037 206
2038 197
2039 412
2040 236
2041 248
2042 272
2043 429
2044 194
2045 204
2046 196
2047 199
2048 215
2049 210
2050 209
2051 198
2052 199
2053 198
2054 209
2055 213
2056 240
2057 426
2058 370
2059 432
2060 372
2061 371
2062 484
2063 199
2064 247
2065 424
2066 373
2067 200
2068 193
2069 200
2070 214
2071 195
2072 197
2073 199
2074 198
2075 196
2076 207
2077 192
2078 197
2079 195
2080 199
2081 208
2082 256
2083 198
2084 247
2085 259
2086 200
2087 426
2088 371
2089 196
2090 199
2091 200
2092 424
2093 370
2094 204
2095 198
2096 197
2097 195
2098 269
2099 193
2100 198
2101 197
2102 193
2103 199
2104 196
2105 196
2106 205
2107 209
2108 219
2109 201
2110 429
2111 197
2112 378
2113 211
2114 398
2115 257
2116 455
2117 206
2118 197
2119 197
2120 484
2121 230
2122 489
2123 373
2124 208
2125 199
2126 204
2127 197
2128 372
2129 215
2130 214
2131 268
2132 196
2133 362
2134 366
2135 198
2136 372
2137 426
2138 202
2139 373
2140 196
2141 198
2142 197
2143 195
2144 196
2145 209
2146 212
2147 194
2148 248
2149 215
2150 213
2151 249
2152 196
2153 257
2154 376
2155 212
2156 210
2157 377
2158 194
2159 201
2160 268
2161 249
2162 441
2163 197
2164 205
2165 196
2166 203
2167 198
2168 199
2169 204
2170 195
2171 452
2172 214
2173 412
2174 427
2175 216
2176 220
2177 374
2178 195
2179 196
2180 198
2181 196
2182 196
2183 201
2184 201
2185 0
2186 209
2187 247
2188 205
2189 198
2190 196
2191 246
2192 450
2193 195
2194 197
2195 198
2196 201
2197 198
2198 193
2199 392
2200 215
2201 197
2202 198
2203 200
2204 204
2205 199
2206 201
2207 201
2208 418
2209 428
2210 216
2211 458
2212 393
2213 195
2214 196
2215 403
2216 196
2217 211
2218 475
2219 195
2220 196
2221 197
2222 532
2223 214
2224 427
2225 196
2226 196
2227 201
2228 471
2229 200
2230 468
2231 194
2232 481
2233 227
2234 198
2235 502
2236 537
2237 488
2238 218
2239 424
2240 203
2241 209
2242 198
2243 197
2244 197
2245 372
2246 247
2247 460
2248 372
2249 426
2250 363
2251 450
2252 274
2253 212
2254 486
2255 465
2256 464
2257 689
2258 197
2259 212
2260 199
2261 198
2262 199
2263 481
2264 200
2265 274
2266 195
2267 201
2268 201
2269 259
2270 438
2271 370
2272 400
2273 215
2274 201
2275 427
2276 503
2277 435
2278 391
2279 451
2280 200
2281 197
2282 196
2283 195
2284 0
2285 215
2286 209
2287 196
2288 200
2289 197
2290 403
2291 405
2292 250
2293 429
2294 196
2295 209
2296 199
2297 475
2298 396
2299 578
2300 368
2301 201
2302 484
2303 559
2304 213
2305 198
2306 406
2307 451
2308 198
2309 196
2310 248
2311 407
2312 395
2313 395
2314 199
2315 408
2316 195
2317 387
2318 388
2319 402
2320 450
2321 196
2322 198
2323 0
2324 194
2325 197
2326 197
2327 199
2328 198
2329 411
2330 246
2331 198
2332 208
2333 454
2334 445
2335 411
2336 199
2337 199
2338 393
2339 395
2340 192
2341 204
2342 196
2343 424
2344 199
2345 193
2346 197
2347 196
2348 199
2349 206
2350 200
2351 528
2352 472
2353 194
2354 424
2355 193
2356 199
2357 210
2358 258
2359 200
2360 197
2361 200
2362 216
2363 209
2364 201
2365 200
2366 199
2367 422
2368 195
2369 214
2370 408
2371 402
2372 415
2373 450
2374 490
2375 464
2376 463
2377 251
2378 211
2379 404
2380 210
2381 199
2382 488
2383 201
2384 196
2385 203
2386 489
2387 421
2388 677
2389 202
2390 200
2391 484
2392 486
2393 268
2394 451
2395 250
2396 208
2397 196
2398 194
2399 198
2400 381
2401 197
2402 199
2403 685
2404 196
2405 196
2406 672
2407 202
2408 256
2409 208
2410 193
2411 426
2412 205
2413 476
2414 235
2415 217
2416 196
2417 371
2418 258
2419 193
2420 199
2421 196
2422 623
2423 384
2424 197
2425 437
2426 203
2427 215
2428 405
2429 201
2430 466
2431 196
2432 407
2433 0
2434 195
2435 196
2436 198
2437 201
2438 199
2439 198
2440 248
2441 195
2442 200
2443 212
2444 450
2445 207
2446 200
2447 490
2448 196
2449 264
2450 200
2451 196
2452 203
2453 488
2454 493
2455 479
2456 198
2457 407
2458 487
2459 210
2460 488
2461 360
2462 652
2463 198
2464 196
2465 409
2466 194
2467 373
2468 214
2469 378
2470 452
2471 195
2472 371
2473 195
2474 198
2475 489
2476 367
2477 197
2478 208
2479 209
2480 210
2481 467
2482 196
2483 201
2484 197
2485 197
2486 198
2487 404
2488 398
2489 431
2490 689
2491 203
2492 196
2493 215
2494 199
2495 198
2496 196
2497 196
2498 195
2499 198
2500 201
2501 203
2502 194
2503 441
2504 194
2505 275
2506 586
2507 249
2508 201
2509 193
2510 201
2511 206
2512 248
2513 198
2514 0
2515 208
2516 197
2517 203
2518 0
2519 536
2520 202
2521 239
2522 485
2523 229
2524 526
2525 373
2526 375
2527 209
2528 407
2529 539
2530 199
2531 312
2532 383
2533 625
2534 421
2535 656
2536 487
2537 259
2538 201
2539 198
2540 198
2541 247
2542 404
2543 205
2544 210
2545 270
2546 424
2547 198
2548 373
2549 443
2550 440
2551 209
2552 359
2553 196
2554 207
2555 200
2556 441
2557 456
2558 374
2559 210
2560 194
2561 203
2562 207
2563 199
2564 401
2565 191
2566 373
2567 457
2568 198
2569 201
2570 198
2571 205
2572 202
2573 534
2574 210
2575 366
2576 198
2577 203
2578 198
2579 197
2580 196
