0 236
1 4
2 24
3 10
4 71
5 142
6 7
7 8
8 4
9 12
10 58
11 199
12 33
13 131
14 338
15 132
16 252
17 47
18 27
19 582
20 5
21 81
22 43
23 386
24 2
25 140
26 13
27 15
28 12
29 42
30 7
31 21
32 4
33 124
34 23
35 225
36 20
37 61
38 31
39 42
40 76
41 19
42 26
43 24
44 295
45 6
46 21
47 13
48 21
49 248
50 132
51 36
52 231
53 235
54 220
55 21
56 44
57 158
58 239
59 23
60 51
61 283
62 224
63 26
64 37
65 573
66 64
67 196
68 105
69 10
70 44
71 45
72 15
73 9
74 222
75 385
76 17
77 181
78 394
79 385
80 41
81 9
82 157
83 82
84 29
85 12
86 163
87 555
88 482
89 18
90 15
91 16
92 29
93 167
94 50
95 2
96 48
97 259
98 68
99 304
100 7
101 25
102 191
103 216
104 42
105 88
106 295
107 88
108 256
109 232
110 18
111 99
112 132
113 48
114 176
115 86
116 280
117 45
118 30
119 141
120 6
121 113
122 477
123 141
124 50
125 10
126 38
127 48
128 65
129 123
130 57
131 125
132 31
133 2
134 21
135 424
136 213
137 978
138 70
139 70
140 364
141 321
142 57
143 55
144 6
145 19
146 258
147 65
148 343
149 212
150 88
151 0
152 5
153 100
154 78
155 125
156 50
157 92
158 881
159 128
160 56
161 67
162 6
163 153
164 151
165 212
166 291
167 169
168 88
169 64
170 400
171 229
172 89
173 66
174 346
175 664
176 435
177 58
178 117
179 6
180 414
181 37
182 982
183 496
184 207
185 158
186 765
187 700
188 372
189 50
190 76
191 4
192 6
193 19
194 10
195 5
196 378
197 225
198 33
199 311
200 237
201 214
202 81
203 375
204 238
205 537
206 841
207 204
208 121
209 8
210 598
211 18
212 78
213 188
214 1
215 449
216 29
217 110
218 142
219 662
220 151
221 521
222 517
223 458
224 773
225 431
226 382
227 66
228 6
229 77
230 18
231 9
232 0
233 47
234 0
235 67
236 1
237 6
238 229
239 918
240 35
241 903
242 520
243 84
244 567
245 130
246 230
247 10
248 150
249 99
250 81
251 25
252 52
253 1
254 20
255 90
256 1337
257 439
258 82
259 13
260 1
261 2
262 31
263 233
264 39
265 91
266 28
267 86
268 30
269 5
270 150
271 313
272 92
273 0
274 43
275 37
276 41
277 23
278 72
279 239
280 31
281 9
282 119
283 878
284 23
285 26
286 91
287 75
288 90
289 52
290 735
291 175
292 1021
293 361
294 14
295 195
296 295
297 115
298 136
299 72
300 183
301 147
302 219
303 184
304 893
305 277
306 206
307 453
308 4
309 240
310 178
311 259
312 332
313 51
314 57
315 323
316 276
317 347
318 759
319 31
320 119
321 158
322 44
323 69
324 3
325 18
326 66
327 34
328 14
329 6
330 34
331 195
332 58
333 413
334 500
335 452
336 46
337 188
338 637
339 391
340 5
341 21
342 28
343 7
344 37
345 19
346 125
347 25
348 365
349 124
350 170
351 743
352 124
353 25
354 4
355 13
356 13
357 200
358 5
359 225
360 243
361 611
362 827
363 25
364 1
365 5
366 66
367 121
368 270
369 315
370 118
371 77
372 76
373 118
374 60
375 77
376 176
377 10
378 42
379 195
380 209
381 7
382 180
383 12
384 163
385 266
386 4
387 7
388 234
389 319
390 501
391 325
392 543
393 17
394 306
395 132
396 574
397 187
398 2
399 382
400 23
401 177
402 90
403 97
404 287
405 227
406 525
407 402
408 121
409 12
410 47
411 100
412 173
413 746
414 467
415 28
416 89
417 178
418 30
419 121
420 58
421 30
422 316
423 296
424 404
425 179
426 140
427 58
428 256
429 16
430 593
431 36
432 53
433 103
434 14
435 36
436 499
437 731
438 958
439 351
440 561
441 465
442 209
443 779
444 133
445 120
446 91
447 23
448 380
449 136
450 286
451 161
452 278
453 480
454 534
455 86
456 325
457 677
458 412
459 4
460 21
461 489
462 390
463 239
464 256
465 189
466 40
467 377
468 242
469 527
470 643
471 675
472 433
473 247
474 477
475 164
476 33
477 58
478 22
479 95
480 59
481 97
482 142
483 28
484 369
485 123
486 206
487 299
488 118
489 528
490 151
491 100
492 538
493 1000
494 91
495 220
496 121
497 59
498 577
499 185
500 184
501 170
502 136
503 64
504 25
505 185
506 303
507 44
508 34
509 841
510 68
511 107
512 382
513 653
514 249
515 403
516 204
517 157
518 10
519 147
520 683
521 568
522 22
523 105
524 132
525 16
526 11
527 56
528 230
529 63
530 41
531 73
532 489
533 455
534 54
535 383
536 416
537 66
538 62
539 315
540 50
541 105
542 45
543 375
544 396
545 23
546 213
547 3
548 300
549 17
550 145
551 41
552 408
553 412
554 601
555 552
556 107
557 61
558 154
559 296
560 82
561 228
562 90
563 11
564 9
565 8
566 0
567 74
568 35
569 13
570 64
571 282
572 177
573 120
574 41
575 313
576 91
577 150
578 170
579 107
580 42
581 14
582 30
583 153
584 251
585 217
586 179
587 65
588 370
589 792
590 24
591 16
592 170
593 20
594 29
595 75
596 63
597 42
598 439
599 617
600 416
601 913
602 185
603 149
604 103
605 66
606 208
607 208
608 375
609 108
610 282
611 146
612 442
613 280
614 657
615 450
616 410
617 10
618 40
619 22
620 69
621 9
622 137
623 71
624 86
625 538
626 253
627 677
628 430
629 344
630 558
631 80
632 139
633 104
634 169
635 100
636 252
637 16
638 127
639 292
640 41
641 254
642 225
643 609
644 125
645 459
646 261
647 36
648 38
649 4
650 2
651 171
652 243
653 124
654 108
655 147
656 90
657 40
658 470
659 338
660 34
661 230
662 31
663 330
664 63
665 33
666 274
667 208
668 18
669 115
670 194
671 451
672 52
673 34
674 66
675 17
676 328
677 437
678 316
679 191
680 519
681 431
682 22
683 101
684 69
685 198
686 51
687 8
688 11
689 120
690 504
691 311
692 181
693 8
694 54
695 76
696 76
697 53
698 42
699 185
700 110
701 132
702 219
703 21
704 62
705 396
706 571
707 245
708 21
709 266
710 19
711 3
712 45
713 38
714 1
715 40
716 203
717 780
718 366
719 291
720 730
721 159
722 86
723 10
724 122
725 77
726 170
727 121
728 112
729 284
730 173
731 380
732 61
733 165
734 204
735 87
736 266
737 200
738 479
739 520
740 189
741 118
742 12
743 82
744 364
745 13
746 6
747 3
748 310
749 123
750 831
751 33
752 364
753 100
754 286
755 27
756 136
757 68
758 119
759 462
760 234
761 72
762 203
763 74
764 580
765 184
766 182
767 171
768 9
769 92
770 583
771 85
772 39
773 0
774 136
775 239
776 134
777 144
778 132
779 18
780 5
781 43
782 140
783 71
784 206
785 100
786 338
787 225
788 46
789 490
790 60
791 64
792 128
793 289
794 270
795 0
796 270
797 351
798 169
799 93
800 49
801 2
802 93
803 7
804 19
805 16
806 547
807 230
808 132
809 387
810 217
811 53
812 173
813 186
814 46
815 19
816 0
817 0
818 96
819 415
820 434
821 434
822 188
823 262
824 53
825 181
826 79
827 345
828 224
829 116
830 98
831 165
832 223
833 281
834 286
835 132
836 189
837 82
838 79
839 31
840 6
841 42
842 32
843 0
844 118
845 194
846 214
847 345
848 218
849 62
850 285
851 10
852 259
853 57
854 25
855 177
856 65
857 337
858 313
859 52
860 61
861 135
862 295
863 83
864 121
865 181
866 51
867 163
868 47
869 39
870 79
871 27
872 9
873 30
874 0
875 4
876 43
877 520
878 201
879 156
880 685
881 434
882 68
883 52
884 251
885 29
886 55
887 43
888 152
889 789
890 76
891 70
892 178
893 82
894 70
895 142
896 88
897 171
898 56
899 33
900 0
901 7
902 65
903 865
904 399
905 79
906 379
907 519
908 393
909 17
910 34
911 284
912 12
913 19
914 116
915 337
916 22
917 127
918 330
919 90
920 316
921 408
922 139
923 29
924 71
925 19
926 60
927 150
928 0
929 15
930 208
931 642
932 215
933 648
934 292
935 478
936 80
937 51
938 280
939 103
940 415
941 160
942 0
943 33
944 368
945 456
946 151
947 13
948 4
949 307
950 209
951 23
952 167
953 380
954 160
955 645
956 719
957 150
958 87
959 243
960 133
961 20
962 80
963 228
964 269
965 61
966 195
967 156
968 188
969 476
970 190
971 10
972 165
973 381
974 118
975 211
976 42
977 26
978 841
979 132
980 746
981 777
982 146
983 79
984 481
985 406
986 119
987 37
988 0
989 8
990 25
991 62
992 95
993 588
994 308
995 84
996 169
997 50
998 86
999 174
1000 72
1001 200
1002 347
1003 7
1004 3
1005 10
1006 4
1007 324
1008 577
1009 3
1010 95
1011 52
1012 28
1013 0
1014 4
1015 10
1016 161
1017 443
1018 47
1019 372
1020 320
1021 529
1022 345
1023 132
1024 187
1025 64
1026 245
1027 660
1028 133
1029 46
1030 51
1031 343
1032 13
1033 27
1034 107
1035 200
1036 101
1037 53
1038 531
1039 314
1040 458
1041 263
1042 18
1043 163
1044 69
1045 115
1046 222
1047 174
1048 235
1049 38
1050 41
1051 4
1052 9
1053 12
1054 26
1055 87
1056 115
1057 180
1058 290
1059 471
1060 460
1061 109
1062 1
1063 28
1064 0
1065 38
1066 25
1067 130
1068 43
1069 117
1070 115
1071 62
1072 429
1073 162
1074 326
1075 37
1076 51
1077 5
1078 197
1079 32
1080 366
1081 223
1082 82
1083 162
1084 142
1085 53
1086 6
1087 30
1088 8
1089 14
1090 352
1091 544
1092 427
1093 588
1094 287
1095 47
1096 103
1097 38
1098 122
1099 652
1100 19
1101 44
1102 53
1103 106
1104 33
1105 57
1106 632
1107 620
1108 121
1109 11
1110 1224
1111 316
1112 36
1113 232
1114 409
1115 40
1116 9
1117 58
1118 58
1119 453
1120 419
1121 371
1122 49
1123 21
1124 104
1125 18
1126 118
1127 5
1128 157
1129 249
1130 13
1131 10
1132 3
1133 183
1134 113
1135 69
1136 0
1137 0
1138 6
1139 304
1140 1286
1141 754
1142 298
1143 10
1144 39
1145 4
1146 83
1147 2
1148 23
1149 479
1150 749
1151 70
1152 83
1153 103
1154 188
1155 613
1156 401
1157 295
1158 80
1159 35
1160 82
1161 30
1162 157
1163 2
1164 14
1165 5
1166 128
1167 183
1168 421
1169 65
1170 434
1171 7
1172 5
1173 73
1174 20
1175 30
1176 284
1177 619
1178 83
1179 506
1180 48
1181 348
1182 253
1183 463
1184 179
1185 388
1186 215
1187 156
1188 28
1189 9
1190 10
1191 201
1192 199
1193 13
1194 52
1195 18
1196 54
1197 16
1198 174
1199 170
1200 91
1201 15
1202 6
1203 518
1204 42
1205 22
1206 90
1207 19
1208 143
1209 82
1210 352
1211 320
1212 763
1213 58
1214 202
1215 416
1216 179
1217 775
1218 369
1219 73
1220 249
1221 139
1222 61
1223 181
1224 155
1225 48
1226 117
1227 39
1228 188
1229 335
1230 124
1231 19
1232 98
1233 188
1234 229
1235 685
1236 137
1237 166
1238 241
1239 10
1240 92
1241 2
1242 25
1243 267
1244 10
1245 129
1246 80
1247 251
1248 574
1249 859
1250 57
1251 356
1252 582
1253 757
1254 1231
1255 186
1256 148
1257 53
1258 364
1259 43
1260 135
1261 49
1262 143
1263 161
1264 411
1265 310
1266 195
1267 61
1268 18
1269 17
1270 31
1271 84
1272 158
1273 166
1274 1058
1275 479
1276 43
1277 85
1278 99
1279 125
1280 13
1281 19
1282 13
1283 10
1284 7
1285 4
1286 275
1287 556
1288 166
1289 453
1290 410
1291 409
1292 194
1293 237
1294 3143
1295 1105
1296 125
1297 32
1298 147
1299 375
1300 66
1301 4
1302 97
1303 192
1304 588
1305 125
1306 76
1307 350
1308 270
1309 243
1310 54
1311 198
1312 5
1313 6
1314 10
1315 532
1316 462
1317 479
1318 615
1319 546
1320 541
1321 1019
1322 560
1323 85
1324 67
1325 162
1326 37
1327 65
1328 3
1329 122
1330 59
1331 147
1332 646
1333 170
1334 53
1335 152
1336 135
1337 417
1338 309
1339 1116
1340 1436
1341 233
1342 96
1343 367
1344 456
1345 97
1346 74
1347 56
1348 39
1349 116
1350 572
1351 47
1352 23
1353 524
1354 65
1355 278
1356 258
1357 73
1358 90
1359 304
1360 46
1361 6
1362 9
1363 222
1364 775
1365 918
1366 193
1367 269
1368 266
1369 583
1370 438
1371 430
1372 4
1373 60
1374 6
1375 8
1376 28
1377 50
1378 152
1379 593
1380 657
1381 83
1382 106
1383 122
1384 277
1385 139
1386 402
1387 1106
1388 335
1389 50
1390 374
1391 319
1392 76
1393 84
1394 47
1395 183
1396 188
1397 146
1398 4
1399 58
1400 411
1401 265
1402 214
1403 282
1404 233
1405 98
1406 115
1407 326
1408 305
1409 358
1410 307
1411 119
1412 113
1413 0
1414 67
1415 36
1416 268
1417 386
1418 252
1419 627
1420 296
1421 747
1422 193
1423 15
1424 76
1425 15
1426 67
1427 287
1428 826
1429 1139
1430 680
1431 916
1432 640
1433 279
1434 330
1435 410
1436 296
1437 671
1438 16
1439 4
1440 192
1441 182
1442 1063
1443 181
1444 188
1445 406
1446 567
1447 132
1448 180
1449 98
1450 83
1451 671
1452 137
1453 414
1454 241
1455 40
1456 186
1457 720
1458 25
1459 718
1460 214
1461 114
1462 69
1463 132
1464 8
1465 119
1466 198
1467 176
1468 48
1469 53
1470 20
1471 4
1472 39
1473 45
1474 41
1475 219
1476 1022
1477 1869
1478 728
1479 572
1480 769
1481 632
1482 138
1483 463
1484 338
1485 5
1486 103
1487 41
1488 323
1489 272
1490 1196
1491 302
1492 160
1493 316
1494 347
1495 90
1496 550
1497 684
1498 85
1499 240
1500 430
1501 122
1502 170
1503 73
1504 301
1505 556
1506 84
1507 190
1508 479
1509 108
1510 193
1511 28
1512 43
1513 101
1514 714
1515 242
1516 141
1517 24
1518 2
1519 0
1520 10
1521 26
1522 35
1523 32
1524 297
1525 1051
1526 745
1527 2112
1528 1578
1529 1056
1530 378
1531 17
1532 167
1533 598
1534 49
1535 335
1536 206
1537 204
1538 384
1539 252
1540 22
1541 296
1542 74
1543 210
1544 1126
1545 656
1546 749
1547 346
1548 113
1549 263
1550 524
1551 132
1552 117
1553 220
1554 121
1555 137
1556 638
1557 1161
1558 120
1559 136
1560 232
1561 737
1562 476
1563 424
1564 13
1565 36
1566 198
1567 202
1568 549
1569 12
1570 26
1571 109
1572 1531
1573 2989
1574 1023
1575 106
1576 1008
1577 456
1578 318
1579 693
1580 836
1581 307
1582 397
1583 294
1584 213
1585 50
1586 12
1587 165
1588 513
1589 60
1590 1014
1591 349
1592 247
1593 244
1594 271
1595 819
1596 574
1597 83
1598 30
1599 82
1600 744
1601 250
1602 735
1603 97
1604 68
1605 9
1606 39
1607 116
1608 4
1609 8
1610 14
1611 4
1612 230
1613 280
1614 154
1615 28
1616 358
1617 1295
1618 1018
1619 1823
1620 834
1621 1319
1622 1109
1623 424
1624 283
1625 51
1626 874
1627 472
1628 214
1629 488
1630 300
1631 241
1632 299
1633 238
1634 399
1635 132
1636 134
1637 215
1638 225
1639 272
1640 464
1641 113
1642 12
1643 30
1644 42
1645 826
1646 1469
1647 299
1648 524
1649 235
1650 161
1651 535
1652 1279
1653 49
1654 189
1655 562
1656 610
1657 168
1658 259
1659 389
1660 197
1661 268
1662 256
1663 73
1664 275
1665 430
1666 301
1667 677
1668 608
1669 15
1670 137
1671 152
1672 4
1673 40
1674 11
1675 19
1676 16
1677 1489
1678 982
1679 782
1680 851
1681 310
1682 471
1683 465
1684 259
1685 597
1686 371
1687 150
1688 214
1689 316
1690 134
1691 352
1692 91
1693 214
1694 341
1695 31
1696 150
1697 40
1698 80
1699 104
1700 46
1701 720
1702 82
1703 233
1704 3
1705 10
1706 55
1707 182
1708 13
1709 268
1710 1375
1711 412
1712 266
1713 203
1714 214
1715 597
1716 409
1717 302
1718 93
1719 187
1720 30
1721 217
1722 57
1723 49
1724 92
1725 66
1726 202
1727 142
1728 494
1729 410
1730 31
1731 62
1732 23
1733 186
1734 84
1735 19
1736 140
1737 297
1738 537
1739 484
1740 339
1741 119
1742 428
1743 53
1744 214
1745 345
1746 164
1747 12
1748 36
1749 68
1750 124
1751 322
1752 475
1753 50
1754 29
1755 158
1756 94
1757 124
1758 182
1759 14
1760 9
1761 487
1762 143
1763 222
1764 235
1765 253
1766 147
1767 531
1768 276
1769 10
1770 59
1771 141
1772 262
1773 455
1774 222
1775 168
1776 187
1777 252
1778 444
1779 13
1780 78
1781 4
1782 269
1783 23
1784 91
1785 134
1786 20
1787 333
1788 183
1789 77
1790 244
1791 15
1792 337
1793 157
1794 33
1795 0
1796 71
1797 589
1798 549
1799 1068
1800 874
1801 254
1802 322
1803 88
1804 189
1805 811
1806 806
1807 185
1808 231
1809 12
1810 285
1811 143
1812 102
1813 120
1814 91
1815 110
1816 69
1817 15
1818 128
1819 41
1820 252
1821 170
1822 129
1823 160
1824 610
1825 200
1826 59
1827 202
1828 274
1829 458
1830 35
1831 375
1832 101
1833 377
1834 73
1835 473
1836 202
1837 45
1838 181
1839 85
1840 145
1841 135
1842 63
1843 201
1844 609
1845 439
1846 138
1847 173
1848 397
1849 653
1850 84
1851 51
1852 80
1853 278
1854 106
1855 329
1856 198
1857 74
1858 510
1859 629
1860 166
1861 403
1862 408
1863 22
1864 174
1865 62
1866 186
1867 1605
1868 377
1869 198
1870 54
1871 214
1872 729
1873 374
1874 120
1875 49
1876 56
1877 170
1878 206
1879 146
1880 17
1881 379
1882 604
1883 744
1884 387
1885 160
1886 68
1887 71
1888 14
1889 318
1890 358
1891 119
1892 229
1893 245
1894 1032
1895 1049
1896 440
1897 119
1898 105
1899 81
1900 472
1901 311
1902 60
1903 664
1904 220
1905 313
1906 224
1907 309
1908 171
1909 198
1910 199
1911 278
1912 545
1913 255
1914 57
1915 22
1916 40
1917 328
1918 152
1919 356
1920 144
1921 267
1922 64
1923 300
1924 281
1925 296
1926 55
1927 60
1928 63
1929 80
1930 159
1931 265
1932 101
1933 40
1934 129
1935 312
1936 384
1937 57
1938 46
1939 92
1940 357
1941 298
1942 762
1943 634
1944 100
1945 119
1946 139
1947 26
1948 145
1949 122
1950 117
1951 366
1952 224
1953 384
1954 204
1955 579
1956 90
1957 214
1958 300
1959 174
1960 117
1961 43
1962 8
1963 63
1964 631
1965 678
1966 68
1967 349
1968 624
1969 277
1970 143
1971 260
1972 576
1973 75
1974 151
1975 358
1976 144
1977 2
1978 31
1979 28
1980 324
1981 595
1982 263
1983 66
1984 116
1985 554
1986 252
1987 29
1988 44
1989 389
1990 214
1991 266
1992 218
1993 107
1994 248
1995 536
1996 838
1997 308
1998 157
1999 373
2000 356
2001 15
2002 64
2003 190
2004 536
2005 268
2006 142
2007 208
2008 147
2009 218
2010 247
2011 315
2012 62
2013 62
2014 360
2015 293
2016 537
2017 685
2018 59
2019 484
2020 171
2021 144
2022 112
2023 499
2024 783
2025 22
2026 184
2027 173
2028 178
2029 95
2030 316
2031 454
2032 291
2033 104
2034 297
2035 443
2036 644
2037 225
2038 190
2039 154
2040 101
2041 82
2042 121
2043 438
2044 93
2045 191
2046 166
2047 177
2048 529
2049 628
2050 405
2051 409
2052 38
2053 49
2054 272
2055 874
2056 134
2057 172
2058 168
2059 195
2060 179
2061 383
2062 266
2063 230
2064 65
2065 46
2066 407
2067 282
2068 17
2069 434
2070 114
2071 225
2072 510
2073 449
2074 223
2075 325
2076 483
2077 115
2078 10
2079 56
2080 300
2081 579
2082 396
2083 301
2084 188
2085 135
2086 349
2087 254
2088 379
2089 313
2090 227
2091 160
2092 127
2093 150
2094 256
2095 852
2096 243
2097 936
2098 456
2099 264
2100 118
2101 61
2102 16
2103 650
2104 607
2105 269
2106 10
2107 13
2108 101
2109 78
2110 454
2111 314
2112 500
2113 269
2114 181
2115 319
2116 204
2117 186
2118 571
2119 589
2120 105
2121 123
2122 38
2123 46
2124 521
2125 62
2126 316
2127 313
2128 461
2129 159
2130 219
2131 534
2132 648
2133 78
2134 4
2135 58
2136 18
2137 328
2138 649
2139 171
2140 59
2141 9
2142 11
2143 15
2144 430
2145 461
2146 175
2147 89
2148 631
2149 270
2150 695
2151 102
2152 426
2153 530
2154 407
2155 129
2156 30
2157 48
2158 27
2159 199
2160 556
2161 553
2162 3
2163 22
2164 110
2165 448
2166 224
2167 176
2168 110
2169 279
2170 97
2171 46
2172 349
2173 229
2174 17
2175 144
2176 14
2177 269
2178 51
2179 119
2180 59
2181 150
2182 110
2183 190
2184 63
2185 1
2186 8
2187 317
2188 150
2189 114
2190 374
2191 295
2192 117
2193 434
2194 69
2195 22
2196 5
2197 65
2198 38
2199 203
2200 126
2201 226
2202 290
2203 426
2204 73
2205 430
2206 430
2207 115
2208 18
2209 195
2210 168
2211 356
2212 670
2213 545
2214 93
2215 133
2216 24
2217 52
2218 29
2219 57
2220 232
2221 9
2222 12
2223 118
2224 291
2225 64
2226 45
2227 435
2228 357
2229 320
2230 383
2231 39
2232 152
2233 211
2234 13
2235 55
2236 21
2237 148
2238 54
2239 9
2240 2
2241 36
2242 20
2243 497
2244 244
2245 49
2246 94
2247 383
2248 674
2249 100
2250 521
2251 240
2252 69
2253 180
2254 563
2255 270
2256 371
2257 98
2258 19
2259 59
2260 386
2261 65
2262 33
2263 12
2264 13
2265 134
2266 681
2267 515
2268 454
2269 625
2270 619
2271 348
2272 17
2273 75
2274 744
2275 530
2276 253
2277 570
2278 164
2279 44
2280 32
2281 469
2282 624
2283 72
2284 0
2285 52
2286 348
2287 82
2288 126
2289 125
2290 539
2291 754
2292 65
2293 13
2294 581
2295 487
2296 128
2297 262
2298 158
2299 20
2300 248
2301 397
2302 198
2303 9
2304 111
2305 29
2306 78
2307 202
2308 572
2309 188
2310 182
2311 178
2312 137
2313 128
2314 267
2315 145
2316 669
2317 222
2318 5
2319 84
2320 481
2321 291
2322 249
2323 0
2324 4
2325 65
2326 575
2327 929
2328 172
2329 40
2330 62
2331 26
2332 118
2333 118
2334 876
2335 1092
2336 135
2337 28
2338 129
2339 300
2340 259
2341 76
2342 4
2343 0
2344 206
2345 406
2346 206
2347 327
2348 49
2349 188
2350 258
2351 439
2352 370
2353 592
2354 338
2355 80
2356 258
2357 92
2358 35
2359 2
2360 13
2361 7
2362 12
2363 564
2364 501
2365 64
2366 410
2367 320
2368 89
2369 227
2370 386
2371 251
2372 212
2373 135
2374 17
2375 280
2376 414
2377 10
2378 6
2379 56
2380 89
2381 22
2382 501
2383 277
2384 189
2385 679
2386 187
2387 476
2388 822
2389 485
2390 324
2391 591
2392 81
2393 77
2394 537
2395 186
2396 66
2397 14
2398 458
2399 13
2400 50
2401 291
2402 1136
2403 88
2404 154
2405 392
2406 510
2407 361
2408 198
2409 277
2410 189
2411 421
2412 288
2413 64
2414 3
2415 124
2416 37
2417 74
2418 17
2419 315
2420 551
2421 473
2422 1032
2423 146
2424 255
2425 324
2426 432
2427 544
2428 649
2429 135
2430 8
2431 148
2432 371
2433 3
2434 59
2435 174
2436 201
2437 113
2438 672
2439 75
2440 245
2441 538
2442 520
2443 224
2444 256
2445 266
2446 47
2447 4
2448 4
2449 240
2450 24
2451 72
2452 41
2453 22
2454 201
2455 190
2456 294
2457 256
2458 47
2459 166
2460 40
2461 23
2462 2
2463 27
2464 169
2465 1015
2466 154
2467 5
2468 67
2469 82
2470 168
2471 115
2472 110
2473 26
2474 10
2475 11
2476 0
2477 57
2478 263
2479 22
2480 81
2481 126
2482 43
2483 117
2484 174
2485 255
2486 119
2487 381
2488 68
2489 90
2490 16
2491 7
2492 3
2493 9
2494 116
2495 230
2496 81
2497 147
2498 32
2499 168
2500 90
2501 73
2502 99
2503 466
2504 23
2505 5
2506 31
2507 10
2508 12
2509 89
2510 47
2511 77
2512 70
2513 136
2514 0
2515 1
2516 39
2517 3
2518 0
2519 13
2520 63
2521 36
2522 57
2523 168
2524 9
2525 6
2526 248
2527 118
2528 0
2529 48
2530 77
2531 39
2532 16
2533 11
2534 388
2535 475
2536 72
2537 141
2538 198
2539 36
2540 4
2541 34
2542 555
2543 152
2544 188
2545 476
2546 43
2547 21
2548 134
2549 63
2550 40
2551 20
2552 170
2553 299
2554 116
2555 4
2556 4
2557 35
2558 94
2559 79
2560 262
2561 228
2562 61
2563 159
2564 49
2565 46
2566 97
2567 49
2568 48
2569 20
2570 53
2571 32
2572 0
2573 90
2574 6
2575 214
2576 12
2577 15
2578 16
2579 10
2580 1
2581 2
2582 0
2583 0
2584 0
2585 0
2586 0
2587 0
2588 0
2589 0
2590 0
2591 0
2592 0
2593 0
2594 0
2595 0
2596 0
2597 0
2598 3
