0 58
1 0
2 5
3 0
4 12
5 29
6 0
7 0
8 0
9 2
10 14
11 51
12 4
13 22
14 69
15 29
16 57
17 4
18 4
19 129
20 0
21 17
22 3
23 85
24 0
25 27
26 1
27 1
28 1
29 3
30 0
31 2
32 0
33 28
34 1
35 48
36 1
37 14
38 4
39 2
40 18
41 2
42 2
43 1
44 67
45 0
46 2
47 1
48 2
49 54
50 23
51 5
52 57
53 54
54 54
55 0
56 10
57 38
58 57
59 2
60 4
61 55
62 59
63 2
64 9
65 123
66 16
67 42
68 25
69 0
70 6
71 10
72 0
73 1
74 51
75 88
76 0
77 40
78 90
79 88
80 4
81 0
82 31
83 18
84 2
85 1
86 34
87 102
88 109
89 3
90 2
91 0
92 4
93 34
94 11
95 0
96 8
97 56
98 10
99 66
100 0
101 1
102 39
103 45
104 4
105 17
106 68
107 19
108 54
109 46
110 2
111 17
112 28
113 8
114 31
115 17
116 57
117 6
118 2
119 28
120 0
121 20
122 98
123 31
124 11
125 0
126 6
127 10
128 15
129 19
130 15
131 37
132 3
133 0
134 3
135 100
136 50
137 239
138 12
139 14
140 81
141 67
142 9
143 12
144 0
145 1
146 65
147 15
148 70
149 37
150 16
151 0
152 0
153 17
154 13
155 23
156 9
157 24
158 201
159 25
160 15
161 15
162 0
163 31
164 37
165 52
166 67
167 32
168 22
169 16
170 93
171 54
172 19
173 14
174 82
175 145
176 96
177 7
178 27
179 0
180 95
181 3
182 220
183 116
184 43
185 35
186 136
187 150
188 80
189 4
190 13
191 0
192 0
193 0
194 0
195 0
196 84
197 50
198 5
199 57
200 56
201 43
202 14
203 85
204 57
205 102
206 194
207 40
208 26
209 0
210 143
211 1
212 19
213 47
214 0
215 107
216 2
217 25
218 32
219 159
220 35
221 112
222 109
223 98
224 171
225 101
226 81
227 12
228 0
229 14
230 0
231 0
232 0
233 9
234 0
235 10
236 0
237 0
238 51
239 197
240 3
241 197
242 125
243 23
244 135
245 29
246 54
247 0
248 27
249 23
250 12
251 1
252 11
253 0
254 2
255 23
256 315
257 101
258 18
259 2
260 0
261 0
262 4
263 52
264 2
265 18
266 5
267 18
268 9
269 0
270 34
271 64
272 20
273 0
274 6
275 3
276 7
277 4
278 18
279 50
280 6
281 0
282 24
283 193
284 1
285 2
286 16
287 15
288 19
289 4
290 166
291 38
292 219
293 59
294 0
295 33
296 64
297 23
298 35
299 13
300 42
301 33
302 50
303 46
304 206
305 49
306 46
307 103
308 0
309 53
310 36
311 55
312 57
313 10
314 15
315 71
316 63
317 79
318 186
319 3
320 24
321 35
322 6
323 12
324 0
325 2
326 15
327 3
328 0
329 0
330 4
331 32
332 12
333 89
334 106
335 106
336 7
337 43
338 140
339 91
340 0
341 1
342 6
343 0
344 3
345 1
346 22
347 3
348 89
349 28
350 41
351 143
352 26
353 5
354 0
355 1
356 1
357 37
358 0
359 27
360 59
361 136
362 187
363 5
364 0
365 0
366 12
367 28
368 59
369 69
370 26
371 15
372 16
373 28
374 14
375 19
376 33
377 0
378 3
379 46
380 38
381 0
382 35
383 0
384 33
385 59
386 0
387 0
388 47
389 66
390 107
391 78
392 117
393 1
394 68
395 28
396 139
397 42
398 0
399 84
400 0
401 43
402 22
403 22
404 62
405 46
406 117
407 71
408 25
409 0
410 3
411 18
412 39
413 175
414 101
415 5
416 23
417 41
418 1
419 30
420 11
421 3
422 75
423 70
424 101
425 46
426 30
427 9
428 57
429 1
430 140
431 5
432 13
433 21
434 0
435 5
436 102
437 121
438 221
439 86
440 121
441 115
442 46
443 170
444 25
445 26
446 11
447 2
448 83
449 30
450 65
451 37
452 63
453 113
454 118
455 16
456 58
457 154
458 94
459 0
460 1
461 115
462 84
463 58
464 54
465 43
466 4
467 84
468 50
469 127
470 147
471 155
472 97
473 43
474 79
475 25
476 7
477 12
478 2
479 19
480 10
481 21
482 29
483 4
484 78
485 24
486 33
487 69
488 17
489 95
490 36
491 21
492 117
493 235
494 18
495 48
496 25
497 10
498 120
499 46
500 42
501 38
502 29
503 13
504 3
505 46
506 60
507 9
508 2
509 180
510 14
511 17
512 81
513 145
514 60
515 75
516 46
517 25
518 0
519 34
520 159
521 133
522 3
523 25
524 19
525 1
526 0
527 9
528 57
529 14
530 4
531 16
532 109
533 66
534 9
535 82
536 69
537 12
538 16
539 68
540 12
541 25
542 9
543 86
544 84
545 2
546 46
547 0
548 62
549 1
550 37
551 6
552 96
553 97
554 143
555 116
556 26
557 9
558 32
559 47
560 17
561 44
562 16
563 0
564 1
565 1
566 0
567 17
568 5
569 0
570 9
571 48
572 46
573 25
574 7
575 72
576 16
577 27
578 43
579 21
580 5
581 0
582 5
583 32
584 67
585 48
586 39
587 11
588 70
589 177
590 2
591 0
592 40
593 2
594 5
595 17
596 8
597 7
598 103
599 141
600 92
601 160
602 37
603 31
604 20
605 14
606 45
607 44
608 79
609 25
610 59
611 35
612 90
613 70
614 151
615 102
616 99
617 0
618 6
619 1
620 10
621 0
622 28
623 10
624 16
625 116
626 57
627 151
628 100
629 84
630 99
631 15
632 24
633 25
634 38
635 25
636 61
637 2
638 25
639 69
640 7
641 47
642 48
643 138
644 28
645 110
646 62
647 8
648 7
649 0
650 0
651 38
652 48
653 27
654 21
655 31
656 22
657 3
658 112
659 75
660 2
661 50
662 5
663 73
664 15
665 6
666 51
667 45
668 2
669 17
670 42
671 98
672 8
673 2
674 14
675 2
676 76
677 98
678 57
679 37
680 120
681 95
682 2
683 17
684 17
685 43
686 8
687 0
688 0
689 18
690 110
691 72
692 44
693 0
694 12
695 16
696 18
697 9
698 5
699 40
700 20
701 34
702 54
703 0
704 15
705 90
706 135
707 51
708 5
709 43
710 0
711 0
712 6
713 4
714 0
715 6
716 43
717 151
718 66
719 64
720 167
721 34
722 12
723 0
724 25
725 16
726 37
727 19
728 25
729 64
730 41
731 82
732 8
733 31
734 50
735 16
736 57
737 46
738 92
739 85
740 40
741 25
742 0
743 19
744 78
745 0
746 0
747 0
748 75
749 28
750 173
751 4
752 80
753 19
754 62
755 1
756 24
757 13
758 25
759 86
760 50
761 17
762 50
763 14
764 132
765 39
766 41
767 43
768 0
769 21
770 105
771 19
772 7
773 0
774 25
775 50
776 28
777 27
778 32
779 1
780 0
781 7
782 29
783 13
784 47
785 24
786 77
787 49
788 7
789 106
790 11
791 12
792 30
793 51
794 59
795 0
796 50
797 76
798 42
799 21
800 10
801 0
802 19
803 0
804 3
805 0
806 113
807 55
808 27
809 85
810 53
811 7
812 41
813 43
814 4
815 0
816 0
817 0
818 21
819 92
820 100
821 106
822 46
823 52
824 12
825 43
826 20
827 82
828 49
829 26
830 22
831 22
832 44
833 65
834 64
835 28
836 43
837 21
838 15
839 1
840 0
841 7
842 5
843 0
844 25
845 43
846 48
847 75
848 40
849 9
850 66
851 0
852 61
853 13
854 1
855 37
856 14
857 72
858 67
859 8
860 6
861 17
862 72
863 19
864 24
865 39
866 9
867 32
868 10
869 8
870 17
871 5
872 0
873 3
874 0
875 0
876 7
877 116
878 46
879 34
880 148
881 69
882 16
883 8
884 58
885 2
886 12
887 5
888 25
889 180
890 13
891 16
892 41
893 11
894 15
895 30
896 14
897 41
898 9
899 7
900 0
901 0
902 18
903 194
904 66
905 21
906 91
907 115
908 71
909 0
910 6
911 65
912 1
913 3
914 29
915 73
916 1
917 29
918 77
919 20
920 72
921 86
922 31
923 3
924 10
925 2
926 8
927 24
928 0
929 1
930 49
931 129
932 44
933 148
934 65
935 111
936 13
937 5
938 59
939 24
940 79
941 37
942 0
943 5
944 82
945 95
946 40
947 1
948 0
949 67
950 46
951 4
952 36
953 94
954 28
955 116
956 163
957 30
958 16
959 52
960 33
961 4
962 17
963 55
964 57
965 11
966 50
967 33
968 46
969 118
970 41
971 0
972 31
973 87
974 24
975 49
976 8
977 2
978 191
979 20
980 174
981 179
982 38
983 17
984 108
985 102
986 24
987 7
988 0
989 1
990 3
991 17
992 18
993 107
994 59
995 12
996 38
997 6
998 13
999 39
1000 12
1001 41
1002 77
1003 0
1004 0
1005 0
1006 0
1007 69
1008 141
1009 0
1010 16
1011 7
1012 6
1013 0
1014 0
1015 0
1016 32
1017 78
1018 4
1019 84
1020 70
1021 106
1022 69
1023 28
1024 37
1025 10
1026 60
1027 148
1028 32
1029 8
1030 10
1031 75
1032 0
1033 2
1034 28
1035 46
1036 20
1037 7
1038 106
1039 70
1040 103
1041 66
1042 1
1043 43
1044 8
1045 23
1046 45
1047 41
1048 39
1049 5
1050 5
1051 0
1052 0
1053 0
1054 5
1055 19
1056 28
1057 35
1058 62
1059 110
1060 106
1061 21
1062 0
1063 3
1064 0
1065 5
1066 4
1067 25
1068 6
1069 22
1070 24
1071 7
1072 80
1073 36
1074 77
1075 2
1076 11
1077 0
1078 39
1079 5
1080 84
1081 47
1082 19
1083 38
1084 25
1085 5
1086 0
1087 4
1088 0
1089 0
1090 53
1091 117
1092 97
1093 128
1094 62
1095 5
1096 26
1097 7
1098 26
1099 118
1100 1
1101 5
1102 10
1103 22
1104 8
1105 9
1106 146
1107 144
1108 30
1109 0
1110 151
1111 72
1112 4
1113 51
1114 91
1115 11
1116 0
1117 8
1118 14
1119 98
1120 88
1121 80
1122 6
1123 4
1124 17
1125 0
1126 27
1127 0
1128 34
1129 50
1130 0
1131 1
1132 0
1133 41
1134 26
1135 9
1136 0
1137 0
1138 0
1139 67
1140 300
1141 170
1142 65
1143 0
1144 5
1145 0
1146 17
1147 0
1148 4
1149 105
1150 170
1151 9
1152 20
1153 18
1154 37
1155 132
1156 80
1157 76
1158 17
1159 7
1160 12
1161 5
1162 34
1163 0
1164 0
1165 0
1166 32
1167 38
1168 93
1169 12
1170 99
1171 0
1172 0
1173 14
1174 2
1175 2
1176 70
1177 137
1178 19
1179 113
1180 5
1181 82
1182 51
1183 111
1184 42
1185 84
1186 53
1187 24
1188 0
1189 0
1190 0
1191 40
1192 35
1193 2
1194 9
1195 3
1196 8
1197 0
1198 40
1199 37
1200 15
1201 1
1202 0
1203 119
1204 6
1205 0
1206 19
1207 1
1208 32
1209 16
1210 86
1211 70
1212 164
1213 11
1214 50
1215 88
1216 38
1217 180
1218 85
1219 18
1220 59
1221 33
1222 11
1223 36
1224 35
1225 7
1226 25
1227 3
1228 46
1229 84
1230 30
1231 1
1232 19
1233 38
1234 41
1235 146
1236 26
1237 39
1238 53
1239 0
1240 19
1241 0
1242 3
1243 54
1244 1
1245 28
1246 14
1247 53
1248 123
1249 156
1250 10
1251 63
1252 138
1253 180
1254 268
1255 41
1256 31
1257 6
1258 70
1259 7
1260 32
1261 4
1262 33
1263 34
1264 76
1265 72
1266 43
1267 8
1268 1
1269 1
1270 4
1271 19
1272 38
1273 33
1274 239
1275 102
1276 10
1277 22
1278 24
1279 26
1280 0
1281 0
1282 1
1283 0
1284 0
1285 0
1286 67
1287 119
1288 38
1289 111
1290 89
1291 100
1292 55
1293 47
1294 710
1295 242
1296 32
1297 3
1298 28
1299 90
1300 10
1301 0
1302 17
1303 38
1304 124
1305 29
1306 19
1307 83
1308 66
1309 54
1310 8
1311 41
1312 0
1313 0
1314 0
1315 127
1316 106
1317 116
1318 138
1319 109
1320 118
1321 232
1322 130
1323 13
1324 15
1325 42
1326 1
1327 13
1328 0
1329 27
1330 13
1331 29
1332 138
1333 38
1334 11
1335 30
1336 23
1337 85
1338 77
1339 243
1340 331
1341 57
1342 19
1343 90
1344 104
1345 21
1346 15
1347 12
1348 7
1349 25
1350 127
1351 6
1352 2
1353 116
1354 14
1355 57
1356 60
1357 9
1358 22
1359 74
1360 1
1361 0
1362 0
1363 45
1364 170
1365 203
1366 34
1367 65
1368 66
1369 139
1370 102
1371 85
1372 0
1373 12
1374 0
1375 0
1376 3
1377 7
1378 37
1379 137
1380 145
1381 19
1382 18
1383 31
1384 63
1385 31
1386 89
1387 246
1388 73
1389 11
1390 85
1391 72
1392 10
1393 18
1394 5
1395 49
1396 45
1397 29
1398 0
1399 8
1400 98
1401 57
1402 40
1403 65
1404 50
1405 24
1406 20
1407 77
1408 74
1409 82
1410 69
1411 31
1412 23
1413 0
1414 12
1415 6
1416 52
1417 88
1418 57
1419 138
1420 62
1421 172
1422 38
1423 1
1424 11
1425 0
1426 19
1427 64
1428 185
1429 264
1430 149
1431 170
1432 140
1433 61
1434 70
1435 59
1436 59
1437 154
1438 1
1439 0
1440 39
1441 38
1442 226
1443 43
1444 38
1445 92
1446 128
1447 30
1448 44
1449 17
1450 15
1451 116
1452 30
1453 93
1454 58
1455 4
1456 41
1457 168
1458 1
1459 159
1460 49
1461 26
1462 13
1463 30
1464 1
1465 26
1466 43
1467 41
1468 15
1469 11
1470 1
1471 0
1472 6
1473 9
1474 5
1475 49
1476 226
1477 338
1478 173
1479 128
1480 170
1481 152
1482 33
1483 103
1484 75
1485 0
1486 22
1487 6
1488 74
1489 50
1490 272
1491 73
1492 39
1493 58
1494 81
1495 24
1496 130
1497 120
1498 14
1499 43
1500 77
1501 29
1502 41
1503 14
1504 58
1505 126
1506 24
1507 42
1508 110
1509 24
1510 39
1511 7
1512 11
1513 24
1514 154
1515 55
1516 25
1517 0
1518 0
1519 0
1520 0
1521 3
1522 4
1523 0
1524 63
1525 247
1526 173
1527 496
1528 355
1529 189
1530 86
1531 3
1532 35
1533 136
1534 7
1535 75
1536 51
1537 51
1538 83
1539 55
1540 2
1541 61
1542 12
1543 42
1544 202
1545 115
1546 177
1547 73
1548 22
1549 62
1550 115
1551 33
1552 20
1553 51
1554 29
1555 29
1556 109
1557 262
1558 27
1559 31
1560 43
1561 175
1562 90
1563 95
1564 0
1565 4
1566 43
1567 36
1568 135
1569 0
1570 4
1571 26
1572 365
1573 673
1574 225
1575 23
1576 223
1577 100
1578 64
1579 158
1580 190
1581 74
1582 67
1583 70
1584 45
1585 11
1586 0
1587 35
1588 112
1589 12
1590 238
1591 78
1592 52
1593 59
1594 60
1595 183
1596 127
1597 20
1598 4
1599 20
1600 162
1601 54
1602 168
1603 19
1604 10
1605 0
1606 3
1607 26
1608 0
1609 0
1610 0
1611 0
1612 43
1613 53
1614 30
1615 4
1616 79
1617 305
1618 228
1619 389
1620 175
1621 288
1622 272
1623 100
1624 51
1625 9
1626 204
1627 118
1628 47
1629 105
1630 70
1631 45
1632 62
1633 59
1634 94
1635 32
1636 27
1637 48
1638 51
1639 62
1640 109
1641 23
1642 0
1643 6
1644 6
1645 189
1646 261
1647 71
1648 127
1649 50
1650 39
1651 109
1652 282
1653 9
1654 42
1655 130
1656 117
1657 41
1658 62
1659 88
1660 47
1661 63
1662 53
1663 15
1664 60
1665 89
1666 62
1667 154
1668 145
1669 1
1670 23
1671 37
1672 0
1673 7
1674 0
1675 3
1676 1
1677 327
1678 172
1679 182
1680 196
1681 64
1682 108
1683 105
1684 58
1685 123
1686 83
1687 27
1688 51
1689 71
1690 30
1691 68
1692 23
1693 55
1694 76
1695 3
1696 33
1697 10
1698 16
1699 22
1700 7
1701 166
1702 15
1703 56
1704 0
1705 0
1706 7
1707 47
1708 1
1709 56
1710 301
1711 79
1712 54
1713 51
1714 47
1715 111
1716 86
1717 72
1718 18
1719 45
1720 1
1721 49
1722 10
1723 10
1724 18
1725 11
1726 50
1727 36
1728 114
1729 88
1730 2
1731 13
1732 1
1733 41
1734 17
1735 3
1736 29
1737 47
1738 122
1739 108
1740 69
1741 20
1742 96
1743 7
1744 51
1745 75
1746 39
1747 1
1748 9
1749 13
1750 21
1751 69
1752 109
1753 8
1754 1
1755 35
1756 21
1757 32
1758 40
1759 1
1760 0
1761 105
1762 37
1763 42
1764 49
1765 47
1766 33
1767 120
1768 66
1769 0
1770 11
1771 31
1772 62
1773 102
1774 49
1775 40
1776 42
1777 54
1778 98
1779 0
1780 17
1781 0
1782 55
1783 2
1784 17
1785 27
1786 1
1787 81
1788 39
1789 14
1790 53
1791 0
1792 80
1793 36
1794 4
1795 0
1796 13
1797 138
1798 98
1799 245
1800 204
1801 58
1802 74
1803 18
1804 38
1805 185
1806 145
1807 47
1808 55
1809 0
1810 64
1811 32
1812 27
1813 23
1814 15
1815 26
1816 7
1817 2
1818 20
1819 5
1820 61
1821 39
1822 32
1823 35
1824 104
1825 46
1826 12
1827 42
1828 58
1829 111
1830 7
1831 78
1832 25
1833 80
1834 12
1835 111
1836 44
1837 3
1838 37
1839 21
1840 26
1841 20
1842 15
1843 48
1844 142
1845 94
1846 26
1847 39
1848 86
1849 149
1850 21
1851 10
1852 16
1853 56
1854 28
1855 67
1856 42
1857 17
1858 112
1859 138
1860 40
1861 71
1862 96
1863 1
1864 37
1865 14
1866 42
1867 352
1868 85
1869 50
1870 9
1871 48
1872 159
1873 77
1874 23
1875 9
1876 9
1877 31
1878 46
1879 34
1880 0
1881 88
1882 135
1883 159
1884 89
1885 34
1886 11
1887 11
1888 0
1889 72
1890 77
1891 29
1892 53
1893 55
1894 238
1895 240
1896 95
1897 24
1898 23
1899 22
1900 106
1901 71
1902 11
1903 143
1904 49
1905 63
1906 52
1907 76
1908 38
1909 39
1910 46
1911 66
1912 100
1913 57
1914 4
1915 1
1916 5
1917 53
1918 40
1919 76
1920 23
1921 61
1922 8
1923 71
1924 60
1925 66
1926 9
1927 8
1928 14
1929 14
1930 33
1931 65
1932 15
1933 7
1934 25
1935 51
1936 86
1937 12
1938 6
1939 21
1940 64
1941 67
1942 169
1943 148
1944 23
1945 19
1946 25
1947 2
1948 31
1949 25
1950 24
1951 82
1952 50
1953 88
1954 48
1955 130
1956 20
1957 47
1958 65
1959 43
1960 16
1961 5
1962 1
1963 15
1964 140
1965 121
1966 12
1967 80
1968 138
1969 60
1970 24
1971 61
1972 128
1973 14
1974 39
1975 79
1976 24
1977 0
1978 6
1979 6
1980 76
1981 123
1982 60
1983 8
1984 20
1985 104
1986 55
1987 3
1988 8
1989 89
1990 48
1991 60
1992 44
1993 22
1994 53
1995 122
1996 192
1997 77
1998 37
1999 65
2000 74
2001 0
2002 13
2003 42
2004 106
2005 53
2006 28
2007 47
2008 29
2009 37
2010 51
2011 76
2012 9
2013 12
2014 81
2015 67
2016 114
2017 153
2018 16
2019 109
2020 40
2021 29
2022 29
2023 117
2024 178
2025 2
2026 42
2027 41
2028 38
2029 20
2030 72
2031 84
2032 55
2033 25
2034 47
2035 54
2036 143
2037 49
2038 42
2039 30
2040 21
2041 17
2042 27
2043 105
2044 22
2045 42
2046 36
2047 35
2048 122
2049 103
2050 96
2051 69
2052 5
2053 10
2054 59
2055 203
2056 34
2057 38
2058 45
2059 39
2060 41
2061 70
2062 56
2063 48
2064 12
2065 12
2066 94
2067 62
2068 0
2069 103
2070 30
2071 51
2072 97
2073 99
2074 36
2075 77
2076 105
2077 26
2078 0
2079 16
2080 70
2081 107
2082 66
2083 49
2084 44
2085 33
2086 73
2087 54
2088 84
2089 76
2090 55
2091 33
2092 33
2093 33
2094 55
2095 189
2096 51
2097 206
2098 106
2099 56
2100 24
2101 15
2102 2
2103 151
2104 138
2105 61
2106 0
2107 1
2108 18
2109 11
2110 99
2111 70
2112 84
2113 57
2114 42
2115 65
2116 48
2117 43
2118 132
2119 110
2120 25
2121 27
2122 4
2123 6
2124 107
2125 11
2126 64
2127 61
2128 101
2129 35
2130 46
2131 120
2132 111
2133 20
2134 0
2135 10
2136 1
2137 61
2138 160
2139 40
2140 8
2141 0
2142 0
2143 1
2144 100
2145 105
2146 42
2147 19
2148 149
2149 67
2150 163
2151 25
2152 94
2153 127
2154 89
2155 33
2156 4
2157 7
2158 4
2159 43
2160 99
2161 129
2162 0
2163 2
2164 25
2165 99
2166 47
2167 35
2168 25
2169 63
2170 23
2171 8
2172 78
2173 51
2174 1
2175 24
2176 0
2177 51
2178 7
2179 24
2180 9
2181 28
2182 26
2183 42
2184 5
2185 0
2186 0
2187 66
2188 31
2189 26
2190 79
2191 70
2192 22
2193 94
2194 16
2195 4
2196 0
2197 14
2198 3
2199 47
2200 26
2201 50
2202 64
2203 74
2204 15
2205 90
2206 100
2207 29
2208 1
2209 29
2210 34
2211 84
2212 146
2213 77
2214 15
2215 24
2216 3
2217 10
2218 1
2219 10
2220 57
2221 0
2222 0
2223 25
2224 68
2225 11
2226 9
2227 95
2228 80
2229 72
2230 90
2231 5
2232 33
2233 40
2234 1
2235 11
2236 1
2237 37
2238 12
2239 0
2240 0
2241 8
2242 2
2243 96
2244 48
2245 9
2246 19
2247 79
2248 152
2249 19
2250 96
2251 52
2252 17
2253 37
2254 120
2255 61
2256 77
2257 22
2258 2
2259 13
2260 89
2261 16
2262 0
2263 1
2264 2
2265 29
2266 161
2267 111
2268 87
2269 150
2270 134
2271 79
2272 2
2273 13
2274 134
2275 114
2276 54
2277 130
2278 36
2279 5
2280 0
2281 110
2282 145
2283 16
2284 0
2285 10
2286 57
2287 13
2288 21
2289 30
2290 117
2291 182
2292 12
2293 1
2294 128
2295 111
2296 29
2297 58
2298 37
2299 1
2300 53
2301 92
2302 42
2303 0
2304 25
2305 1
2306 14
2307 45
2308 131
2309 38
2310 37
2311 41
2312 23
2313 28
2314 43
2315 28
2316 150
2317 46
2318 0
2319 19
2320 108
2321 70
2322 59
2323 0
2324 0
2325 16
2326 135
2327 216
2328 40
2329 4
2330 5
2331 2
2332 17
2333 23
2334 200
2335 156
2336 33
2337 1
2338 20
2339 63
2340 60
2341 17
2342 0
2343 0
2344 49
2345 84
2346 43
2347 81
2348 12
2349 44
2350 62
2351 93
2352 70
2353 133
2354 78
2355 17
2356 57
2357 24
2358 5
2359 0
2360 2
2361 0
2362 0
2363 106
2364 113
2365 15
2366 102
2367 69
2368 19
2369 53
2370 86
2371 52
2372 41
2373 32
2374 0
2375 51
2376 94
2377 0
2378 0
2379 8
2380 20
2381 3
2382 110
2383 63
2384 41
2385 156
2386 43
2387 118
2388 157
2389 117
2390 80
2391 134
2392 15
2393 13
2394 116
2395 36
2396 13
2397 0
2398 107
2399 2
2400 12
2401 54
2402 251
2403 17
2404 30
2405 87
2406 123
2407 66
2408 47
2409 48
2410 40
2411 92
2412 58
2413 12
2414 0
2415 31
2416 5
2417 11
2418 2
2419 65
2420 126
2421 103
2422 230
2423 33
2424 56
2425 81
2426 77
2427 123
2428 125
2429 32
2430 0
2431 29
2432 84
2433 0
2434 13
2435 39
2436 43
2437 24
2438 149
2439 15
2440 59
2441 125
2442 101
2443 50
2444 57
2445 65
2446 7
2447 0
2448 0
2449 51
2450 3
2451 12
2452 6
2453 3
2454 41
2455 37
2456 68
2457 57
2458 6
2459 45
2460 7
2461 2
2462 0
2463 2
2464 38
2465 182
2466 35
2467 0
2468 9
2469 17
2470 38
2471 25
2472 23
2473 2
2474 0
2475 2
2476 0
2477 12
2478 60
2479 2
2480 19
2481 31
2482 4
2483 25
2484 38
2485 52
2486 28
2487 88
2488 9
2489 20
2490 1
2491 0
2492 0
2493 1
2494 16
2495 51
2496 13
2497 34
2498 1
2499 28
2500 19
2501 5
2502 17
2503 81
2504 6
2505 0
2506 8
2507 0
2508 1
2509 16
2510 11
2511 18
2512 18
2513 31
2514 0
2515 0
2516 8
2517 0
2518 0
2519 1
2520 11
2521 5
2522 15
2523 32
2524 0
2525 0
2526 66
2527 20
2528 0
2529 9
2530 13
2531 3
2532 1
2533 1
2534 84
2535 110
2536 6
2537 30
2538 45
2539 3
2540 0
2541 4
2542 124
2543 33
2544 39
2545 106
2546 6
2547 0
2548 19
2549 9
2550 6
2551 3
2552 36
2553 69
2554 24
2555 0
2556 0
2557 4
2558 19
2559 18
2560 52
2561 47
2562 17
2563 36
2564 9
2565 9
2566 22
2567 11
2568 7
2569 2
2570 11
2571 7
2572 0
2573 14
2574 0
2575 51
2576 0
2577 0
2578 2
2579 0
2580 0
2581 0
2582 0
2583 0
2584 0
2585 0
2586 0
2587 0
2588 0
2589 0
2590 0
2591 0
2592 0
2593 0
2594 0
2595 0
2596 0
2597 0
2598 0
