0 161
1 0
2 9
3 0
4 67
5 106
6 4
7 3
8 0
9 12
10 41
11 145
12 37
13 87
14 249
15 110
16 162
17 35
18 12
19 468
20 7
21 63
22 16
23 299
24 0
25 101
26 0
27 10
28 12
29 41
30 5
31 11
32 0
33 105
34 13
35 164
36 9
37 31
38 26
39 26
40 59
41 0
42 23
43 19
44 214
45 4
46 22
47 4
48 0
49 163
50 111
51 41
52 171
53 179
54 148
55 16
56 26
57 121
58 176
59 21
60 41
61 225
62 152
63 29
64 29
65 418
66 57
67 149
68 83
69 8
70 23
71 35
72 4
73 0
74 192
75 288
76 0
77 130
78 278
79 285
80 28
81 0
82 109
83 61
84 31
85 11
86 0
87 391
88 375
89 0
90 8
91 13
92 23
93 118
94 23
95 0
96 30
97 179
98 62
99 248
100 5
101 18
102 110
103 123
104 32
105 58
106 206
107 60
108 212
109 164
110 14
111 60
112 93
113 36
114 139
115 78
116 181
117 46
118 11
119 106
120 6
121 93
122 305
123 102
124 35
125 8
126 32
127 35
128 64
129 99
130 34
131 102
132 18
133 0
134 18
135 286
136 132
137 731
138 0
139 0
140 251
141 0
142 43
143 41
144 0
145 0
146 187
147 30
148 251
149 149
150 72
151 0
152 0
153 66
154 54
155 64
156 45
157 84
158 648
159 106
160 0
161 39
162 0
163 105
164 116
165 154
166 241
167 123
168 67
169 44
170 281
171 164
172 60
173 41
174 270
175 469
176 315
177 38
178 86
179 0
180 292
181 20
182 702
183 319
184 142
185 118
186 552
187 471
188 255
189 35
190 50
191 0
192 0
193 18
194 6
195 0
196 262
197 146
198 18
199 223
200 179
201 142
202 70
203 290
204 174
205 401
206 588
207 153
208 87
209 5
210 459
211 7
212 52
213 148
214 0
215 325
216 20
217 90
218 91
219 489
220 109
221 383
222 376
223 314
224 607
225 284
226 277
227 42
228 0
229 36
230 16
231 9
232 0
233 39
234 0
235 47
236 0
237 5
238 181
239 688
240 24
241 661
242 385
243 53
244 427
245 83
246 177
247 11
248 99
249 65
250 52
251 21
252 44
253 0
254 15
255 74
256 944
257 337
258 68
259 6
260 0
261 0
262 21
263 165
264 15
265 59
266 17
267 70
268 25
269 0
270 109
271 225
272 55
273 0
274 44
275 0
276 21
277 18
278 0
279 156
280 9
281 8
282 76
283 613
284 15
285 17
286 58
287 45
288 69
289 34
290 475
291 145
292 796
293 226
294 6
295 161
296 194
297 80
298 94
299 48
300 137
301 87
302 137
303 133
304 645
305 231
306 145
307 317
308 0
309 162
310 129
311 159
312 255
313 32
314 39
315 217
316 199
317 270
318 584
319 16
320 75
321 121
322 29
323 48
324 5
325 12
326 52
327 31
328 8
329 0
330 35
331 143
332 38
333 289
334 0
335 334
336 27
337 169
338 438
339 279
340 0
341 15
342 14
343 8
344 28
345 0
346 101
347 13
348 255
349 70
350 125
351 511
352 81
353 19
354 1
355 6
356 4
357 0
358 0
359 151
360 162
361 409
362 561
363 27
364 0
365 0
366 52
367 0
368 186
369 253
370 73
371 40
372 45
373 81
374 45
375 67
376 0
377 0
378 26
379 130
380 144
381 0
382 152
383 12
384 124
385 188
386 0
387 6
388 160
389 219
390 351
391 227
392 358
393 10
394 0
395 97
396 458
397 136
398 0
399 269
400 15
401 133
402 65
403 70
404 210
405 168
406 372
407 266
408 70
409 0
410 31
411 72
412 152
413 540
414 320
415 0
416 61
417 137
418 25
419 78
420 58
421 14
422 255
423 233
424 297
425 124
426 99
427 45
428 159
429 15
430 420
431 30
432 51
433 90
434 0
435 27
436 367
437 487
438 668
439 289
440 422
441 330
442 162
443 550
444 79
445 79
446 61
447 23
448 257
449 104
450 212
451 127
452 201
453 358
454 374
455 62
456 235
457 484
458 329
459 5
460 11
461 360
462 281
463 161
464 174
465 121
466 31
467 283
468 172
469 372
470 481
471 523
472 312
473 161
474 355
475 127
476 33
477 33
478 10
479 53
480 51
481 70
482 0
483 17
484 250
485 96
486 139
487 235
488 89
489 392
490 131
491 80
492 0
493 695
494 77
495 153
496 93
497 0
498 413
499 129
500 134
501 135
502 99
503 48
504 19
505 121
506 237
507 32
508 25
509 626
510 49
511 96
512 299
513 438
514 193
515 307
516 127
517 120
518 7
519 110
520 495
521 387
522 18
523 80
524 100
525 11
526 13
527 41
528 181
529 48
530 25
531 0
532 342
533 363
534 49
535 280
536 288
537 43
538 45
539 215
540 44
541 84
542 26
543 285
544 283
545 16
546 138
547 0
548 213
549 12
550 114
551 22
552 319
553 324
554 462
555 439
556 89
557 42
558 113
559 191
560 66
561 164
562 70
563 12
564 9
565 6
566 0
567 54
568 30
569 10
570 52
571 204
572 124
573 70
574 33
575 238
576 74
577 104
578 124
579 76
580 29
581 8
582 21
583 105
584 184
585 172
586 118
587 52
588 233
589 568
590 19
591 0
592 105
593 21
594 20
595 63
596 52
597 37
598 278
599 0
600 316
601 628
602 127
603 100
604 82
605 39
606 142
607 151
608 255
609 71
610 197
611 107
612 292
613 188
614 496
615 308
616 285
617 7
618 30
619 15
620 37
621 8
622 109
623 37
624 66
625 408
626 201
627 480
628 317
629 218
630 393
631 60
632 108
633 69
634 138
635 76
636 217
637 11
638 92
639 186
640 29
641 189
642 170
643 442
644 100
645 377
646 176
647 24
648 17
649 0
650 0
651 126
652 191
653 89
654 94
655 96
656 62
657 23
658 324
659 240
660 20
661 168
662 22
663 243
664 50
665 31
666 182
667 161
668 16
669 68
670 149
671 315
672 33
673 23
674 45
675 21
676 233
677 312
678 202
679 124
680 371
681 301
682 22
683 68
684 42
685 140
686 33
687 0
688 0
689 77
690 365
691 240
692 148
693 5
694 40
695 42
696 33
697 32
698 0
699 151
700 69
701 86
702 151
703 14
704 42
705 261
706 395
707 168
708 19
709 169
710 6
711 0
712 0
713 33
714 0
715 31
716 142
717 581
718 256
719 192
720 529
721 121
722 76
723 6
724 90
725 41
726 120
727 83
728 88
729 208
730 139
731 272
732 38
733 129
734 130
735 77
736 206
737 151
738 348
739 384
740 118
741 91
742 8
743 54
744 288
745 11
746 0
747 0
748 257
749 103
750 621
751 20
752 257
753 93
754 230
755 16
756 100
757 36
758 106
759 339
760 174
761 62
762 137
763 61
764 0
765 131
766 145
767 137
768 0
769 62
770 450
771 59
772 31
773 0
774 104
775 151
776 83
777 84
778 108
779 14
780 0
781 34
782 103
783 37
784 168
785 70
786 229
787 0
788 40
789 332
790 42
791 45
792 65
793 205
794 193
795 0
796 189
797 265
798 123
799 0
800 40
801 0
802 64
803 0
804 16
805 4
806 362
807 168
808 105
809 300
810 180
811 39
812 138
813 134
814 37
815 16
816 0
817 0
818 60
819 326
820 336
821 345
822 161
823 194
824 0
825 146
826 47
827 0
828 168
829 92
830 92
831 117
832 162
833 221
834 184
835 106
836 139
837 58
838 39
839 18
840 7
841 23
842 29
843 0
844 76
845 151
846 125
847 230
848 0
849 41
850 192
851 8
852 187
853 49
854 0
855 129
856 47
857 257
858 248
859 41
860 37
861 108
862 219
863 70
864 74
865 147
866 54
867 111
868 34
869 29
870 49
871 26
872 12
873 20
874 0
875 2
876 53
877 379
878 0
879 105
880 499
881 342
882 51
883 37
884 178
885 21
886 46
887 27
888 108
889 565
890 45
891 56
892 131
893 59
894 56
895 100
896 58
897 126
898 42
899 32
900 0
901 0
902 45
903 639
904 288
905 66
906 296
907 380
908 272
909 11
910 24
911 194
912 9
913 16
914 76
915 248
916 11
917 96
918 225
919 64
920 203
921 285
922 84
923 29
924 39
925 10
926 43
927 124
928 0
929 1
930 156
931 419
932 142
933 480
934 227
935 352
936 61
937 27
938 190
939 101
940 309
941 133
942 0
943 20
944 264
945 324
946 111
947 0
948 1
949 216
950 147
951 0
952 0
953 298
954 111
955 442
956 561
957 108
958 68
959 182
960 96
961 10
962 48
963 191
964 196
965 40
966 160
967 106
968 124
969 312
970 120
971 0
972 122
973 248
974 0
975 142
976 29
977 15
978 590
979 95
980 530
981 580
982 121
983 50
984 387
985 280
986 91
987 34
988 0
989 0
990 29
991 39
992 80
993 429
994 243
995 54
996 129
997 25
998 75
999 142
1000 46
1001 139
1002 264
1003 0
1004 0
1005 5
1006 0
1007 245
1008 422
1009 0
1010 50
1011 33
1012 25
1013 0
1014 0
1015 11
1016 120
1017 330
1018 25
1019 287
1020 258
1021 363
1022 256
1023 86
1024 141
1025 50
1026 183
1027 461
1028 83
1029 39
1030 40
1031 277
1032 0
1033 0
1034 65
1035 130
1036 77
1037 37
1038 378
1039 211
1040 339
1041 196
1042 12
1043 129
1044 46
1045 97
1046 154
1047 144
1048 158
1049 32
1050 37
1051 2
1052 5
1053 8
1054 14
1055 60
1056 81
1057 107
1058 208
1059 346
1060 321
1061 79
1062 0
1063 0
1064 0
1065 35
1066 19
1067 102
1068 42
1069 78
1070 89
1071 48
1072 294
1073 108
1074 222
1075 32
1076 26
1077 0
1078 153
1079 26
1080 0
1081 144
1082 50
1083 118
1084 103
1085 39
1086 4
1087 24
1088 8
1089 8
1090 270
1091 385
1092 351
1093 445
1094 182
1095 23
1096 66
1097 30
1098 98
1099 497
1100 21
1101 28
1102 42
1103 80
1104 21
1105 52
1106 469
1107 439
1108 69
1109 8
1110 871
1111 0
1112 31
1113 164
1114 288
1115 32
1116 0
1117 56
1118 34
1119 329
1120 293
1121 261
1122 48
1123 12
1124 72
1125 11
1126 66
1127 0
1128 118
1129 183
1130 11
1131 6
1132 0
1133 136
1134 84
1135 54
1136 0
1137 0
1138 4
1139 223
1140 953
1141 527
1142 191
1143 0
1144 31
1145 0
1146 64
1147 0
1148 10
1149 346
1150 532
1151 46
1152 62
1153 72
1154 123
1155 438
1156 299
1157 202
1158 46
1159 25
1160 67
1161 20
1162 97
1163 0
1164 0
1165 1
1166 83
1167 145
1168 318
1169 64
1170 316
1171 4
1172 0
1173 49
1174 5
1175 20
1176 225
1177 447
1178 65
1179 334
1180 32
1181 242
1182 169
1183 345
1184 145
1185 0
1186 143
1187 98
1188 0
1189 2
1190 0
1191 149
1192 121
1193 0
1194 41
1195 9
1196 29
1197 12
1198 128
1199 108
1200 55
1201 10
1202 9
1203 359
1204 21
1205 14
1206 52
1207 19
1208 96
1209 71
1210 256
1211 227
1212 510
1213 61
1214 124
1215 293
1216 127
1217 547
1218 269
1219 59
1220 177
1221 116
1222 41
1223 114
1224 113
1225 31
1226 83
1227 25
1228 141
1229 260
1230 69
1231 17
1232 83
1233 168
1234 172
1235 516
1236 92
1237 130
1238 200
1239 7
1240 74
1241 0
1242 21
1243 174
1244 0
1245 117
1246 55
1247 166
1248 456
1249 640
1250 37
1251 258
1252 432
1253 554
1254 846
1255 127
1256 91
1257 40
1258 249
1259 30
1260 106
1261 39
1262 100
1263 129
1264 328
1265 221
1266 130
1267 52
1268 14
1269 0
1270 19
1271 61
1272 121
1273 126
1274 781
1275 353
1276 30
1277 73
1278 70
1279 87
1280 15
1281 8
1282 6
1283 7
1284 0
1285 0
1286 208
1287 429
1288 122
1289 367
1290 270
1291 306
1292 167
1293 178
1294 2294
1295 753
1296 97
1297 27
1298 108
1299 266
1300 40
1301 0
1302 66
1303 152
1304 400
1305 96
1306 50
1307 252
1308 167
1309 179
1310 42
1311 164
1312 0
1313 0
1314 7
1315 398
1316 324
1317 338
1318 489
1319 422
1320 419
1321 717
1322 435
1323 58
1324 31
1325 126
1326 26
1327 49
1328 0
1329 91
1330 42
1331 111
1332 458
1333 139
1334 40
1335 93
1336 102
1337 302
1338 237
1339 776
1340 1044
1341 168
1342 63
1343 262
1344 319
1345 68
1346 51
1347 42
1348 33
1349 81
1350 437
1351 0
1352 22
1353 377
1354 43
1355 214
1356 177
1357 68
1358 61
1359 215
1360 35
1361 0
1362 7
1363 111
1364 565
1365 640
1366 135
1367 189
1368 198
1369 440
1370 332
1371 293
1372 0
1373 40
1374 6
1375 5
1376 9
1377 32
1378 119
1379 421
1380 430
1381 48
1382 80
1383 100
1384 0
1385 96
1386 322
1387 809
1388 265
1389 41
1390 269
1391 210
1392 60
1393 73
1394 42
1395 0
1396 147
1397 87
1398 0
1399 43
1400 303
1401 175
1402 151
1403 207
1404 146
1405 77
1406 86
1407 237
1408 243
1409 277
1410 240
1411 97
1412 72
1413 0
1414 43
1415 23
1416 206
1417 284
1418 0
1419 462
1420 206
1421 544
1422 135
1423 12
1424 51
1425 0
1426 53
1427 210
1428 610
1429 834
1430 0
1431 695
1432 449
1433 200
1434 236
1435 316
1436 206
1437 520
1438 16
1439 7
1440 0
1441 126
1442 697
1443 141
1444 134
1445 298
1446 403
1447 92
1448 123
1449 62
1450 71
1451 473
1452 94
1453 290
1454 156
1455 41
1456 133
1457 532
1458 23
1459 549
1460 138
1461 106
1462 48
1463 86
1464 4
1465 81
1466 152
1467 153
1468 40
1469 0
1470 9
1471 0
1472 29
1473 39
1474 21
1475 159
1476 760
1477 1352
1478 509
1479 416
1480 548
1481 491
1482 103
1483 0
1484 257
1485 0
1486 84
1487 35
1488 235
1489 199
1490 881
1491 243
1492 106
1493 231
1494 0
1495 58
1496 379
1497 520
1498 71
1499 162
1500 285
1501 78
1502 126
1503 58
1504 221
1505 316
1506 57
1507 140
1508 337
1509 90
1510 134
1511 19
1512 36
1513 83
1514 540
1515 175
1516 103
1517 15
1518 0
1519 0
1520 4
1521 0
1522 23
1523 20
1524 213
1525 729
1526 553
1527 1410
1528 1085
1529 778
1530 275
1531 0
1532 123
1533 427
1534 42
1535 224
1536 139
1537 154
1538 268
1539 180
1540 17
1541 224
1542 52
1543 135
1544 803
1545 482
1546 0
1547 246
1548 87
1549 188
1550 399
1551 105
1552 71
1553 174
1554 97
1555 101
1556 457
1557 819
1558 99
1559 91
1560 163
1561 531
1562 317
1563 328
1564 13
1565 23
1566 138
1567 159
1568 457
1569 0
1570 17
1571 72
1572 1090
1573 2168
1574 736
1575 70
1576 746
1577 305
1578 221
1579 523
1580 597
1581 200
1582 311
1583 207
1584 167
1585 36
1586 0
1587 126
1588 369
1589 46
1590 743
1591 268
1592 183
1593 160
1594 175
1595 632
1596 396
1597 61
1598 14
1599 56
1600 520
1601 170
1602 530
1603 64
1604 50
1605 6
1606 35
1607 91
1608 0
1609 7
1610 11
1611 0
1612 172
1613 191
1614 102
1615 26
1616 272
1617 935
1618 712
1619 1354
1620 557
1621 965
1622 852
1623 304
1624 211
1625 33
1626 614
1627 364
1628 156
1629 347
1630 223
1631 179
1632 212
1633 156
1634 289
1635 107
1636 85
1637 122
1638 186
1639 213
1640 351
1641 72
1642 8
1643 32
1644 42
1645 600
1646 1017
1647 205
1648 366
1649 189
1650 104
1651 401
1652 920
1653 45
1654 159
1655 407
1656 433
1657 0
1658 166
1659 281
1660 151
1661 212
1662 186
1663 67
1664 227
1665 290
1666 182
1667 486
1668 401
1669 9
1670 97
1671 107
1672 0
1673 32
1674 1
1675 12
1676 10
1677 1090
1678 720
1679 573
1680 642
1681 213
1682 362
1683 351
1684 200
1685 406
1686 259
1687 113
1688 168
1689 237
1690 0
1691 256
1692 55
1693 133
1694 233
1695 21
1696 118
1697 37
1698 58
1699 80
1700 41
1701 0
1702 61
1703 176
1704 0
1705 7
1706 39
1707 129
1708 10
1709 198
1710 948
1711 281
1712 203
1713 126
1714 128
1715 414
1716 303
1717 198
1718 73
1719 123
1720 29
1721 163
1722 47
1723 47
1724 60
1725 45
1726 138
1727 115
1728 385
1729 0
1730 23
1731 51
1732 8
1733 108
1734 71
1735 0
1736 103
1737 224
1738 379
1739 376
1740 0
1741 94
1742 317
1743 36
1744 174
1745 264
1746 101
1747 4
1748 32
1749 58
1750 90
1751 234
1752 328
1753 0
1754 22
1755 105
1756 56
1757 85
1758 150
1759 13
1760 6
1761 386
1762 107
1763 176
1764 191
1765 174
1766 110
1767 380
1768 178
1769 8
1770 38
1771 93
1772 175
1773 341
1774 154
1775 117
1776 147
1777 188
1778 354
1779 3
1780 57
1781 0
1782 204
1783 15
1784 85
1785 108
1786 17
1787 0
1788 139
1789 0
1790 169
1791 7
1792 231
1793 106
1794 20
1795 0
1796 36
1797 412
1798 402
1799 769
1800 635
1801 194
1802 214
1803 76
1804 153
1805 566
1806 579
1807 138
1808 157
1809 10
1810 231
1811 99
1812 69
1813 103
1814 76
1815 78
1816 46
1817 9
1818 94
1819 25
1820 207
1821 136
1822 95
1823 106
1824 429
1825 165
1826 48
1827 158
1828 207
1829 317
1830 18
1831 283
1832 75
1833 277
1834 45
1835 351
1836 160
1837 38
1838 127
1839 74
1840 70
1841 97
1842 60
1843 127
1844 467
1845 313
1846 112
1847 122
1848 288
1849 472
1850 61
1851 34
1852 49
1853 172
1854 72
1855 236
1856 155
1857 48
1858 399
1859 471
1860 124
1861 287
1862 305
1863 0
1864 126
1865 40
1866 149
1867 1215
1868 304
1869 158
1870 44
1871 177
1872 530
1873 289
1874 79
1875 29
1876 34
1877 126
1878 164
1879 111
1880 0
1881 282
1882 448
1883 520
1884 267
1885 133
1886 64
1887 58
1888 8
1889 214
1890 217
1891 95
1892 182
1893 185
1894 712
1895 0
1896 336
1897 81
1898 93
1899 65
1900 324
1901 229
1902 47
1903 462
1904 165
1905 221
1906 185
1907 251
1908 128
1909 155
1910 157
1911 223
1912 407
1913 211
1914 41
1915 13
1916 30
1917 221
1918 129
1919 259
1920 88
1921 172
1922 62
1923 216
1924 195
1925 225
1926 25
1927 45
1928 38
1929 58
1930 124
1931 177
1932 56
1933 31
1934 112
1935 230
1936 292
1937 36
1938 29
1939 79
1940 238
1941 239
1942 569
1943 416
1944 69
1945 69
1946 81
1947 13
1948 90
1949 118
1950 82
1951 287
1952 149
1953 299
1954 138
1955 408
1956 61
1957 169
1958 214
1959 110
1960 82
1961 32
1962 0
1963 36
1964 462
1965 485
1966 56
1967 260
1968 434
1969 198
1970 115
1971 213
1972 409
1973 64
1974 113
1975 232
1976 85
1977 0
1978 20
1979 13
1980 246
1981 458
1982 198
1983 43
1984 86
1985 399
1986 200
1987 25
1988 37
1989 300
1990 0
1991 175
1992 152
1993 88
1994 184
1995 423
1996 639
1997 220
1998 120
1999 294
2000 238
2001 12
2002 49
2003 156
2004 416
2005 214
2006 97
2007 132
2008 99
2009 159
2010 181
2011 213
2012 55
2013 31
2014 282
2015 211
2016 370
2017 509
2018 38
2019 346
2020 102
2021 107
2022 77
2023 367
2024 569
2025 9
2026 140
2027 122
2028 141
2029 81
2030 229
2031 331
2032 216
2033 72
2034 210
2035 310
2036 463
2037 171
2038 147
2039 95
2040 89
2041 78
2042 93
2043 330
2044 64
2045 121
2046 122
2047 143
2048 348
2049 480
2050 278
2051 287
2052 28
2053 42
2054 202
2055 598
2056 106
2057 127
2058 106
2059 146
2060 135
2061 288
2062 209
2063 183
2064 53
2065 28
2066 314
2067 225
2068 0
2069 293
2070 80
2071 175
2072 361
2073 302
2074 174
2075 235
2076 298
2077 93
2078 11
2079 52
2080 239
2081 0
2082 273
2083 236
2084 139
2085 0
2086 264
2087 200
2088 272
2089 240
2090 164
2091 113
2092 97
2093 116
2094 210
2095 628
2096 173
2097 649
2098 340
2099 203
2100 77
2101 44
2102 0
2103 493
2104 442
2105 216
2106 8
2107 10
2108 80
2109 65
2110 306
2111 221
2112 377
2113 194
2114 142
2115 0
2116 141
2117 136
2118 426
2119 461
2120 82
2121 112
2122 33
2123 39
2124 420
2125 61
2126 223
2127 250
2128 321
2129 118
2130 152
2131 414
2132 470
2133 66
2134 0
2135 49
2136 8
2137 242
2138 489
2139 127
2140 42
2141 0
2142 2
2143 14
2144 308
2145 337
2146 126
2147 70
2148 447
2149 204
2150 518
2151 74
2152 295
2153 359
2154 303
2155 91
2156 23
2157 32
2158 30
2159 131
2160 394
2161 382
2162 3
2163 17
2164 68
2165 298
2166 164
2167 106
2168 72
2169 177
2170 75
2171 34
2172 267
2173 148
2174 11
2175 105
2176 13
2177 189
2178 27
2179 75
2180 37
2181 123
2182 81
2183 149
2184 40
2185 0
2186 0
2187 243
2188 103
2189 87
2190 275
2191 242
2192 84
2193 346
2194 61
2195 12
2196 3
2197 56
2198 29
2199 175
2200 66
2201 151
2202 198
2203 328
2204 49
2205 327
2206 297
2207 91
2208 16
2209 145
2210 133
2211 261
2212 497
2213 393
2214 45
2215 104
2216 13
2217 44
2218 15
2219 48
2220 172
2221 6
2222 0
2223 85
2224 200
2225 44
2226 40
2227 313
2228 247
2229 218
2230 326
2231 23
2232 100
2233 128
2234 0
2235 30
2236 16
2237 115
2238 40
2239 3
2240 0
2241 14
2242 8
2243 363
2244 164
2245 35
2246 62
2247 275
2248 493
2249 0
2250 358
2251 156
2252 46
2253 146
2254 422
2255 200
2256 246
2257 82
2258 15
2259 57
2260 281
2261 42
2262 29
2263 19
2264 3
2265 99
2266 443
2267 371
2268 285
2269 449
2270 464
2271 276
2272 8
2273 46
2274 545
2275 364
2276 186
2277 422
2278 126
2279 41
2280 22
2281 352
2282 445
2283 53
2284 0
2285 53
2286 256
2287 73
2288 79
2289 104
2290 414
2291 525
2292 41
2293 17
2294 399
2295 340
2296 100
2297 202
2298 114
2299 13
2300 198
2301 0
2302 139
2303 9
2304 83
2305 0
2306 64
2307 130
2308 370
2309 139
2310 124
2311 131
2312 100
2313 91
2314 212
2315 94
2316 478
2317 134
2318 1
2319 56
2320 334
2321 206
2322 184
2323 0
2324 2
2325 50
2326 431
2327 696
2328 126
2329 28
2330 38
2331 25
2332 85
2333 97
2334 616
2335 803
2336 105
2337 19
2338 89
2339 222
2340 197
2341 0
2342 0
2343 0
2344 142
2345 297
2346 165
2347 220
2348 21
2349 138
2350 191
2351 327
2352 282
2353 436
2354 215
2355 59
2356 177
2357 64
2358 38
2359 0
2360 9
2361 4
2362 12
2363 347
2364 321
2365 54
2366 308
2367 234
2368 58
2369 151
2370 273
2371 201
2372 146
2373 96
2374 14
2375 210
2376 307
2377 0
2378 5
2379 29
2380 79
2381 0
2382 361
2383 199
2384 127
2385 488
2386 135
2387 357
2388 603
2389 363
2390 212
2391 422
2392 0
2393 51
2394 384
2395 130
2396 47
2397 6
2398 348
2399 12
2400 0
2401 181
2402 791
2403 59
2404 118
2405 328
2406 347
2407 236
2408 147
2409 207
2410 130
2411 321
2412 217
2413 38
2414 0
2415 91
2416 17
2417 47
2418 13
2419 213
2420 425
2421 361
2422 768
2423 112
2424 191
2425 244
2426 306
2427 386
2428 458
2429 109
2430 4
2431 105
2432 264
2433 0
2434 38
2435 126
2436 145
2437 75
2438 461
2439 59
2440 190
2441 394
2442 357
2443 135
2444 165
2445 199
2446 31
2447 0
2448 0
2449 154
2450 14
2451 0
2452 27
2453 14
2454 140
2455 155
2456 188
2457 208
2458 37
2459 123
2460 23
2461 11
2462 4
2463 22
2464 123
2465 755
2466 111
2467 0
2468 47
2469 57
2470 137
2471 87
2472 67
2473 17
2474 6
2475 6
2476 0
2477 0
2478 184
2479 12
2480 64
2481 95
2482 28
2483 87
2484 116
2485 227
2486 85
2487 269
2488 49
2489 63
2490 11
2491 0
2492 0
2493 5
2494 79
2495 164
2496 46
2497 107
2498 20
2499 116
2500 57
2501 70
2502 44
2503 353
2504 20
2505 0
2506 21
2507 0
2508 9
2509 66
2510 42
2511 58
2512 53
2513 93
2514 0
2515 0
2516 31
2517 0
2518 0
2519 6
2520 40
2521 23
2522 32
2523 100
2524 2
2525 6
2526 174
2527 101
2528 0
2529 37
2530 62
2531 38
2532 9
2533 9
2534 286
2535 325
2536 47
2537 96
2538 157
2539 20
2540 0
2541 30
2542 430
2543 108
2544 141
2545 365
2546 34
2547 13
2548 95
2549 48
2550 27
2551 10
2552 118
2553 219
2554 84
2555 0
2556 0
2557 27
2558 77
2559 56
2560 150
2561 183
2562 42
2563 133
2564 46
2565 39
2566 56
2567 31
2568 32
2569 0
2570 0
2571 27
2572 0
2573 62
2574 6
2575 153
2576 5
2577 14
2578 15
2579 4
2580 0
2581 0
2582 0
2583 0
2584 0
2585 0
2586 0
2587 0
2588 0
2589 0
2590 0
2591 0
2592 0
2593 0
2594 0
2595 0
2596 0
2597 0
2598 0
