0 30
1 0
2 1
3 0
4 7
5 18
6 0
7 0
8 0
9 1
10 9
11 24
12 5
13 16
14 49
15 16
16 36
17 4
18 4
19 81
20 0
21 11
22 6
23 48
24 0
25 15
26 1
27 1
28 0
29 7
30 1
31 3
32 1
33 16
34 0
35 23
36 2
37 7
38 4
39 6
40 8
41 4
42 4
43 1
44 33
45 0
46 2
47 2
48 3
49 37
50 20
51 3
52 26
53 28
54 27
55 0
56 3
57 20
58 27
59 2
60 5
61 38
62 25
63 2
64 3
65 70
66 7
67 25
68 12
69 2
70 4
71 4
72 2
73 1
74 31
75 49
76 1
77 22
78 53
79 45
80 5
81 0
82 19
83 10
84 0
85 3
86 20
87 71
88 54
89 1
90 2
91 0
92 1
93 20
94 6
95 0
96 8
97 35
98 7
99 44
100 1
101 0
102 25
103 23
104 0
105 9
106 40
107 11
108 32
109 33
110 1
111 0
112 16
113 7
114 22
115 13
116 33
117 4
118 0
119 17
120 0
121 15
122 57
123 15
124 8
125 2
126 5
127 4
128 7
129 13
130 9
131 13
132 4
133 0
134 3
135 52
136 25
137 129
138 10
139 8
140 47
141 41
142 8
143 4
144 0
145 3
146 31
147 7
148 38
149 23
150 12
151 0
152 0
153 14
154 7
155 14
156 7
157 12
158 103
159 18
160 5
161 7
162 0
163 17
164 0
165 24
166 37
167 24
168 12
169 7
170 50
171 26
172 8
173 7
174 43
175 82
176 67
177 7
178 15
179 0
180 54
181 0
182 123
183 0
184 0
185 23
186 95
187 78
188 44
189 6
190 11
191 0
192 0
193 2
194 2
195 0
196 51
197 29
198 0
199 42
200 25
201 24
202 10
203 44
204 29
205 72
206 106
207 22
208 14
209 0
210 75
211 2
212 10
213 23
214 0
215 54
216 3
217 14
218 17
219 91
220 0
221 67
222 61
223 52
224 99
225 58
226 49
227 8
228 0
229 11
230 0
231 0
232 0
233 6
234 0
235 8
236 0
237 0
238 29
239 122
240 3
241 115
242 67
243 9
244 77
245 14
246 29
247 0
248 18
249 15
250 11
251 2
252 6
253 0
254 2
255 11
256 171
257 55
258 10
259 2
260 0
261 0
262 2
263 25
264 6
265 10
266 1
267 11
268 5
269 0
270 16
271 37
272 10
273 0
274 0
275 3
276 5
277 2
278 7
279 33
280 3
281 0
282 13
283 110
284 2
285 2
286 11
287 8
288 12
289 5
290 95
291 21
292 135
293 48
294 1
295 28
296 34
297 16
298 0
299 6
300 21
301 20
302 28
303 23
304 116
305 39
306 22
307 55
308 0
309 33
310 21
311 32
312 47
313 8
314 5
315 0
316 36
317 51
318 93
319 2
320 0
321 22
322 4
323 9
324 0
325 0
326 8
327 4
328 3
329 0
330 3
331 27
332 5
333 48
334 64
335 59
336 5
337 17
338 82
339 50
340 0
341 2
342 1
343 1
344 2
345 3
346 16
347 4
348 43
349 12
350 21
351 90
352 14
353 4
354 0
355 1
356 1
357 25
358 0
359 28
360 33
361 81
362 106
363 3
364 0
365 0
366 7
367 14
368 0
369 40
370 13
371 8
372 9
373 13
374 7
375 11
376 23
377 0
378 5
379 24
380 27
381 0
382 23
383 0
384 18
385 37
386 0
387 1
388 30
389 39
390 67
391 45
392 67
393 2
394 38
395 13
396 76
397 21
398 0
399 52
400 4
401 21
402 9
403 13
404 36
405 27
406 60
407 0
408 14
409 2
410 5
411 12
412 21
413 93
414 58
415 4
416 12
417 24
418 4
419 17
420 4
421 2
422 40
423 35
424 54
425 24
426 21
427 7
428 34
429 1
430 82
431 3
432 7
433 12
434 2
435 5
436 62
437 88
438 123
439 43
440 66
441 58
442 26
443 93
444 17
445 12
446 13
447 3
448 46
449 17
450 30
451 21
452 39
453 61
454 66
455 11
456 41
457 84
458 62
459 0
460 2
461 62
462 50
463 31
464 30
465 24
466 6
467 50
468 32
469 64
470 85
471 90
472 52
473 29
474 57
475 17
476 2
477 7
478 3
479 8
480 7
481 8
482 17
483 3
484 46
485 15
486 26
487 34
488 14
489 62
490 21
491 12
492 67
493 130
494 12
495 27
496 18
497 7
498 70
499 21
500 18
501 24
502 21
503 7
504 0
505 25
506 36
507 5
508 5
509 106
510 5
511 14
512 49
513 81
514 31
515 49
516 27
517 19
518 2
519 18
520 83
521 68
522 3
523 17
524 13
525 2
526 1
527 0
528 27
529 8
530 4
531 9
532 58
533 61
534 5
535 44
536 53
537 7
538 9
539 44
540 5
541 15
542 7
543 46
544 51
545 2
546 26
547 0
548 0
549 2
550 0
551 4
552 52
553 51
554 82
555 70
556 12
557 7
558 20
559 38
560 10
561 26
562 10
563 1
564 0
565 0
566 0
567 12
568 5
569 1
570 7
571 30
572 20
573 15
574 0
575 40
576 10
577 24
578 22
579 15
580 3
581 2
582 3
583 20
584 29
585 28
586 19
587 0
588 42
589 89
590 3
591 1
592 21
593 2
594 0
595 9
596 8
597 6
598 57
599 82
600 50
601 117
602 23
603 16
604 19
605 7
606 26
607 25
608 40
609 14
610 36
611 17
612 59
613 32
614 73
615 52
616 50
617 1
618 7
619 0
620 11
621 0
622 0
623 7
624 10
625 66
626 33
627 84
628 49
629 41
630 70
631 13
632 15
633 11
634 15
635 10
636 33
637 1
638 17
639 36
640 5
641 32
642 29
643 75
644 16
645 55
646 34
647 3
648 5
649 0
650 0
651 22
652 27
653 12
654 0
655 20
656 11
657 4
658 64
659 38
660 3
661 29
662 3
663 45
664 7
665 2
666 34
667 27
668 5
669 13
670 21
671 57
672 6
673 3
674 6
675 2
676 45
677 51
678 42
679 23
680 61
681 53
682 1
683 10
684 8
685 28
686 7
687 0
688 0
689 15
690 65
691 38
692 26
693 0
694 5
695 9
696 9
697 7
698 6
699 22
700 14
701 15
702 28
703 3
704 10
705 50
706 75
707 27
708 3
709 31
710 0
711 0
712 4
713 5
714 0
715 2
716 23
717 104
718 40
719 37
720 98
721 0
722 9
723 0
724 16
725 5
726 19
727 16
728 15
729 33
730 19
731 53
732 9
733 21
734 32
735 13
736 35
737 24
738 59
739 69
740 0
741 13
742 0
743 11
744 39
745 1
746 0
747 0
748 38
749 16
750 0
751 3
752 48
753 11
754 34
755 5
756 20
757 6
758 14
759 62
760 29
761 8
762 24
763 0
764 81
765 24
766 21
767 22
768 1
769 12
770 70
771 11
772 6
773 0
774 20
775 26
776 19
777 16
778 9
779 1
780 0
781 5
782 18
783 9
784 26
785 12
786 44
787 32
788 7
789 62
790 10
791 6
792 19
793 37
794 29
795 0
796 30
797 42
798 20
799 13
800 6
801 0
802 13
803 0
804 4
805 2
806 0
807 25
808 15
809 47
810 26
811 7
812 21
813 23
814 6
815 2
816 0
817 0
818 12
819 48
820 56
821 56
822 18
823 36
824 7
825 25
826 8
827 45
828 26
829 14
830 12
831 18
832 29
833 32
834 38
835 15
836 21
837 0
838 9
839 3
840 0
841 4
842 3
843 0
844 17
845 28
846 30
847 44
848 29
849 7
850 38
851 0
852 32
853 7
854 2
855 23
856 8
857 46
858 41
859 7
860 7
861 18
862 34
863 13
864 17
865 24
866 6
867 22
868 3
869 4
870 11
871 3
872 1
873 2
874 0
875 0
876 7
877 59
878 26
879 18
880 90
881 59
882 0
883 6
884 28
885 2
886 7
887 6
888 21
889 104
890 7
891 9
892 18
893 10
894 7
895 16
896 10
897 22
898 6
899 4
900 0
901 1
902 6
903 107
904 46
905 9
906 49
907 63
908 48
909 2
910 4
911 37
912 0
913 2
914 13
915 45
916 0
917 11
918 40
919 12
920 34
921 50
922 0
923 2
924 8
925 2
926 6
927 18
928 0
929 1
930 22
931 80
932 27
933 85
934 37
935 59
936 9
937 6
938 37
939 16
940 51
941 25
942 0
943 3
944 43
945 56
946 19
947 1
948 0
949 37
950 27
951 3
952 19
953 48
954 21
955 84
956 91
957 20
958 11
959 30
960 14
961 3
962 10
963 27
964 39
965 9
966 26
967 20
968 20
969 63
970 25
971 0
972 19
973 47
974 16
975 29
976 4
977 4
978 108
979 12
980 90
981 101
982 18
983 12
984 68
985 48
986 11
987 5
988 0
989 0
990 3
991 6
992 10
993 75
994 38
995 12
996 18
997 4
998 9
999 23
1000 12
1001 27
1002 48
1003 0
1004 0
1005 0
1006 0
1007 45
1008 77
1009 0
1010 13
1011 0
1012 2
1013 0
1014 0
1015 0
1016 18
1017 60
1018 6
1019 44
1020 44
1021 57
1022 51
1023 15
1024 23
1025 6
1026 32
1027 0
1028 21
1029 5
1030 7
1031 44
1032 0
1033 2
1034 12
1035 22
1036 12
1037 6
1038 68
1039 41
1040 61
1041 32
1042 1
1043 19
1044 6
1045 13
1046 22
1047 19
1048 30
1049 5
1050 5
1051 0
1052 0
1053 0
1054 5
1055 10
1056 14
1057 20
1058 30
1059 61
1060 59
1061 13
1062 0
1063 3
1064 0
1065 4
1066 3
1067 17
1068 5
1069 15
1070 16
1071 7
1072 50
1073 20
1074 46
1075 3
1076 0
1077 0
1078 26
1079 0
1080 43
1081 29
1082 11
1083 22
1084 18
1085 8
1086 0
1087 3
1088 1
1089 1
1090 46
1091 68
1092 51
1093 80
1094 37
1095 6
1096 15
1097 5
1098 14
1099 76
1100 2
1101 5
1102 5
1103 13
1104 5
1105 6
1106 78
1107 73
1108 14
1109 0
1110 155
1111 35
1112 5
1113 33
1114 45
1115 3
1116 0
1117 8
1118 7
1119 58
1120 52
1121 42
1122 4
1123 2
1124 13
1125 2
1126 12
1127 0
1128 20
1129 29
1130 0
1131 0
1132 0
1133 25
1134 15
1135 0
1136 0
1137 0
1138 0
1139 31
1140 168
1141 0
1142 34
1143 1
1144 4
1145 0
1146 12
1147 0
1148 3
1149 61
1150 103
1151 8
1152 10
1153 14
1154 20
1155 77
1156 48
1157 39
1158 7
1159 3
1160 12
1161 4
1162 21
1163 0
1164 2
1165 0
1166 20
1167 23
1168 55
1169 8
1170 52
1171 1
1172 0
1173 8
1174 1
1175 3
1176 38
1177 74
1178 11
1179 61
1180 7
1181 41
1182 28
1183 60
1184 24
1185 50
1186 28
1187 19
1188 3
1189 0
1190 0
1191 24
1192 22
1193 2
1194 7
1195 0
1196 7
1197 1
1198 22
1199 18
1200 12
1201 0
1202 1
1203 65
1204 6
1205 2
1206 11
1207 3
1208 18
1209 11
1210 52
1211 36
1212 101
1213 7
1214 21
1215 51
1216 25
1217 0
1218 47
1219 9
1220 31
1221 18
1222 9
1223 22
1224 16
1225 4
1226 13
1227 4
1228 0
1229 43
1230 17
1231 4
1232 11
1233 21
1234 27
1235 80
1236 16
1237 18
1238 31
1239 0
1240 13
1241 0
1242 2
1243 33
1244 0
1245 17
1246 8
1247 29
1248 71
1249 109
1250 6
1251 40
1252 69
1253 93
1254 163
1255 24
1256 15
1257 6
1258 46
1259 5
1260 20
1261 6
1262 15
1263 22
1264 53
1265 43
1266 22
1267 8
1268 1
1269 2
1270 3
1271 10
1272 20
1273 21
1274 128
1275 64
1276 0
1277 11
1278 12
1279 15
1280 2
1281 1
1282 1
1283 0
1284 1
1285 0
1286 34
1287 66
1288 20
1289 60
1290 57
1291 0
1292 24
1293 28
1294 407
1295 144
1296 17
1297 4
1298 19
1299 45
1300 9
1301 0
1302 14
1303 22
1304 67
1305 15
1306 10
1307 49
1308 41
1309 35
1310 8
1311 0
1312 1
1313 0
1314 0
1315 63
1316 56
1317 59
1318 76
1319 72
1320 65
1321 126
1322 80
1323 12
1324 8
1325 17
1326 5
1327 8
1328 0
1329 15
1330 0
1331 0
1332 90
1333 20
1334 4
1335 19
1336 16
1337 51
1338 42
1339 140
1340 178
1341 25
1342 11
1343 46
1344 60
1345 12
1346 7
1347 9
1348 3
1349 15
1350 70
1351 4
1352 2
1353 61
1354 8
1355 37
1356 36
1357 10
1358 11
1359 36
1360 4
1361 0
1362 0
1363 27
1364 99
1365 120
1366 20
1367 35
1368 35
1369 82
1370 59
1371 57
1372 0
1373 8
1374 1
1375 0
1376 3
1377 7
1378 15
1379 80
1380 80
1381 9
1382 13
1383 14
1384 34
1385 16
1386 50
1387 142
1388 38
1389 5
1390 52
1391 43
1392 8
1393 12
1394 8
1395 21
1396 22
1397 18
1398 0
1399 7
1400 48
1401 34
1402 28
1403 35
1404 31
1405 14
1406 15
1407 38
1408 39
1409 43
1410 37
1411 16
1412 13
1413 0
1414 10
1415 3
1416 32
1417 47
1418 32
1419 86
1420 34
1421 93
1422 25
1423 0
1424 9
1425 1
1426 7
1427 34
1428 102
1429 136
1430 87
1431 119
1432 80
1433 31
1434 43
1435 54
1436 37
1437 86
1438 2
1439 0
1440 21
1441 25
1442 136
1443 19
1444 21
1445 50
1446 79
1447 16
1448 23
1449 13
1450 12
1451 84
1452 15
1453 49
1454 30
1455 4
1456 22
1457 94
1458 0
1459 91
1460 23
1461 12
1462 8
1463 13
1464 0
1465 14
1466 23
1467 23
1468 6
1469 5
1470 2
1471 0
1472 3
1473 5
1474 5
1475 28
1476 131
1477 238
1478 94
1479 70
1480 96
1481 85
1482 13
1483 55
1484 46
1485 0
1486 8
1487 6
1488 39
1489 34
1490 160
1491 40
1492 19
1493 37
1494 39
1495 10
1496 69
1497 89
1498 9
1499 31
1500 50
1501 0
1502 24
1503 10
1504 0
1505 0
1506 11
1507 26
1508 59
1509 12
1510 24
1511 2
1512 4
1513 9
1514 104
1515 28
1516 14
1517 2
1518 0
1519 0
1520 0
1521 2
1522 5
1523 2
1524 35
1525 130
1526 89
1527 266
1528 201
1529 125
1530 49
1531 3
1532 19
1533 72
1534 6
1535 43
1536 25
1537 28
1538 45
1539 30
1540 1
1541 42
1542 8
1543 23
1544 142
1545 83
1546 100
1547 43
1548 13
1549 33
1550 58
1551 14
1552 15
1553 26
1554 10
1555 16
1556 71
1557 147
1558 0
1559 11
1560 28
1561 93
1562 61
1563 53
1564 0
1565 4
1566 24
1567 23
1568 68
1569 1
1570 0
1571 13
1572 191
1573 384
1574 129
1575 15
1576 121
1577 52
1578 37
1579 81
1580 104
1581 38
1582 50
1583 45
1584 26
1585 0
1586 1
1587 22
1588 62
1589 9
1590 122
1591 44
1592 35
1593 26
1594 30
1595 105
1596 70
1597 12
1598 5
1599 11
1600 89
1601 32
1602 81
1603 12
1604 7
1605 1
1606 4
1607 16
1608 0
1609 0
1610 1
1611 0
1612 27
1613 36
1614 18
1615 2
1616 40
1617 156
1618 124
1619 0
1620 108
1621 173
1622 144
1623 53
1624 38
1625 7
1626 112
1627 59
1628 23
1629 56
1630 35
1631 30
1632 37
1633 29
1634 50
1635 17
1636 17
1637 28
1638 25
1639 30
1640 60
1641 12
1642 2
1643 3
1644 5
1645 107
1646 185
1647 40
1648 74
1649 28
1650 19
1651 66
1652 168
1653 7
1654 26
1655 75
1656 73
1657 20
1658 35
1659 45
1660 21
1661 36
1662 32
1663 9
1664 34
1665 51
1666 35
1667 82
1668 73
1669 2
1670 17
1671 21
1672 0
1673 6
1674 1
1675 1
1676 1
1677 184
1678 124
1679 102
1680 108
1681 38
1682 59
1683 57
1684 38
1685 74
1686 46
1687 19
1688 27
1689 45
1690 19
1691 46
1692 9
1693 25
1694 48
1695 2
1696 18
1697 5
1698 10
1699 12
1700 5
1701 99
1702 8
1703 32
1704 0
1705 0
1706 8
1707 20
1708 0
1709 35
1710 181
1711 57
1712 37
1713 28
1714 24
1715 70
1716 53
1717 38
1718 10
1719 22
1720 5
1721 28
1722 7
1723 5
1724 11
1725 8
1726 20
1727 14
1728 61
1729 44
1730 2
1731 8
1732 2
1733 21
1734 11
1735 2
1736 15
1737 33
1738 71
1739 67
1740 39
1741 14
1742 50
1743 5
1744 23
1745 41
1746 20
1747 0
1748 4
1749 8
1750 18
1751 35
1752 66
1753 5
1754 3
1755 19
1756 13
1757 17
1758 22
1759 1
1760 2
1761 64
1762 18
1763 29
1764 32
1765 31
1766 17
1767 61
1768 35
1769 1
1770 8
1771 14
1772 28
1773 53
1774 25
1775 21
1776 21
1777 27
1778 55
1779 1
1780 9
1781 0
1782 32
1783 2
1784 12
1785 14
1786 2
1787 42
1788 20
1789 10
1790 30
1791 1
1792 43
1793 21
1794 4
1795 0
1796 7
1797 80
1798 68
1799 140
1800 105
1801 36
1802 46
1803 11
1804 24
1805 109
1806 100
1807 24
1808 35
1809 0
1810 34
1811 17
1812 15
1813 14
1814 9
1815 14
1816 12
1817 1
1818 18
1819 6
1820 31
1821 22
1822 14
1823 17
1824 80
1825 25
1826 8
1827 22
1828 33
1829 62
1830 5
1831 54
1832 13
1833 47
1834 10
1835 62
1836 22
1837 5
1838 25
1839 11
1840 14
1841 16
1842 7
1843 22
1844 85
1845 52
1846 19
1847 22
1848 48
1849 79
1850 12
1851 0
1852 9
1853 35
1854 16
1855 41
1856 23
1857 9
1858 62
1859 0
1860 22
1861 46
1862 56
1863 2
1864 20
1865 0
1866 22
1867 201
1868 50
1869 22
1870 7
1871 23
1872 95
1873 50
1874 14
1875 6
1876 8
1877 21
1878 27
1879 16
1880 3
1881 53
1882 73
1883 90
1884 45
1885 23
1886 9
1887 10
1888 0
1889 45
1890 44
1891 12
1892 30
1893 31
1894 132
1895 141
1896 56
1897 0
1898 14
1899 11
1900 56
1901 38
1902 8
1903 89
1904 27
1905 47
1906 24
1907 39
1908 21
1909 27
1910 22
1911 34
1912 69
1913 31
1914 8
1915 1
1916 3
1917 40
1918 19
1919 50
1920 19
1921 31
1922 7
1923 39
1924 34
1925 36
1926 5
1927 10
1928 9
1929 8
1930 19
1931 32
1932 14
1933 4
1934 13
1935 37
1936 52
1937 0
1938 7
1939 9
1940 48
1941 40
1942 93
1943 77
1944 12
1945 13
1946 16
1947 2
1948 20
1949 16
1950 13
1951 44
1952 26
1953 39
1954 25
1955 69
1956 13
1957 28
1958 39
1959 24
1960 18
1961 8
1962 1
1963 9
1964 78
1965 0
1966 10
1967 46
1968 76
1969 35
1970 19
1971 32
1972 70
1973 11
1974 17
1975 51
1976 0
1977 0
1978 5
1979 5
1980 38
1981 73
1982 34
1983 7
1984 14
1985 68
1986 34
1987 1
1988 4
1989 47
1990 24
1991 35
1992 31
1993 16
1994 0
1995 69
1996 104
1997 38
1998 19
1999 47
2000 40
2001 2
2002 9
2003 25
2004 0
2005 31
2006 0
2007 27
2008 20
2009 27
2010 27
2011 42
2012 8
2013 10
2014 43
2015 37
2016 66
2017 86
2018 7
2019 64
2020 22
2021 20
2022 17
2023 68
2024 107
2025 2
2026 23
2027 20
2028 21
2029 9
2030 42
2031 53
2032 37
2033 11
2034 37
2035 53
2036 76
2037 30
2038 27
2039 20
2040 13
2041 10
2042 17
2043 54
2044 9
2045 24
2046 24
2047 22
2048 74
2049 77
2050 61
2051 57
2052 5
2053 7
2054 39
2055 109
2056 15
2057 21
2058 19
2059 25
2060 20
2061 44
2062 32
2063 31
2064 8
2065 6
2066 54
2067 38
2068 1
2069 58
2070 14
2071 34
2072 0
2073 55
2074 31
2075 0
2076 55
2077 16
2078 1
2079 9
2080 33
2081 73
2082 54
2083 34
2084 27
2085 17
2086 44
2087 30
2088 50
2089 0
2090 26
2091 20
2092 17
2093 19
2094 32
2095 118
2096 32
2097 110
2098 62
2099 28
2100 16
2101 9
2102 0
2103 81
2104 81
2105 30
2106 1
2107 0
2108 11
2109 10
2110 63
2111 40
2112 62
2113 39
2114 19
2115 39
2116 23
2117 20
2118 64
2119 81
2120 11
2121 17
2122 3
2123 7
2124 73
2125 8
2126 40
2127 38
2128 63
2129 17
2130 27
2131 69
2132 78
2133 8
2134 0
2135 8
2136 2
2137 41
2138 81
2139 18
2140 7
2141 1
2142 1
2143 2
2144 45
2145 66
2146 21
2147 11
2148 83
2149 38
2150 89
2151 11
2152 52
2153 66
2154 45
2155 16
2156 3
2157 6
2158 4
2159 23
2160 73
2161 71
2162 0
2163 2
2164 11
2165 57
2166 28
2167 27
2168 14
2169 32
2170 12
2171 7
2172 42
2173 30
2174 2
2175 15
2176 1
2177 37
2178 6
2179 12
2180 5
2181 17
2182 14
2183 27
2184 8
2185 0
2186 0
2187 40
2188 22
2189 16
2190 42
2191 36
2192 14
2193 55
2194 5
2195 1
2196 0
2197 0
2198 0
2199 23
2200 12
2201 30
2202 38
2203 55
2204 9
2205 54
2206 55
2207 13
2208 2
2209 21
2210 21
2211 41
2212 84
2213 73
2214 11
2215 15
2216 3
2217 6
2218 4
2219 7
2220 32
2221 0
2222 0
2223 17
2224 0
2225 9
2226 6
2227 57
2228 0
2229 38
2230 51
2231 6
2232 17
2233 25
2234 1
2235 8
2236 0
2237 19
2238 0
2239 0
2240 0
2241 0
2242 2
2243 64
2244 25
2245 7
2246 14
2247 49
2248 83
2249 13
2250 70
2251 28
2252 8
2253 21
2254 70
2255 29
2256 44
2257 13
2258 3
2259 7
2260 51
2261 6
2262 4
2263 2
2264 1
2265 14
2266 80
2267 64
2268 56
2269 82
2270 81
2271 42
2272 2
2273 8
2274 91
2275 64
2276 38
2277 81
2278 16
2279 5
2280 4
2281 62
2282 76
2283 8
2284 0
2285 4
2286 46
2287 9
2288 16
2289 16
2290 70
2291 98
2292 8
2293 0
2294 74
2295 66
2296 17
2297 28
2298 18
2299 2
2300 0
2301 54
2302 23
2303 2
2304 13
2305 4
2306 10
2307 23
2308 68
2309 20
2310 23
2311 21
2312 17
2313 15
2314 35
2315 18
2316 93
2317 30
2318 0
2319 9
2320 62
2321 41
2322 34
2323 0
2324 0
2325 9
2326 79
2327 119
2328 20
2329 5
2330 7
2331 0
2332 18
2333 14
2334 101
2335 139
2336 15
2337 4
2338 17
2339 38
2340 36
2341 11
2342 0
2343 0
2344 25
2345 54
2346 24
2347 36
2348 6
2349 23
2350 29
2351 52
2352 52
2353 76
2354 42
2355 8
2356 34
2357 10
2358 0
2359 0
2360 1
2361 0
2362 0
2363 73
2364 62
2365 11
2366 49
2367 40
2368 10
2369 28
2370 48
2371 0
2372 24
2373 16
2374 1
2375 37
2376 55
2377 1
2378 0
2379 6
2380 10
2381 3
2382 59
2383 32
2384 24
2385 84
2386 28
2387 58
2388 99
2389 57
2390 0
2391 73
2392 11
2393 9
2394 64
2395 20
2396 8
2397 0
2398 59
2399 1
2400 6
2401 35
2402 153
2403 9
2404 15
2405 46
2406 66
2407 47
2408 25
2409 32
2410 22
2411 57
2412 35
2413 8
2414 0
2415 13
2416 6
2417 10
2418 3
2419 33
2420 72
2421 59
2422 128
2423 17
2424 34
2425 44
2426 59
2427 67
2428 88
2429 18
2430 0
2431 19
2432 44
2433 0
2434 7
2435 21
2436 25
2437 15
2438 85
2439 10
2440 34
2441 67
2442 74
2443 31
2444 33
2445 40
2446 5
2447 0
2448 0
2449 26
2450 3
2451 10
2452 5
2453 3
2454 27
2455 22
2456 36
2457 33
2458 7
2459 24
2460 4
2461 4
2462 0
2463 4
2464 17
2465 125
2466 16
2467 0
2468 8
2469 10
2470 19
2471 13
2472 16
2473 4
2474 0
2475 2
2476 0
2477 8
2478 29
2479 2
2480 9
2481 17
2482 5
2483 17
2484 0
2485 30
2486 15
2487 44
2488 7
2489 10
2490 1
2491 0
2492 0
2493 0
2494 16
2495 30
2496 12
2497 18
2498 5
2499 25
2500 10
2501 8
2502 12
2503 64
2504 1
2505 0
2506 2
2507 0
2508 1
2509 12
2510 3
2511 9
2512 9
2513 15
2514 0
2515 0
2516 6
2517 0
2518 0
2519 0
2520 5
2521 4
2522 6
2523 21
2524 0
2525 0
2526 34
2527 16
2528 0
2529 6
2530 6
2531 5
2532 3
2533 0
2534 43
2535 61
2536 7
2537 18
2538 22
2539 4
2540 0
2541 4
2542 68
2543 21
2544 24
2545 56
2546 6
2547 3
2548 19
2549 7
2550 3
2551 2
2552 22
2553 41
2554 15
2555 0
2556 0
2557 0
2558 12
2559 0
2560 30
2561 30
2562 8
2563 20
2564 7
2565 4
2566 0
2567 9
2568 5
2569 2
2570 5
2571 2
2572 0
2573 12
2574 1
2575 27
2576 0
2577 0
2578 2
2579 2
2580 0
2581 0
2582 0
2583 0
2584 0
2585 0
2586 0
2587 0
2588 0
2589 0
2590 0
2591 0
2592 0
2593 0
2594 0
2595 0
2596 0
2597 0
2598 0
