0 676
1 13
2 67
3 28
4 203
5 406
6 21
7 26
8 13
9 34
10 159
11 561
12 94
13 373
14 986
15 383
16 697
17 130
18 73
19 1623
20 15
21 231
22 116
23 1080
24 7
25 393
26 34
27 45
28 33
29 119
30 20
31 64
32 13
33 368
34 59
35 608
36 57
37 173
38 100
39 123
40 221
41 58
42 79
43 67
44 824
45 17
46 62
47 36
48 67
49 715
50 382
51 104
52 643
53 659
54 627
55 59
56 131
57 448
58 691
59 64
60 149
61 825
62 640
63 79
64 107
65 1608
66 175
67 583
68 300
69 27
70 125
71 132
72 41
73 26
74 633
75 1093
76 54
77 507
78 1121
79 1084
80 116
81 27
82 447
83 230
84 80
85 29
86 472
87 1599
88 1379
89 52
90 42
91 46
92 84
93 480
94 140
95 8
96 135
97 749
98 194
99 867
100 21
101 73
102 548
103 603
104 126
105 258
106 835
107 250
108 727
109 676
110 50
111 274
112 354
113 138
114 496
115 252
116 788
117 124
118 86
119 390
120 19
121 325
122 1368
123 395
124 143
125 38
126 107
127 140
128 189
129 352
130 157
131 372
132 93
133 5
134 58
135 1196
136 609
137 2769
138 189
139 199
140 1024
141 908
142 159
143 156
144 21
145 55
146 736
147 182
148 957
149 599
150 248
151 0
152 14
153 285
154 217
155 346
156 150
157 265
158 2534
159 351
160 159
161 188
162 19
163 432
164 433
165 599
166 834
167 477
168 265
169 185
170 1136
171 666
172 248
173 187
174 977
175 1931
176 1231
177 161
178 350
179 18
180 1176
181 106
182 2802
183 1395
184 584
185 446
186 2193
187 2008
188 1052
189 137
190 214
191 13
192 19
193 54
194 28
195 13
196 1073
197 629
198 96
199 892
200 682
201 608
202 234
203 1069
204 696
205 1529
206 2372
207 567
208 330
209 22
210 1675
211 48
212 218
213 540
214 5
215 1299
216 83
217 311
218 410
219 1928
220 421
221 1473
222 1417
223 1298
224 2189
225 1210
226 1074
227 194
228 19
229 212
230 52
231 26
232 2
233 132
234 1
235 190
236 2
237 22
238 639
239 2610
240 100
241 2563
242 1503
243 243
244 1578
245 373
246 649
247 32
248 399
249 289
250 230
251 71
252 149
253 3
254 59
255 265
256 3837
257 1259
258 230
259 35
260 5
261 6
262 89
263 644
264 105
265 258
266 79
267 236
268 102
269 14
270 414
271 909
272 257
273 3
274 119
275 105
276 114
277 64
278 197
279 681
280 89
281 25
282 340
283 2450
284 67
285 78
286 258
287 214
288 252
289 143
290 2091
291 485
292 2916
293 1025
294 42
295 563
296 812
297 314
298 402
299 198
300 513
301 399
302 616
303 507
304 2554
305 781
306 570
307 1291
308 12
309 693
310 509
311 705
312 958
313 148
314 162
315 925
316 789
317 1009
318 2159
319 83
320 342
321 453
322 124
323 198
324 12
325 49
326 190
327 90
328 41
329 17
330 99
331 556
332 158
333 1157
334 1420
335 1261
336 138
337 526
338 1826
339 1105
340 18
341 60
342 88
343 26
344 108
345 52
346 361
347 68
348 1030
349 345
350 501
351 2112
352 352
353 76
354 10
355 38
356 38
357 550
358 15
359 640
360 686
361 1723
362 2321
363 75
364 3
365 15
366 196
367 338
368 762
369 875
370 330
371 212
372 212
373 324
374 170
375 222
376 491
377 30
378 124
379 543
380 559
381 19
382 511
383 37
384 457
385 767
386 12
387 25
388 670
389 895
390 1398
391 939
392 1540
393 48
394 866
395 378
396 1649
397 531
398 6
399 1081
400 68
401 487
402 260
403 280
404 807
405 644
406 1456
407 1128
408 328
409 34
410 130
411 286
412 508
413 2121
414 1348
415 86
416 247
417 485
418 86
419 352
420 166
421 86
422 901
423 852
424 1170
425 512
426 418
427 163
428 721
429 45
430 1691
431 104
432 154
433 289
434 43
435 101
436 1413
437 2088
438 2717
439 1022
440 1559
441 1316
442 598
443 2227
444 362
445 331
446 250
447 61
448 1061
449 377
450 798
451 465
452 777
453 1374
454 1495
455 245
456 922
457 1923
458 1202
459 11
460 59
461 1424
462 1089
463 666
464 697
465 518
466 110
467 1098
468 679
469 1482
470 1814
471 1929
472 1240
473 709
474 1350
475 478
476 94
477 169
478 65
479 262
480 168
481 276
482 394
483 77
484 1038
485 337
486 589
487 842
488 330
489 1520
490 417
491 294
492 1526
493 2819
494 263
495 623
496 350
497 179
498 1613
499 520
500 506
501 482
502 394
503 178
504 70
505 523
506 858
507 126
508 99
509 2342
510 200
511 317
512 1094
513 1833
514 723
515 1160
516 583
517 435
518 30
519 408
520 1947
521 1625
522 68
523 298
524 371
525 46
526 32
527 167
528 652
529 175
530 117
531 198
532 1372
533 1305
534 160
535 1074
536 1140
537 187
538 176
539 884
540 144
541 290
542 133
543 1050
544 1120
545 63
546 611
547 8
548 853
549 48
550 415
551 114
552 1177
553 1168
554 1736
555 1563
556 312
557 165
558 435
559 825
560 237
561 656
562 255
563 35
564 25
565 22
566 2
567 209
568 98
569 35
570 185
571 812
572 514
573 346
574 118
575 871
576 259
577 423
578 492
579 299
580 118
581 42
582 85
583 422
584 738
585 641
586 505
587 182
588 1077
589 2217
590 69
591 46
592 463
593 59
594 76
595 217
596 188
597 119
598 1255
599 1753
600 1189
601 2608
602 515
603 423
604 293
605 189
606 582
607 572
608 1064
609 317
610 794
611 417
612 1255
613 799
614 1885
615 1294
616 1177
617 33
618 114
619 64
620 200
621 29
622 388
623 197
624 246
625 1519
626 725
627 1913
628 1227
629 963
630 1582
631 224
632 390
633 304
634 475
635 270
636 721
637 47
638 370
639 819
640 116
641 719
642 642
643 1729
644 352
645 1336
646 722
647 100
648 106
649 11
650 6
651 494
652 684
653 344
654 331
655 404
656 266
657 110
658 1345
659 958
660 97
661 641
662 85
663 914
664 179
665 95
666 751
667 593
668 51
669 326
670 547
671 1262
672 149
673 99
674 185
675 49
676 962
677 1240
678 898
679 524
680 1443
681 1213
682 63
683 301
684 195
685 549
686 145
687 22
688 32
689 335
690 1456
691 891
692 545
693 24
694 159
695 211
696 219
697 149
698 120
699 523
700 302
701 365
702 633
703 56
704 175
705 1091
706 1628
707 690
708 65
709 757
710 54
711 9
712 130
713 108
714 0
715 111
716 564
717 2207
718 1022
719 851
720 2078
721 459
722 254
723 28
724 338
725 215
726 473
727 332
728 317
729 792
730 478
731 1090
732 181
733 466
734 592
735 239
736 744
737 563
738 1340
739 1452
740 538
741 357
742 34
743 242
744 1037
745 40
746 19
747 10
748 883
749 354
750 2344
751 91
752 1035
753 274
754 820
755 71
756 396
757 186
758 341
759 1319
760 624
761 206
762 572
763 208
764 1667
765 516
766 524
767 464
768 27
769 272
770 1664
771 244
772 107
773 0
774 389
775 663
776 383
777 392
778 381
779 52
780 15
781 122
782 409
783 202
784 562
785 272
786 989
787 645
788 136
789 1363
790 166
791 181
792 356
793 796
794 741
795 0
796 769
797 986
798 466
799 260
800 136
801 7
802 261
803 20
804 55
805 46
806 1546
807 653
808 374
809 1081
810 608
811 149
812 484
813 513
814 143
815 52
816 1
817 2
818 267
819 1156
820 1240
821 1261
822 525
823 731
824 153
825 512
826 220
827 996
828 626
829 334
830 278
831 445
832 636
833 805
834 790
835 368
836 545
837 232
838 215
839 88
840 17
841 115
842 89
843 0
844 323
845 575
846 581
847 966
848 621
849 172
850 818
851 30
852 738
853 168
854 71
855 501
856 187
857 973
858 894
859 159
860 177
861 400
862 831
863 226
864 338
865 517
866 142
867 451
868 131
869 119
870 223
871 82
872 27
873 88
874 4
875 14
876 124
877 1484
878 562
879 441
880 1931
881 1241
882 191
883 151
884 701
885 83
886 154
887 117
888 437
889 2228
890 207
891 195
892 500
893 234
894 191
895 404
896 242
897 491
898 162
899 94
900 1
901 21
902 180
903 2445
904 1128
905 234
906 1073
907 1440
908 1110
909 46
910 113
911 797
912 35
913 54
914 316
915 947
916 63
917 361
918 916
919 261
920 904
921 1160
922 388
923 81
924 208
925 53
926 170
927 437
928 2
929 42
930 593
931 1811
932 617
933 1862
934 829
935 1373
936 228
937 155
938 792
939 305
940 1189
941 473
942 4
943 94
944 1038
945 1282
946 446
947 36
948 13
949 870
950 597
951 64
952 470
953 1087
954 456
955 1831
956 2003
957 418
958 255
959 683
960 385
961 57
962 223
963 649
964 746
965 172
966 554
967 447
968 532
969 1339
970 523
971 30
972 474
973 1063
974 338
975 600
976 119
977 72
978 2410
979 360
980 2116
981 2219
982 423
983 218
984 1368
985 1149
986 336
987 104
988 5
989 25
990 71
991 200
992 261
993 1630
994 858
995 237
996 471
997 137
998 251
999 482
1000 207
1001 570
1002 1006
1003 18
1004 8
1005 29
1006 13
1007 909
1008 1632
1009 8
1010 264
1011 146
1012 79
1013 2
1014 9
1015 29
1016 447
1017 1279
1018 129
1019 1067
1020 893
1021 1522
1022 984
1023 388
1024 543
1025 187
1026 715
1027 1863
1028 371
1029 130
1030 139
1031 963
1032 38
1033 77
1034 294
1035 549
1036 287
1037 147
1038 1501
1039 893
1040 1321
1041 736
1042 54
1043 461
1044 193
1045 324
1046 647
1047 493
1048 653
1049 101
1050 121
1051 13
1052 28
1053 30
1054 68
1055 237
1056 333
1057 516
1058 815
1059 1342
1060 1315
1061 292
1062 4
1063 81
1064 0
1065 108
1066 74
1067 362
1068 115
1069 322
1070 322
1071 176
1072 1224
1073 459
1074 914
1075 102
1076 141
1077 14
1078 550
1079 95
1080 1019
1081 614
1082 224
1083 440
1084 401
1085 149
1086 16
1087 85
1088 19
1089 40
1090 1004
1091 1550
1092 1186
1093 1692
1094 819
1095 136
1096 298
1097 105
1098 339
1099 1856
1100 55
1101 133
1102 145
1103 306
1104 91
1105 167
1106 1832
1107 1768
1108 337
1109 30
1110 3498
1111 898
1112 105
1113 642
1114 1159
1115 114
1116 25
1117 172
1118 165
1119 1284
1120 1185
1121 1033
1122 150
1123 62
1124 300
1125 54
1126 336
1127 15
1128 437
1129 695
1130 35
1131 29
1132 9
1133 505
1134 325
1135 191
1136 4
1137 5
1138 17
1139 862
1140 3669
1141 2142
1142 825
1143 29
1144 110
1145 11
1146 235
1147 8
1148 61
1149 1349
1150 2114
1151 200
1152 233
1153 300
1154 535
1155 1754
1156 1153
1157 820
1158 225
1159 104
1160 248
1161 87
1162 442
1163 5
1164 45
1165 14
1166 373
1167 521
1168 1182
1169 191
1170 1214
1171 19
1172 19
1173 209
1174 57
1175 84
1176 825
1177 1756
1178 242
1179 1430
1180 134
1181 976
1182 707
1183 1313
1184 513
1185 1101
1186 637
1187 430
1188 76
1189 28
1190 28
1191 580
1192 572
1193 37
1194 152
1195 54
1196 163
1197 45
1198 473
1199 486
1200 270
1201 45
1202 23
1203 1445
1204 119
1205 59
1206 242
1207 52
1208 400
1209 231
1210 1012
1211 911
1212 2138
1213 173
1214 572
1215 1188
1216 525
1217 2148
1218 1063
1219 209
1220 702
1221 395
1222 169
1223 508
1224 434
1225 139
1226 341
1227 106
1228 518
1229 957
1230 344
1231 53
1232 288
1233 549
1234 656
1235 1897
1236 389
1237 460
1238 695
1239 29
1240 262
1241 8
1242 77
1243 762
1244 33
1245 365
1246 229
1247 720
1248 1626
1249 2446
1250 162
1251 1012
1252 1649
1253 2158
1254 3477
1255 501
1256 412
1257 156
1258 1001
1259 119
1260 383
1261 142
1262 399
1263 436
1264 1170
1265 882
1266 542
1267 170
1268 52
1269 52
1270 88
1271 250
1272 447
1273 465
1274 2980
1275 1369
1276 123
1277 256
1278 277
1279 342
1280 38
1281 55
1282 39
1283 30
1284 20
1285 12
1286 786
1287 1568
1288 473
1289 1286
1290 1134
1291 1148
1292 549
1293 670
1294 8978
1295 3145
1296 350
1297 88
1298 403
1299 1060
1300 180
1301 12
1302 273
1303 557
1304 1651
1305 347
1306 218
1307 1013
1308 757
1309 694
1310 148
1311 562
1312 17
1313 17
1314 28
1315 1472
1316 1305
1317 1361
1318 1751
1319 1602
1320 1575
1321 2894
1322 1624
1323 234
1324 190
1325 453
1326 104
1327 186
1328 11
1329 343
1330 167
1331 451
1332 1842
1333 498
1334 147
1335 414
1336 374
1337 1173
1338 892
1339 3135
1340 4077
1341 647
1342 266
1343 1056
1344 1289
1345 276
1346 206
1347 157
1348 111
1349 321
1350 1629
1351 137
1352 66
1353 1490
1354 182
1355 790
1356 735
1357 209
1358 262
1359 848
1360 127
1361 17
1362 26
1363 630
1364 2171
1365 2582
1366 535
1367 770
1368 753
1369 1703
1370 1228
1371 1207
1372 11
1373 167
1374 22
1375 22
1376 84
1377 144
1378 416
1379 1722
1380 1868
1381 240
1382 296
1383 349
1384 795
1385 402
1386 1144
1387 3145
1388 961
1389 161
1390 1095
1391 909
1392 209
1393 250
1394 134
1395 523
1396 530
1397 409
1398 11
1399 169
1400 1151
1401 726
1402 612
1403 798
1404 671
1405 280
1406 308
1407 903
1408 878
1409 1007
1410 855
1411 336
1412 319
1413 2
1414 186
1415 100
1416 759
1417 1076
1418 704
1419 1774
1420 828
1421 2106
1422 552
1423 45
1424 214
1425 47
1426 195
1427 808
1428 2353
1429 3223
1430 1926
1431 2615
1432 1849
1433 790
1434 918
1435 1149
1436 834
1437 1899
1438 46
1439 12
1440 544
1441 520
1442 3010
1443 518
1444 536
1445 1169
1446 1641
1447 367
1448 507
1449 273
1450 221
1451 1910
1452 370
1453 1140
1454 687
1455 113
1456 518
1457 2034
1458 72
1459 1985
1460 606
1461 326
1462 193
1463 364
1464 22
1465 345
1466 553
1467 513
1468 148
1469 149
1470 58
1471 11
1472 105
1473 126
1474 115
1475 630
1476 2869
1477 5278
1478 2099
1479 1626
1480 2186
1481 1832
1482 380
1483 1313
1484 953
1485 19
1486 292
1487 118
1488 922
1489 760
1490 3405
1491 862
1492 458
1493 872
1494 992
1495 259
1496 1540
1497 1930
1498 249
1499 683
1500 1202
1501 334
1502 500
1503 218
1504 854
1505 1528
1506 244
1507 540
1508 1350
1509 303
1510 545
1511 81
1512 120
1513 289
1514 2058
1515 701
1516 393
1517 66
1518 5
1519 0
1520 27
1521 74
1522 108
1523 86
1524 838
1525 2964
1526 2113
1527 5998
1528 4413
1529 2982
1530 1061
1531 52
1532 475
1533 1644
1534 144
1535 919
1536 573
1537 590
1538 1064
1539 696
1540 65
1541 826
1542 205
1543 585
1544 3239
1545 1835
1546 2155
1547 1003
1548 319
1549 732
1550 1460
1551 385
1552 343
1553 605
1554 328
1555 397
1556 1804
1557 3310
1558 348
1559 389
1560 662
1561 2074
1562 1345
1563 1188
1564 37
1565 102
1566 549
1567 576
1568 1564
1569 31
1570 72
1571 307
1572 4390
1573 8440
1574 2883
1575 294
1576 2828
1577 1285
1578 874
1579 1936
1580 2380
1581 890
1582 1106
1583 845
1584 593
1585 157
1586 34
1587 456
1588 1440
1589 175
1590 2881
1591 1006
1592 713
1593 709
1594 753
1595 2296
1596 1594
1597 227
1598 88
1599 239
1600 2124
1601 711
1602 2080
1603 286
1604 189
1605 26
1606 105
1607 328
1608 12
1609 25
1610 40
1611 14
1612 642
1613 768
1614 436
1615 79
1616 1011
1617 3685
1618 2893
1619 5170
1620 2379
1621 3768
1622 3149
1623 1216
1624 830
1625 149
1626 2485
1627 1326
1628 612
1629 1403
1630 855
1631 712
1632 858
1633 676
1634 1150
1635 374
1636 366
1637 614
1638 651
1639 771
1640 1314
1641 307
1642 33
1643 87
1644 119
1645 2369
1646 4144
1647 819
1648 1471
1649 689
1650 468
1651 1499
1652 3646
1653 147
1654 536
1655 1636
1656 1724
1657 471
1658 741
1659 1107
1660 546
1661 736
1662 719
1663 201
1664 784
1665 1207
1666 857
1667 1911
1668 1709
1669 42
1670 390
1671 444
1672 14
1673 107
1674 31
1675 58
1676 51
1677 4203
1678 2779
1679 2226
1680 2422
1681 875
1682 1357
1683 1336
1684 751
1685 1653
1686 1044
1687 422
1688 637
1689 919
1690 390
1691 974
1692 253
1693 612
1694 965
1695 89
1696 439
1697 114
1698 237
1699 289
1700 138
1701 2036
1702 222
1703 653
1704 10
1705 31
1706 158
1707 522
1708 40
1709 739
1710 3890
1711 1184
1712 743
1713 595
1714 592
1715 1695
1716 1151
1717 871
1718 275
1719 522
1720 84
1721 617
1722 162
1723 141
1724 255
1725 192
1726 556
1727 393
1728 1400
1729 1166
1730 89
1731 179
1732 65
1733 513
1734 238
1735 54
1736 379
1737 828
1738 1513
1739 1395
1740 955
1741 332
1742 1232
1743 147
1744 602
1745 987
1746 463
1747 35
1748 111
1749 191
1750 344
1751 900
1752 1334
1753 140
1754 82
1755 443
1756 270
1757 354
1758 532
1759 40
1760 33
1761 1389
1762 410
1763 637
1764 675
1765 719
1766 425
1767 1458
1768 798
1769 27
1770 165
1771 395
1772 731
1773 1323
1774 599
1775 484
1776 517
1777 709
1778 1294
1779 36
1780 216
1781 12
1782 781
1783 66
1784 261
1785 389
1786 57
1787 960
1788 522
1789 224
1790 678
1791 41
1792 971
1793 436
1794 90
1795 4
1796 210
1797 1689
1798 1539
1799 3030
1800 2453
1801 710
1802 895
1803 252
1804 536
1805 2331
1806 2307
1807 528
1808 648
1809 31
1810 808
1811 392
1812 296
1813 338
1814 245
1815 312
1816 190
1817 46
1818 371
1819 114
1820 706
1821 483
1822 354
1823 464
1824 1731
1825 581
1826 178
1827 581
1828 779
1829 1331
1830 95
1831 1062
1832 280
1833 1042
1834 207
1835 1361
1836 567
1837 139
1838 512
1839 250
1840 401
1841 383
1842 173
1843 555
1844 1741
1845 1245
1846 396
1847 487
1848 1127
1849 1867
1850 242
1851 142
1852 232
1853 784
1854 313
1855 915
1856 557
1857 203
1858 1472
1859 1746
1860 477
1861 1170
1862 1175
1863 63
1864 478
1865 179
1866 534
1867 4564
1868 1058
1869 563
1870 148
1871 604
1872 2088
1873 1074
1874 341
1875 140
1876 158
1877 492
1878 565
1879 418
1880 45
1881 1085
1882 1682
1883 2079
1884 1110
1885 463
1886 193
1887 207
1888 41
1889 928
1890 1007
1891 326
1892 645
1893 707
1894 2909
1895 2957
1896 1260
1897 342
1898 304
1899 251
1900 1331
1901 862
1902 168
1903 1883
1904 615
1905 900
1906 630
1907 905
1908 491
1909 562
1910 551
1911 789
1912 1551
1913 761
1914 172
1915 68
1916 110
1917 948
1918 439
1919 1016
1920 400
1921 771
1922 188
1923 839
1924 794
1925 864
1926 156
1927 169
1928 194
1929 222
1930 445
1931 759
1932 278
1933 111
1934 357
1935 879
1936 1077
1937 159
1938 133
1939 266
1940 1008
1941 852
1942 2181
1943 1796
1944 275
1945 334
1946 395
1947 72
1948 428
1949 341
1950 323
1951 1051
1952 644
1953 1092
1954 569
1955 1665
1956 256
1957 598
1958 858
1959 492
1960 340
1961 127
1962 24
1963 179
1964 1817
1965 1925
1966 189
1967 1004
1968 1755
1969 793
1970 405
1971 751
1972 1621
1973 212
1974 438
1975 986
1976 405
1977 7
1978 93
1979 78
1980 931
1981 1684
1982 746
1983 186
1984 325
1985 1567
1986 714
1987 83
1988 122
1989 1131
1990 594
1991 755
1992 611
1993 299
1994 676
1995 1548
1996 2441
1997 876
1998 439
1999 1019
2000 1001
2001 45
2002 180
2003 539
2004 1504
2005 773
2006 390
2007 587
2008 406
2009 627
2010 706
2011 920
2012 187
2013 172
2014 1012
2015 807
2016 1506
2017 1941
2018 164
2019 1361
2020 478
2021 407
2022 306
2023 1438
2024 2197
2025 62
2026 515
2027 490
2028 507
2029 279
2030 890
2031 1263
2032 817
2033 280
2034 835
2035 1244
2036 1772
2037 649
2038 548
2039 428
2040 284
2041 234
2042 346
2043 1248
2044 263
2045 544
2046 491
2047 509
2048 1488
2049 1777
2050 1159
2051 1145
2052 111
2053 134
2054 774
2055 2475
2056 368
2057 475
2058 490
2059 551
2060 512
2061 1081
2062 759
2063 642
2064 180
2065 130
2066 1169
2067 798
2068 48
2069 1217
2070 326
2071 653
2072 1458
2073 1248
2074 612
2075 910
2076 1384
2077 349
2078 28
2079 174
2080 852
2081 1623
2082 1119
2083 844
2084 538
2085 395
2086 977
2087 699
2088 1085
2089 904
2090 646
2091 437
2092 374
2093 423
2094 704
2095 2382
2096 685
2097 2650
2098 1281
2099 728
2100 346
2101 175
2102 43
2103 1822
2104 1730
2105 759
2106 33
2107 36
2108 284
2109 227
2110 1318
2111 870
2112 1363
2113 742
2114 508
2115 901
2116 585
2117 514
2118 1638
2119 1667
2120 305
2121 334
2122 106
2123 132
2124 1439
2125 174
2126 883
2127 899
2128 1316
2129 441
2130 615
2131 1507
2132 1799
2133 229
2134 12
2135 171
2136 51
2137 949
2138 1847
2139 488
2140 160
2141 25
2142 32
2143 44
2144 1225
2145 1313
2146 507
2147 254
2148 1810
2149 789
2150 1995
2151 283
2152 1216
2153 1515
2154 1158
2155 366
2156 83
2157 137
2158 89
2159 569
2160 1583
2161 1568
2162 9
2163 67
2164 303
2165 1237
2166 633
2167 491
2168 308
2169 767
2170 281
2171 130
2172 1009
2173 663
2174 47
2175 410
2176 40
2177 752
2178 146
2179 322
2180 162
2181 429
2182 301
2183 541
2184 181
2185 3
2186 23
2187 908
2188 423
2189 329
2190 1054
2191 837
2192 331
2193 1234
2194 196
2195 63
2196 21
2197 189
2198 105
2199 567
2200 354
2201 624
2202 823
2203 1208
2204 222
2205 1216
2206 1214
2207 324
2208 51
2209 549
2210 470
2211 1007
2212 1862
2213 1575
2214 266
2215 381
2216 64
2217 143
2218 81
2219 175
2220 663
2221 25
2222 33
2223 342
2224 815
2225 183
2226 133
2227 1256
2228 1013
2229 915
2230 1086
2231 119
2232 416
2233 588
2234 37
2235 162
2236 60
2237 419
2238 150
2239 27
2240 7
2241 102
2242 56
2243 1402
2244 686
2245 134
2246 258
2247 1097
2248 1891
2249 279
2250 1472
2251 683
2252 201
2253 514
2254 1600
2255 748
2256 1021
2257 286
2258 55
2259 172
2260 1107
2261 190
2262 91
2263 35
2264 39
2265 380
2266 1925
2267 1480
2268 1309
2269 1791
2270 1784
2271 994
2272 47
2273 211
2274 2111
2275 1524
2276 725
2277 1632
2278 457
2279 124
2280 89
2281 1320
2282 1757
2283 201
2284 0
2285 158
2286 970
2287 230
2288 341
2289 357
2290 1508
2291 2131
2292 194
2293 39
2294 1649
2295 1391
2296 370
2297 718
2298 441
2299 57
2300 709
2301 1117
2302 565
2303 26
2304 310
2305 76
2306 213
2307 573
2308 1620
2309 529
2310 517
2311 507
2312 382
2313 363
2314 763
2315 397
2316 1897
2317 614
2318 13
2319 239
2320 1373
2321 837
2322 709
2323 0
2324 12
2325 189
2326 1624
2327 2642
2328 498
2329 113
2330 175
2331 75
2332 325
2333 341
2334 2474
2335 3141
2336 370
2337 80
2338 354
2339 850
2340 730
2341 220
2342 11
2343 2
2344 583
2345 1141
2346 603
2347 916
2348 140
2349 533
2350 723
2351 1198
2352 1072
2353 1683
2354 953
2355 234
2356 732
2357 270
2358 98
2359 5
2360 40
2361 19
2362 34
2363 1622
2364 1370
2365 182
2366 1154
2367 907
2368 241
2369 623
2370 1087
2371 721
2372 628
2373 380
2374 49
2375 795
2376 1167
2377 29
2378 17
2379 159
2380 253
2381 63
2382 1433
2383 805
2384 539
2385 1928
2386 536
2387 1387
2388 2372
2389 1363
2390 939
2391 1678
2392 233
2393 215
2394 1514
2395 526
2396 182
2397 41
2398 1302
2399 42
2400 141
2401 831
2402 3208
2403 247
2404 433
2405 1123
2406 1445
2407 1042
2408 563
2409 785
2410 521
2411 1187
2412 794
2413 180
2414 10
2415 354
2416 102
2417 218
2418 53
2419 884
2420 1602
2421 1340
2422 2938
2423 418
2424 738
2425 916
2426 1217
2427 1525
2428 1873
2429 371
2430 23
2431 412
2432 1039
2433 8
2434 177
2435 484
2436 573
2437 308
2438 1876
2439 204
2440 696
2441 1531
2442 1489
2443 654
2444 729
2445 766
2446 132
2447 13
2448 12
2449 677
2450 71
2451 206
2452 112
2453 65
2454 563
2455 534
2456 817
2457 735
2458 129
2459 488
2460 114
2461 67
2462 7
2463 78
2464 463
2465 2889
2466 428
2467 16
2468 194
2469 231
2470 486
2471 327
2472 314
2473 80
2474 31
2475 33
2476 0
2477 155
2478 733
2479 61
2480 247
2481 356
2482 122
2483 335
2484 516
2485 738
2486 333
2487 1063
2488 193
2489 267
2490 43
2491 23
2492 8
2493 23
2494 322
2495 657
2496 223
2497 423
2498 89
2499 476
2500 263
2501 211
2502 277
2503 1332
2504 67
2505 15
2506 88
2507 27
2508 31
2509 250
2510 141
2511 211
2512 198
2513 387
2514 0
2515 4
2516 113
2517 10
2518 2
2519 38
2520 179
2521 100
2522 161
2523 458
2524 24
2525 17
2526 708
2527 327
2528 7
2529 136
2530 216
2531 111
2532 46
2533 31
2534 1112
2535 1387
2536 202
2537 378
2538 560
2539 98
2540 11
2541 101
2542 1594
2543 431
2544 540
2545 1338
2546 127
2547 57
2548 385
2549 188
2550 115
2551 60
2552 480
2553 849
2554 317
2555 12
2556 10
2557 94
2558 259
2559 215
2560 728
2561 627
2562 176
2563 462
2564 140
2565 141
2566 285
2567 137
2568 132
2569 55
2570 149
2571 100
2572 2
2573 250
2574 18
2575 603
2576 37
2577 45
2578 48
2579 28
2580 2
2581 5
2582 0
2583 0
2584 1
2585 0
2586 0
2587 1
2588 0
2589 0
2590 0
2591 0
2592 2
2593 0
2594 0
2595 0
2596 0
2597 0
2598 8
