0 150
1 455
2 171
3 308
4 343
5 270
6 204
7 160
8 519
9 398
10 172
11 153
12 175
13 160
14 157
15 271
16 154
17 322
18 158
19 157
20 161
21 157
22 318
23 152
24 411
25 333
26 146
27 152
28 381
29 204
30 157
31 145
32 517
33 169
34 521
35 158
36 328
37 267
38 155
39 155
40 157
41 151
42 158
43 159
44 173
45 346
46 153
47 350
48 287
49 155
50 153
51 278
52 156
53 153
54 155
55 156
56 151
57 155
58 165
59 155
60 282
61 156
62 155
63 370
64 155
65 157
66 317
67 155
68 154
69 379
70 159
71 153
72 429
73 468
74 157
75 157
76 156
77 156
78 318
79 157
80 158
81 384
82 268
83 153
84 330
85 278
86 157
87 152
88 153
89 199
90 147
91 281
92 149
93 273
94 148
95 151
96 148
97 154
98 518
99 153
100 158
101 464
102 189
103 154
104 158
105 353
106 384
107 193
108 222
109 155
110 151
111 354
112 161
113 146
114 162
115 152
116 271
117 156
118 317
119 185
120 148
121 364
122 158
123 150
124 158
125 157
126 187
127 184
128 151
129 146
130 148
131 155
132 204
133 361
134 430
135 319
136 152
137 159
138 155
139 278
140 182
141 150
142 204
143 150
144 154
145 354
146 155
147 182
148 270
149 157
150 281
151 0
152 328
153 152
154 148
155 153
156 155
157 181
158 154
159 158
160 203
161 187
162 319
163 306
164 269
165 156
166 158
167 158
168 279
169 281
170 343
171 156
172 155
173 147
174 162
175 161
176 147
177 145
178 478
179 205
180 157
181 357
182 154
183 319
184 147
185 157
186 277
187 280
188 269
189 157
190 268
191 288
192 275
193 154
194 435
195 280
196 380
197 159
198 306
199 152
200 150
201 431
202 157
203 154
204 156
205 281
206 318
207 277
208 268
209 159
210 276
211 358
212 360
213 328
214 175
215 157
216 156
217 306
218 157
219 277
220 182
221 276
222 184
223 156
224 184
225 157
226 270
227 183
228 154
229 155
230 273
231 345
232 0
233 148
234 0
235 269
236 306
237 203
238 356
239 157
240 333
241 174
242 144
243 155
244 278
245 148
246 158
247 332
248 419
249 513
250 271
251 273
252 271
253 376
254 154
255 155
256 153
257 172
258 360
259 308
260 173
261 155
262 272
263 278
264 376
265 344
266 345
267 304
268 151
269 151
270 272
271 203
272 146
273 0
274 272
275 204
276 153
277 305
278 161
279 200
280 305
281 154
282 148
283 148
284 153
285 158
286 311
287 321
288 272
289 222
290 156
291 147
292 149
293 146
294 173
295 154
296 308
297 157
298 275
299 359
300 260
301 154
302 203
303 512
304 490
305 158
306 156
307 153
308 319
309 152
310 305
311 283
312 205
313 379
314 157
315 152
316 173
317 153
318 390
319 206
320 155
321 147
322 331
323 202
324 311
325 372
326 202
327 383
328 357
329 380
330 375
331 148
332 318
333 155
334 398
335 157
336 155
337 328
338 153
339 152
340 268
341 155
342 330
343 271
344 157
345 268
346 154
347 278
348 276
349 303
350 188
351 147
352 276
353 161
354 160
355 200
356 204
357 304
358 321
359 360
360 379
361 322
362 185
363 154
364 153
365 156
366 305
367 156
368 155
369 304
370 462
371 173
372 300
373 186
374 153
375 157
376 276
377 362
378 202
379 154
380 269
381 202
382 155
383 307
384 278
385 185
386 271
387 277
388 350
389 274
390 376
391 264
392 149
393 274
394 280
395 158
396 203
397 144
398 307
399 157
400 353
401 268
402 273
403 269
404 157
405 337
406 304
407 366
408 329
409 303
410 155
411 153
412 153
413 184
414 183
415 309
416 417
417 345
418 188
419 305
420 277
421 160
422 308
423 350
424 157
425 279
426 248
427 145
428 305
429 153
430 156
431 153
432 154
433 358
434 341
435 202
436 363
437 158
438 149
439 381
440 305
441 355
442 153
443 157
444 152
445 155
446 327
447 156
448 159
449 279
450 157
451 156
452 152
453 157
454 284
455 156
456 156
457 154
458 155
459 155
460 156
461 156
462 157
463 146
464 154
465 154
466 308
467 386
468 156
469 152
470 156
471 332
472 275
473 282
474 157
475 202
476 317
477 157
478 156
479 160
480 155
481 322
482 151
483 285
484 279
485 322
486 316
487 277
488 151
489 321
490 345
491 184
492 155
493 154
494 156
495 182
496 153
497 151
498 156
499 282
500 154
501 152
502 157
503 157
504 157
505 157
506 161
507 285
508 154
509 150
510 280
511 162
512 155
513 156
514 331
515 316
516 157
517 206
518 154
519 159
520 155
521 152
522 152
523 181
524 154
525 296
526 162
527 154
528 158
529 155
530 204
531 160
532 271
533 149
534 154
535 269
536 379
537 230
538 148
539 154
540 153
541 327
542 156
543 154
544 202
545 173
546 153
547 704
548 271
549 157
550 158
551 157
552 228
553 156
554 333
555 184
556 189
557 155
558 206
559 157
560 152
561 155
562 167
563 205
564 158
565 154
566 0
567 158
568 157
569 155
570 238
571 325
572 362
573 371
574 279
575 173
576 181
577 156
578 262
579 152
580 156
581 269
582 155
583 183
584 183
585 183
586 203
587 154
588 205
589 169
590 307
591 156
592 154
593 157
594 279
595 154
596 153
597 277
598 351
599 155
600 147
601 287
602 155
603 315
604 278
605 158
606 156
607 168
608 156
609 157
610 219
611 146
612 181
613 157
614 157
615 155
616 147
617 156
618 154
619 156
620 154
621 158
622 159
623 156
624 156
625 158
626 154
627 304
628 151
629 147
630 204
631 161
632 153
633 157
634 154
635 157
636 158
637 152
638 313
639 185
640 185
641 185
642 157
643 158
644 150
645 161
646 152
647 360
648 157
649 156
650 157
651 154
652 153
653 156
654 388
655 395
656 334
657 336
658 156
659 156
660 147
661 282
662 160
663 177
664 307
665 204
666 181
667 317
668 269
669 162
670 151
671 445
672 194
673 157
674 185
675 169
676 154
677 185
678 183
679 208
680 201
681 159
682 151
683 158
684 156
685 155
686 167
687 154
688 157
689 420
690 363
691 150
692 329
693 142
694 318
695 158
696 276
697 281
698 183
699 155
700 205
701 339
702 202
703 169
704 483
705 280
706 278
707 170
708 155
709 205
710 154
711 204
712 319
713 159
714 155
715 521
716 371
717 150
718 316
719 147
720 152
721 154
722 156
723 184
724 171
725 147
726 205
727 157
728 272
729 329
730 315
731 222
732 150
733 151
734 149
735 155
736 156
737 157
738 164
739 153
740 205
741 160
742 328
743 155
744 160
745 154
746 155
747 153
748 184
749 206
750 251
751 315
752 153
753 205
754 357
755 365
756 296
757 329
758 157
759 201
760 153
761 151
762 153
763 191
764 186
765 151
766 152
767 157
768 164
769 155
770 153
771 156
772 155
773 0
774 153
775 282
776 319
777 328
778 161
779 153
780 159
781 268
782 284
783 320
784 203
785 299
786 151
787 149
788 305
789 193
790 320
791 205
792 156
793 154
794 320
795 0
796 154
797 157
798 183
799 159
800 148
801 150
802 175
803 171
804 204
805 334
806 323
807 267
808 155
809 156
810 331
811 367
812 515
813 148
814 375
815 152
816 0
817 0
818 183
819 203
820 160
821 173
822 153
823 318
824 428
825 389
826 364
827 318
828 154
829 152
830 155
831 154
832 158
833 153
834 315
835 188
836 151
837 156
838 157
839 155
840 202
841 201
842 148
843 0
844 670
845 147
846 324
847 159
848 206
849 502
850 156
851 319
852 311
853 156
854 147
855 320
856 156
857 332
858 330
859 158
860 183
861 156
862 152
863 433
864 151
865 205
866 155
867 154
868 316
869 203
870 153
871 184
872 204
873 184
874 0
875 306
876 315
877 155
878 203
879 351
880 176
881 507
882 319
883 155
884 311
885 490
886 326
887 145
888 319
889 323
890 156
891 203
892 308
893 149
894 157
895 305
896 202
897 155
898 153
899 153
900 0
901 397
902 284
903 349
904 279
905 149
906 319
907 155
908 159
909 869
910 150
911 380
912 317
913 339
914 321
915 330
916 157
917 318
918 156
919 302
920 154
921 155
922 176
923 169
924 157
925 156
926 171
927 261
928 0
929 278
930 157
931 180
932 204
933 307
934 284
935 312
936 280
937 147
938 389
939 317
940 244
941 147
942 0
943 147
944 305
945 320
946 150
947 160
948 321
949 203
950 155
951 148
952 523
953 417
954 317
955 152
956 206
957 419
958 349
959 271
960 156
961 306
962 307
963 334
964 146
965 676
966 319
967 155
968 316
969 185
970 145
971 150
972 303
973 147
974 151
975 156
976 203
977 149
978 301
979 300
980 158
981 149
982 391
983 474
984 154
985 341
986 204
987 284
988 0
989 183
990 158
991 204
992 316
993 275
994 317
995 157
996 148
997 156
998 153
999 364
1000 487
1001 153
1002 204
1003 205
1004 155
1005 149
1006 159
1007 317
1008 170
1009 170
1010 149
1011 427
1012 161
1013 0
1014 418
1015 486
1016 401
1017 304
1018 152
1019 148
1020 275
1021 346
1022 330
1023 203
1024 307
1025 434
1026 366
1027 351
1028 151
1029 155
1030 203
1031 154
1032 155
1033 155
1034 320
1035 472
1036 163
1037 454
1038 156
1039 157
1040 157
1041 201
1042 146
1043 203
1044 515
1045 148
1046 155
1047 158
1048 337
1049 338
1050 154
1051 159
1052 154
1053 180
1054 364
1055 154
1056 304
1057 205
1058 151
1059 318
1060 154
1061 318
1062 160
1063 329
1064 0
1065 263
1066 158
1067 256
1068 517
1069 151
1070 154
1071 157
1072 154
1073 157
1074 160
1075 194
1076 421
1077 327
1078 147
1079 328
1080 360
1081 207
1082 420
1083 185
1084 149
1085 149
1086 155
1087 205
1088 454
1089 389
1090 150
1091 434
1092 153
1093 146
1094 145
1095 146
1096 147
1097 145
1098 444
1099 270
1100 325
1101 281
1102 154
1103 155
1104 147
1105 154
1106 206
1107 151
1108 155
1109 255
1110 148
1111 181
1112 449
1113 450
1114 395
1115 149
1116 172
1117 428
1118 147
1119 155
1120 335
1121 184
1122 157
1123 146
1124 393
1125 182
1126 148
1127 150
1128 163
1129 341
1130 162
1131 185
1132 156
1133 184
1134 156
1135 304
1136 0
1137 0
1138 147
1139 160
1140 270
1141 151
1142 336
1143 368
1144 365
1145 318
1146 153
1147 201
1148 297
1149 369
1150 308
1151 203
1152 156
1153 163
1154 158
1155 425
1156 286
1157 280
1158 147
1159 447
1160 159
1161 158
1162 157
1163 204
1164 320
1165 418
1166 386
1167 157
1168 153
1169 324
1170 204
1171 501
1172 310
1173 149
1174 147
1175 369
1176 347
1177 504
1178 283
1179 359
1180 335
1181 320
1182 147
1183 347
1184 150
1185 204
1186 282
1187 160
1188 152
1189 155
1190 149
1191 184
1192 188
1193 203
1194 150
1195 155
1196 154
1197 151
1198 144
1199 159
1200 147
1201 369
1202 280
1203 158
1204 271
1205 317
1206 319
1207 490
1208 358
1209 306
1210 181
1211 319
1212 321
1213 372
1214 404
1215 152
1216 270
1217 174
1218 156
1219 352
1220 305
1221 311
1222 340
1223 147
1224 168
1225 273
1226 183
1227 145
1228 184
1229 155
1230 157
1231 159
1232 149
1233 206
1234 152
1235 368
1236 193
1237 196
1238 321
1239 203
1240 160
1241 323
1242 153
1243 280
1244 279
1245 149
1246 320
1247 146
1248 154
1249 352
1250 500
1251 155
1252 285
1253 707
1254 294
1255 356
1256 155
1257 355
1258 145
1259 418
1260 157
1261 147
1262 155
1263 149
1264 156
1265 160
1266 154
1267 154
1268 156
1269 153
1270 170
1271 149
1272 205
1273 148
1274 304
1275 160
1276 148
1277 145
1278 203
1279 205
1280 202
1281 408
1282 393
1283 398
1284 394
1285 183
1286 206
1287 261
1288 161
1289 322
1290 517
1291 152
1292 302
1293 306
1294 424
1295 277
1296 184
1297 155
1298 465
1299 149
1300 146
1301 158
1302 156
1303 158
1304 157
1305 157
1306 142
1307 157
1308 155
1309 156
1310 152
1311 322
1312 159
1313 206
1314 151
1315 396
1316 149
1317 202
1318 160
1319 203
1320 146
1321 172
1322 185
1323 319
1324 148
1325 320
1326 325
1327 390
1328 396
1329 321
1330 318
1331 149
1332 320
1333 153
1334 322
1335 162
1336 319
1337 276
1338 327
1339 154
1340 153
1341 152
1342 357
1343 185
1344 276
1345 154
1346 158
1347 157
1348 174
1349 152
1350 172
1351 699
1352 144
1353 156
1354 157
1355 185
1356 160
1357 158
1358 155
1359 318
1360 153
1361 277
1362 156
1363 317
1364 157
1365 157
1366 374
1367 318
1368 381
1369 319
1370 184
1371 195
1372 392
1373 321
1374 332
1375 471
1376 278
1377 319
1378 149
1379 153
1380 319
1381 205
1382 183
1383 321
1384 282
1385 152
1386 283
1387 279
1388 454
1389 293
1390 148
1391 733
1392 270
1393 153
1394 154
1395 315
1396 152
1397 154
1398 147
1399 320
1400 204
1401 156
1402 145
1403 322
1404 156
1405 272
1406 276
1407 203
1408 304
1409 148
1410 153
1411 153
1412 195
1413 0
1414 155
1415 186
1416 319
1417 149
1418 147
1419 285
1420 316
1421 283
1422 318
1423 320
1424 316
1425 423
1426 148
1427 164
1428 278
1429 393
1430 157
1431 151
1432 331
1433 152
1434 162
1435 183
1436 365
1437 280
1438 153
1439 161
1440 269
1441 148
1442 158
1443 154
1444 156
1445 154
1446 157
1447 152
1448 152
1449 204
1450 154
1451 153
1452 355
1453 282
1454 156
1455 477
1456 155
1457 145
1458 147
1459 154
1460 179
1461 202
1462 147
1463 208
1464 180
1465 152
1466 271
1467 149
1468 150
1469 322
1470 316
1471 319
1472 343
1473 153
1474 159
1475 318
1476 304
1477 148
1478 438
1479 333
1480 180
1481 332
1482 419
1483 188
1484 278
1485 363
1486 282
1487 333
1488 307
1489 150
1490 161
1491 156
1492 152
1493 152
1494 156
1495 156
1496 154
1497 157
1498 156
1499 319
1500 152
1501 184
1502 206
1503 147
1504 158
1505 157
1506 149
1507 342
1508 183
1509 147
1510 156
1511 157
1512 147
1513 145
1514 158
1515 279
1516 319
1517 146
1518 147
1519 0
1520 318
1521 318
1522 203
1523 157
1524 157
1525 330
1526 330
1527 467
1528 321
1529 319
1530 276
1531 321
1532 357
1533 352
1534 431
1535 397
1536 148
1537 146
1538 149
1539 157
1540 154
1541 158
1542 157
1543 155
1544 153
1545 171
1546 202
1547 162
1548 151
1549 147
1550 203
1551 154
1552 203
1553 276
1554 204
1555 146
1556 360
1557 202
1558 154
1559 153
1560 154
1561 205
1562 145
1563 186
1564 202
1565 187
1566 302
1567 184
1568 396
1569 323
1570 154
1571 148
1572 320
1573 162
1574 157
1575 157
1576 152
1577 154
1578 172
1579 320
1580 193
1581 196
1582 160
1583 339
1584 276
1585 147
1586 156
1587 154
1588 148
1589 148
1590 156
1591 151
1592 155
1593 158
1594 153
1595 145
1596 146
1597 203
1598 320
1599 149
1600 393
1601 327
1602 194
1603 182
1604 156
1605 150
1606 187
1607 157
1608 147
1609 149
1610 204
1611 204
1612 317
1613 283
1614 149
1615 322
1616 147
1617 319
1618 319
1619 164
1620 320
1621 314
1622 417
1623 152
1624 162
1625 290
1626 270
1627 193
1628 144
1629 363
1630 155
1631 154
1632 158
1633 157
1634 157
1635 183
1636 158
1637 268
1638 159
1639 366
1640 156
1641 156
1642 151
1643 321
1644 319
1645 148
1646 147
1647 146
1648 145
1649 148
1650 322
1651 322
1652 146
1653 319
1654 322
1655 318
1656 283
1657 159
1658 149
1659 157
1660 157
1661 146
1662 158
1663 159
1664 186
1665 203
1666 152
1667 183
1668 323
1669 148
1670 192
1671 201
1672 151
1673 153
1674 318
1675 149
1676 185
1677 429
1678 154
1679 151
1680 187
1681 317
1682 320
1683 381
1684 153
1685 152
1686 216
1687 183
1688 230
1689 304
1690 479
1691 156
1692 152
1693 155
1694 147
1695 154
1696 156
1697 150
1698 159
1699 144
1700 147
1701 150
1702 162
1703 204
1704 280
1705 280
1706 360
1707 190
1708 158
1709 321
1710 322
1711 157
1712 318
1713 474
1714 453
1715 161
1716 146
1717 315
1718 520
1719 152
1720 147
1721 273
1722 371
1723 155
1724 157
1725 154
1726 152
1727 153
1728 149
1729 181
1730 147
1731 202
1732 146
1733 155
1734 320
1735 146
1736 202
1737 488
1738 320
1739 159
1740 147
1741 276
1742 320
1743 152
1744 202
1745 147
1746 187
1747 150
1748 184
1749 302
1750 154
1751 203
1752 156
1753 147
1754 273
1755 318
1756 147
1757 306
1758 277
1759 149
1760 277
1761 486
1762 158
1763 187
1764 316
1765 149
1766 157
1767 324
1768 356
1769 272
1770 151
1771 286
1772 143
1773 286
1774 302
1775 154
1776 330
1777 147
1778 321
1779 160
1780 148
1781 201
1782 151
1783 364
1784 322
1785 465
1786 285
1787 160
1788 285
1789 319
1790 145
1791 150
1792 157
1793 315
1794 276
1795 0
1796 294
1797 318
1798 152
1799 148
1800 160
1801 147
1802 147
1803 320
1804 150
1805 203
1806 155
1807 148
1808 185
1809 271
1810 280
1811 155
1812 146
1813 156
1814 191
1815 279
1816 183
1817 280
1818 319
1819 148
1820 159
1821 157
1822 148
1823 328
1824 319
1825 314
1826 156
1827 319
1828 318
1829 147
1830 280
1831 353
1832 148
1833 284
1834 147
1835 528
1836 149
1837 156
1838 148
1839 148
1840 418
1841 318
1842 150
1843 151
1844 341
1845 279
1846 318
1847 282
1848 298
1849 148
1850 147
1851 334
1852 145
1853 270
1854 147
1855 149
1856 155
1857 316
1858 148
1859 155
1860 155
1861 158
1862 156
1863 149
1864 200
1865 193
1866 284
1867 161
1868 148
1869 189
1870 147
1871 279
1872 321
1873 155
1874 156
1875 155
1876 158
1877 197
1878 147
1879 317
1880 157
1881 157
1882 145
1883 149
1884 160
1885 150
1886 149
1887 147
1888 148
1889 275
1890 148
1891 147
1892 156
1893 279
1894 283
1895 162
1896 148
1897 185
1898 148
1899 277
1900 344
1901 281
1902 276
1903 150
1904 150
1905 182
1906 184
1907 148
1908 149
1909 148
1910 145
1911 189
1912 147
1913 147
1914 148
1915 154
1916 282
1917 154
1918 154
1919 155
1920 149
1921 154
1922 280
1923 154
1924 145
1925 320
1926 149
1927 149
1928 185
1929 306
1930 303
1931 150
1932 196
1933 145
1934 147
1935 147
1936 433
1937 188
1938 148
1939 156
1940 160
1941 195
1942 152
1943 314
1944 157
1945 156
1946 148
1947 148
1948 147
1949 146
1950 144
1951 324
1952 160
1953 272
1954 147
1955 279
1956 278
1957 147
1958 282
1959 282
1960 153
1961 309
1962 147
1963 163
1964 147
1965 153
1966 316
1967 186
1968 149
1969 149
1970 146
1971 145
1972 147
1973 155
1974 146
1975 147
1976 305
1977 283
1978 512
1979 149
1980 305
1981 157
1982 147
1983 149
1984 149
1985 147
1986 147
1987 329
1988 278
1989 151
1990 294
1991 363
1992 313
1993 148
1994 148
1995 145
1996 148
1997 150
1998 154
1999 155
2000 157
2001 160
2002 148
2003 156
2004 155
2005 147
2006 273
2007 277
2008 151
2009 156
2010 148
2011 320
2012 273
2013 315
2014 278
2015 315
2016 161
2017 185
2018 151
2019 156
2020 148
2021 156
2022 152
2023 149
2024 153
2025 158
2026 148
2027 143
2028 145
2029 147
2030 162
2031 149
2032 314
2033 319
2034 280
2035 307
2036 159
2037 155
2038 148
2039 305
2040 176
2041 186
2042 202
2043 319
2044 148
2045 153
2046 147
2047 148
2048 158
2049 158
2050 156
2051 148
2052 151
2053 147
2054 155
2055 160
2056 177
2057 322
2058 279
2059 319
2060 278
2061 280
2062 364
2063 150
2064 185
2065 319
2066 281
2067 148
2068 144
2069 151
2070 161
2071 149
2072 147
2073 147
2074 148
2075 148
2076 154
2077 144
2078 148
2079 148
2080 152
2081 157
2082 192
2083 149
2084 189
2085 195
2086 149
2087 317
2088 278
2089 148
2090 150
2091 148
2092 320
2093 279
2094 153
2095 146
2096 146
2097 145
2098 203
2099 144
2100 147
2101 144
2102 144
2103 148
2104 147
2105 147
2106 154
2107 156
2108 161
2109 150
2110 319
2111 148
2112 284
2113 158
2114 298
2115 194
2116 344
2117 157
2118 148
2119 147
2120 363
2121 170
2122 365
2123 277
2124 156
2125 149
2126 151
2127 151
2128 279
2129 160
2130 162
2131 202
2132 146
2133 272
2134 274
2135 148
2136 282
2137 318
2138 150
2139 281
2140 148
2141 149
2142 149
2143 146
2144 148
2145 158
2146 157
2147 144
2148 188
2149 163
2150 159
2151 186
2152 150
2153 192
2154 279
2155 159
2156 156
2157 279
2158 146
2159 150
2160 203
2161 184
2162 148
2163 145
2164 151
2165 144
2166 154
2167 149
2168 150
2169 154
2170 147
2171 341
2172 159
2173 307
2174 321
2175 162
2176 164
2177 281
2178 146
2179 146
2180 148
2181 144
2182 144
2183 150
2184 151
2185 186
2186 153
2187 186
2188 154
2189 144
2190 149
2191 184
2192 340
2193 147
2194 149
2195 149
2196 147
2197 149
2198 144
2199 295
2200 163
2201 145
2202 147
2203 148
2204 154
2205 148
2206 150
2207 149
2208 313
2209 320
2210 160
2211 345
2212 294
2213 146
2214 148
2215 301
2216 148
2217 156
2218 354
2219 148
2220 146
2221 148
2222 396
2223 162
2224 317
2225 148
2226 147
2227 149
2228 354
2229 149
2230 350
2231 146
2232 362
2233 171
2234 149
2235 377
2236 404
2237 361
2238 163
2239 318
2240 151
2241 156
2242 147
2243 146
2244 148
2245 278
2246 185
2247 339
2248 277
2249 318
2250 270
2251 336
2252 202
2253 162
2254 362
2255 349
2256 347
2257 150
2258 148
2259 161
2260 149
2261 147
2262 148
2263 359
2264 150
2265 203
2266 148
2267 147
2268 147
2269 193
2270 331
2271 279
2272 301
2273 159
2274 151
2275 318
2276 371
2277 327
2278 291
2279 338
2280 152
2281 148
2282 146
2283 145
2284 0
2285 161
2286 159
2287 147
2288 150
2289 149
2290 301
2291 304
2292 187
2293 320
2294 148
2295 157
2296 147
2297 354
2298 293
2299 433
2300 276
2301 149
2302 365
2303 422
2304 163
2305 148
2306 306
2307 336
2308 148
2309 148
2310 184
2311 304
2312 299
2313 297
2314 149
2315 305
2316 146
2317 288
2318 291
2319 301
2320 337
2321 147
2322 148
2323 0
2324 144
2325 146
2326 149
2327 149
2328 148
2329 305
2330 185
2331 151
2332 157
2333 341
2334 336
2335 307
2336 147
2337 148
2338 295
2339 296
2340 146
2341 154
2342 147
2343 0
2344 150
2345 145
2346 149
2347 148
2348 151
2349 153
2350 148
2351 396
2352 356
2353 146
2354 316
2355 144
2356 148
2357 160
2358 191
2359 150
2360 147
2361 150
2362 160
2363 155
2364 151
2365 150
2366 146
2367 317
2368 148
2369 161
2370 310
2371 304
2372 311
2373 337
2374 366
2375 349
2376 350
2377 186
2378 156
2379 304
2380 157
2381 149
2382 371
2383 148
2384 147
2385 150
2386 371
2387 318
2388 508
2389 150
2390 148
2391 365
2392 363
2393 202
2394 338
2395 188
2396 158
2397 147
2398 146
2399 147
2400 286
2401 148
2402 148
2403 145
2404 145
2405 145
2406 507
2407 149
2408 192
2409 156
2410 146
2411 321
2412 152
2413 356
2414 175
2415 161
2416 146
2417 278
2418 193
2419 147
2420 148
2421 146
2422 467
2423 290
2424 148
2425 323
2426 152
2427 161
2428 306
2429 149
2430 349
2431 148
2432 304
2433 330
2434 148
2435 145
2436 149
2437 149
2438 147
2439 149
2440 185
2441 146
2442 149
2443 162
2444 338
2445 155
2446 150
2447 366
2448 145
2449 198
2450 147
2451 329
2452 150
2453 361
2454 366
2455 360
2456 146
2457 305
2458 370
2459 159
2460 363
2461 272
2462 490
2463 148
2464 148
2465 304
2466 146
2467 279
2468 161
2469 283
2470 334
2471 146
2472 279
2473 145
2474 148
2475 370
2476 0
2477 149
2478 155
2479 157
2480 157
2481 349
2482 148
2483 149
2484 146
2485 148
2486 148
2487 305
2488 297
2489 322
2490 515
2491 152
2492 147
2493 163
2494 150
2495 149
2496 146
2497 148
2498 145
2499 149
2500 150
2501 152
2502 145
2503 328
2504 148
2505 206
2506 440
2507 186
2508 150
2509 145
2510 149
2511 153
2512 188
2513 150
2514 0
2515 154
2516 150
2517 152
2518 0
2519 399
2520 150
2521 179
2522 365
2523 170
2524 391
2525 278
2526 280
2527 158
2528 305
2529 403
2530 149
2531 231
2532 287
2533 466
2534 317
2535 490
2536 364
2537 193
2538 149
2539 147
2540 147
2541 186
2542 304
2543 156
2544 158
2545 203
2546 318
2547 147
2548 277
2549 334
2550 329
2551 153
2552 272
2553 146
2554 154
2555 150
2556 331
2557 341
2558 285
2559 159
2560 145
2561 151
2562 157
2563 147
2564 303
2565 147
2566 281
2567 341
2568 151
2569 150
2570 148
2571 155
2572 0
2573 400
2574 159
2575 278
2576 148
2577 149
2578 148
2579 148
2580 147
