0 33
1 0
2 1
3 0
4 5
5 15
6 0
7 0
8 0
9 0
10 4
11 26
12 0
13 16
14 42
15 16
16 32
17 4
18 0
19 80
20 0
21 5
22 1
23 52
24 0
25 13
26 0
27 0
28 0
29 7
30 0
31 1
32 0
33 18
34 0
35 24
36 1
37 4
38 1
39 3
40 10
41 0
42 0
43 0
44 38
45 0
46 0
47 0
48 0
49 25
50 10
51 2
52 26
53 30
54 27
55 1
56 2
57 23
58 28
59 1
60 4
61 39
62 31
63 0
64 2
65 79
66 3
67 30
68 14
69 0
70 2
71 2
72 0
73 0
74 21
75 55
76 0
77 22
78 50
79 53
80 3
81 0
82 23
83 11
84 2
85 1
86 16
87 74
88 69
89 0
90 0
91 0
92 0
93 14
94 4
95 0
96 4
97 28
98 5
99 35
100 0
101 1
102 25
103 26
104 1
105 7
106 38
107 5
108 39
109 37
110 0
111 11
112 14
113 5
114 17
115 11
116 31
117 2
118 0
119 22
120 0
121 11
122 64
123 18
124 3
125 0
126 1
127 2
128 5
129 16
130 4
131 16
132 4
133 0
134 0
135 56
136 29
137 138
138 7
139 9
140 51
141 42
142 5
143 5
144 0
145 1
146 33
147 6
148 47
149 26
150 8
151 0
152 0
153 12
154 9
155 10
156 6
157 10
158 126
159 19
160 6
161 4
162 0
163 20
164 22
165 27
166 40
167 17
168 12
169 9
170 54
171 30
172 14
173 6
174 48
175 93
176 54
177 3
178 15
179 0
180 51
181 1
182 140
183 67
184 24
185 21
186 110
187 77
188 52
189 3
190 10
191 0
192 0
193 0
194 0
195 0
196 48
197 27
198 1
199 37
200 33
201 22
202 5
203 48
204 31
205 67
206 124
207 29
208 11
209 0
210 83
211 0
212 9
213 24
214 0
215 65
216 1
217 10
218 16
219 68
220 17
221 69
222 57
223 60
224 106
225 58
226 54
227 10
228 0
229 8
230 0
231 0
232 0
233 6
234 0
235 8
236 0
237 0
238 32
239 129
240 3
241 121
242 58
243 7
244 68
245 17
246 28
247 0
248 20
249 13
250 7
251 1
252 2
253 0
254 0
255 9
256 176
257 46
258 5
259 0
260 0
261 0
262 2
263 33
264 2
265 12
266 1
267 8
268 3
269 0
270 19
271 45
272 12
273 0
274 4
275 0
276 3
277 1
278 8
279 32
280 0
281 0
282 12
283 127
284 0
285 1
286 8
287 5
288 9
289 7
290 92
291 23
292 141
293 40
294 0
295 24
296 25
297 15
298 18
299 11
300 28
301 13
302 23
303 14
304 96
305 30
306 25
307 50
308 0
309 30
310 20
311 35
312 46
313 2
314 4
315 46
316 24
317 48
318 109
319 0
320 16
321 19
322 0
323 6
324 0
325 0
326 9
327 3
328 0
329 0
330 2
331 25
332 7
333 57
334 72
335 59
336 6
337 25
338 84
339 30
340 0
341 1
342 1
343 0
344 1
345 0
346 14
347 0
348 50
349 14
350 18
351 85
352 14
353 1
354 0
355 0
356 0
357 22
358 0
359 34
360 33
361 87
362 116
363 3
364 0
365 0
366 9
367 15
368 34
369 33
370 8
371 13
372 8
373 15
374 4
375 7
376 18
377 0
378 5
379 25
380 26
381 0
382 17
383 0
384 21
385 35
386 0
387 0
388 28
389 36
390 69
391 42
392 75
393 0
394 42
395 13
396 72
397 28
398 0
399 49
400 0
401 17
402 5
403 7
404 44
405 22
406 75
407 54
408 14
409 0
410 5
411 8
412 18
413 103
414 53
415 1
416 7
417 27
418 1
419 16
420 6
421 0
422 43
423 43
424 56
425 11
426 15
427 7
428 37
429 0
430 64
431 2
432 6
433 11
434 0
435 1
436 65
437 79
438 102
439 54
440 68
441 50
442 25
443 114
444 16
445 15
446 7
447 0
448 51
449 10
450 39
451 22
452 42
453 57
454 73
455 9
456 45
457 87
458 50
459 0
460 1
461 62
462 53
463 29
464 24
465 27
466 2
467 52
468 35
469 68
470 85
471 70
472 56
473 38
474 66
475 24
476 2
477 6
478 1
479 7
480 8
481 6
482 20
483 2
484 51
485 15
486 29
487 39
488 13
489 73
490 21
491 10
492 62
493 140
494 11
495 32
496 12
497 8
498 60
499 22
500 23
501 22
502 15
503 4
504 1
505 20
506 41
507 2
508 1
509 115
510 6
511 8
512 57
513 88
514 31
515 52
516 22
517 13
518 0
519 21
520 98
521 82
522 1
523 14
524 9
525 0
526 0
527 6
528 33
529 3
530 1
531 8
532 67
533 59
534 4
535 53
536 55
537 9
538 11
539 40
540 5
541 16
542 6
543 45
544 60
545 0
546 30
547 0
548 39
549 0
550 18
551 1
552 55
553 59
554 83
555 73
556 13
557 6
558 22
559 38
560 8
561 30
562 9
563 0
564 0
565 0
566 0
567 6
568 0
569 0
570 8
571 34
572 23
573 10
574 3
575 41
576 9
577 15
578 25
579 16
580 1
581 1
582 0
583 16
584 25
585 25
586 29
587 2
588 52
589 99
590 0
591 0
592 21
593 0
594 2
595 11
596 4
597 1
598 60
599 87
600 55
601 121
602 26
603 20
604 10
605 7
606 27
607 27
608 46
609 14
610 37
611 17
612 44
613 42
614 95
615 62
616 44
617 0
618 0
619 0
620 8
621 0
622 21
623 7
624 12
625 67
626 35
627 97
628 46
629 46
630 80
631 7
632 19
633 14
634 18
635 9
636 37
637 0
638 16
639 31
640 4
641 28
642 26
643 68
644 17
645 60
646 25
647 0
648 2
649 0
650 0
651 23
652 31
653 15
654 17
655 20
656 6
657 3
658 58
659 53
660 0
661 23
662 0
663 49
664 8
665 3
666 34
667 25
668 0
669 15
670 22
671 61
672 1
673 1
674 3
675 0
676 48
677 54
678 36
679 25
680 65
681 58
682 1
683 7
684 4
685 18
686 3
687 0
688 0
689 11
690 71
691 46
692 26
693 0
694 3
695 6
696 6
697 6
698 1
699 24
700 14
701 18
702 21
703 0
704 6
705 55
706 79
707 26
708 0
709 26
710 0
711 0
712 6
713 3
714 0
715 2
716 26
717 102
718 44
719 40
720 99
721 20
722 6
723 0
724 11
725 8
726 22
727 19
728 8
729 35
730 19
731 47
732 4
733 22
734 26
735 12
736 32
737 30
738 61
739 68
740 26
741 9
742 0
743 11
744 57
745 0
746 0
747 0
748 39
749 13
750 109
751 3
752 51
753 10
754 40
755 0
756 13
757 4
758 14
759 63
760 25
761 6
762 30
763 10
764 81
765 27
766 26
767 20
768 0
769 11
770 64
771 9
772 2
773 0
774 18
775 23
776 14
777 19
778 17
779 0
780 0
781 2
782 19
783 5
784 28
785 9
786 45
787 30
788 5
789 69
790 3
791 6
792 17
793 41
794 38
795 0
796 29
797 40
798 18
799 11
800 2
801 0
802 6
803 0
804 0
805 0
806 80
807 27
808 14
809 49
810 29
811 5
812 15
813 25
814 3
815 2
816 0
817 0
818 9
819 54
820 65
821 61
822 17
823 21
824 2
825 26
826 8
827 47
828 24
829 17
830 7
831 22
832 24
833 37
834 25
835 15
836 27
837 6
838 4
839 0
840 0
841 3
842 0
843 0
844 14
845 23
846 26
847 43
848 26
849 5
850 38
851 0
852 37
853 7
854 0
855 25
856 5
857 43
858 44
859 3
860 7
861 20
862 33
863 10
864 11
865 23
866 1
867 23
868 3
869 2
870 12
871 0
872 0
873 0
874 0
875 0
876 3
877 66
878 26
879 20
880 95
881 56
882 6
883 3
884 37
885 2
886 5
887 2
888 17
889 99
890 4
891 3
892 26
893 7
894 6
895 11
896 9
897 25
898 4
899 2
900 0
901 0
902 3
903 122
904 44
905 4
906 53
907 69
908 43
909 0
910 2
911 40
912 0
913 0
914 14
915 43
916 0
917 15
918 47
919 12
920 50
921 45
922 18
923 1
924 8
925 0
926 3
927 14
928 0
929 0
930 29
931 85
932 27
933 85
934 43
935 46
936 10
937 4
938 23
939 14
940 60
941 22
942 0
943 0
944 48
945 56
946 16
947 0
948 0
949 41
950 27
951 1
952 22
953 50
954 20
955 94
956 96
957 17
958 8
959 36
960 16
961 0
962 8
963 31
964 35
965 5
966 26
967 16
968 25
969 62
970 21
971 0
972 14
973 53
974 19
975 22
976 2
977 1
978 114
979 16
980 98
981 82
982 15
983 6
984 69
985 56
986 11
987 3
988 0
989 0
990 2
991 7
992 10
993 67
994 32
995 11
996 26
997 7
998 8
999 23
1000 9
1001 18
1002 44
1003 0
1004 0
1005 0
1006 0
1007 38
1008 76
1009 0
1010 13
1011 3
1012 0
1013 0
1014 0
1015 0
1016 18
1017 63
1018 3
1019 48
1020 43
1021 68
1022 34
1023 12
1024 25
1025 5
1026 35
1027 87
1028 17
1029 1
1030 3
1031 38
1032 0
1033 0
1034 9
1035 26
1036 10
1037 4
1038 70
1039 42
1040 51
1041 41
1042 0
1043 24
1044 5
1045 14
1046 28
1047 24
1048 33
1049 1
1050 2
1051 0
1052 0
1053 0
1054 1
1055 7
1056 12
1057 25
1058 35
1059 61
1060 61
1061 11
1062 0
1063 1
1064 0
1065 3
1066 2
1067 10
1068 3
1069 14
1070 14
1071 4
1072 58
1073 18
1074 40
1075 0
1076 3
1077 0
1078 25
1079 0
1080 49
1081 26
1082 7
1083 22
1084 17
1085 4
1086 0
1087 1
1088 0
1089 0
1090 50
1091 75
1092 57
1093 83
1094 39
1095 6
1096 7
1097 3
1098 15
1099 88
1100 0
1101 2
1102 4
1103 14
1104 4
1105 4
1106 83
1107 87
1108 11
1109 0
1110 169
1111 45
1112 1
1113 33
1114 60
1115 2
1116 0
1117 4
1118 2
1119 60
1120 52
1121 47
1122 3
1123 0
1124 11
1125 0
1126 17
1127 0
1128 19
1129 25
1130 0
1131 0
1132 0
1133 19
1134 16
1135 5
1136 0
1137 0
1138 0
1139 41
1140 169
1141 102
1142 29
1143 0
1144 4
1145 0
1146 8
1147 0
1148 0
1149 55
1150 93
1151 6
1152 7
1153 12
1154 26
1155 86
1156 55
1157 30
1158 4
1159 1
1160 14
1161 1
1162 18
1163 0
1164 0
1165 0
1166 16
1167 24
1168 54
1169 6
1170 52
1171 0
1172 0
1173 7
1174 0
1175 0
1176 29
1177 64
1178 10
1179 63
1180 6
1181 40
1182 30
1183 60
1184 27
1185 43
1186 27
1187 20
1188 1
1189 0
1190 0
1191 27
1192 26
1193 0
1194 2
1195 1
1196 6
1197 0
1198 24
1199 23
1200 12
1201 0
1202 0
1203 74
1204 2
1205 0
1206 8
1207 0
1208 14
1209 10
1210 47
1211 42
1212 95
1213 9
1214 25
1215 44
1216 24
1217 92
1218 36
1219 7
1220 30
1221 13
1222 5
1223 29
1224 18
1225 2
1226 17
1227 1
1228 20
1229 41
1230 12
1231 0
1232 12
1233 24
1234 28
1235 99
1236 20
1237 18
1238 33
1239 0
1240 9
1241 0
1242 2
1243 26
1244 0
1245 14
1246 4
1247 25
1248 82
1249 120
1250 5
1251 50
1252 76
1253 108
1254 162
1255 24
1256 18
1257 3
1258 47
1259 2
1260 15
1261 3
1262 22
1263 16
1264 57
1265 41
1266 23
1267 5
1268 0
1269 0
1270 1
1271 8
1272 22
1273 20
1274 147
1275 66
1276 1
1277 11
1278 10
1279 19
1280 1
1281 0
1282 0
1283 0
1284 0
1285 0
1286 36
1287 64
1288 22
1289 58
1290 52
1291 54
1292 18
1293 30
1294 425
1295 149
1296 13
1297 1
1298 17
1299 49
1300 2
1301 0
1302 9
1303 28
1304 75
1305 13
1306 11
1307 44
1308 36
1309 34
1310 5
1311 27
1312 0
1313 0
1314 0
1315 70
1316 66
1317 61
1318 63
1319 69
1320 72
1321 135
1322 70
1323 8
1324 6
1325 23
1326 2
1327 6
1328 0
1329 9
1330 10
1331 22
1332 93
1333 26
1334 7
1335 19
1336 14
1337 43
1338 42
1339 121
1340 197
1341 32
1342 10
1343 48
1344 61
1345 10
1346 4
1347 6
1348 4
1349 14
1350 57
1351 3
1352 1
1353 72
1354 8
1355 40
1356 36
1357 4
1358 5
1359 40
1360 3
1361 0
1362 0
1363 22
1364 104
1365 116
1366 19
1367 20
1368 34
1369 68
1370 46
1371 61
1372 0
1373 6
1374 0
1375 0
1376 0
1377 3
1378 17
1379 91
1380 86
1381 13
1382 8
1383 12
1384 30
1385 17
1386 58
1387 157
1388 37
1389 5
1390 46
1391 28
1392 7
1393 8
1394 2
1395 26
1396 29
1397 18
1398 0
1399 4
1400 57
1401 32
1402 24
1403 33
1404 29
1405 10
1406 16
1407 38
1408 40
1409 49
1410 29
1411 8
1412 8
1413 0
1414 6
1415 3
1416 35
1417 51
1418 42
1419 83
1420 30
1421 98
1422 28
1423 0
1424 10
1425 0
1426 3
1427 35
1428 113
1429 126
1430 97
1431 123
1432 84
1433 35
1434 44
1435 57
1436 27
1437 92
1438 0
1439 0
1440 26
1441 25
1442 142
1443 24
1444 30
1445 53
1446 80
1447 12
1448 20
1449 4
1450 6
1451 94
1452 17
1453 62
1454 27
1455 3
1456 23
1457 104
1458 2
1459 93
1460 34
1461 11
1462 5
1463 7
1464 0
1465 16
1466 22
1467 25
1468 4
1469 2
1470 2
1471 0
1472 3
1473 1
1474 2
1475 30
1476 125
1477 255
1478 106
1479 83
1480 101
1481 49
1482 16
1483 60
1484 35
1485 0
1486 17
1487 4
1488 40
1489 33
1490 155
1491 43
1492 20
1493 40
1494 49
1495 8
1496 75
1497 90
1498 7
1499 28
1500 53
1501 11
1502 25
1503 3
1504 44
1505 65
1506 9
1507 26
1508 57
1509 16
1510 21
1511 2
1512 3
1513 10
1514 75
1515 18
1516 19
1517 2
1518 0
1519 0
1520 0
1521 1
1522 3
1523 3
1524 39
1525 117
1526 100
1527 278
1528 167
1529 143
1530 43
1531 0
1532 21
1533 58
1534 2
1535 43
1536 28
1537 27
1538 48
1539 36
1540 1
1541 23
1542 10
1543 20
1544 153
1545 83
1546 102
1547 51
1548 17
1549 29
1550 70
1551 13
1552 15
1553 26
1554 17
1555 18
1556 86
1557 155
1558 10
1559 15
1560 38
1561 101
1562 49
1563 54
1564 0
1565 0
1566 20
1567 28
1568 60
1569 0
1570 1
1571 9
1572 203
1573 413
1574 106
1575 12
1576 132
1577 63
1578 50
1579 92
1580 114
1581 37
1582 50
1583 44
1584 27
1585 4
1586 0
1587 21
1588 76
1589 4
1590 133
1591 42
1592 32
1593 31
1594 28
1595 115
1596 60
1597 7
1598 0
1599 8
1600 82
1601 37
1602 105
1603 8
1604 4
1605 0
1606 2
1607 16
1608 0
1609 0
1610 0
1611 0
1612 29
1613 33
1614 22
1615 2
1616 44
1617 139
1618 142
1619 249
1620 109
1621 178
1622 159
1623 54
1624 39
1625 1
1626 122
1627 66
1628 23
1629 55
1630 36
1631 34
1632 46
1633 20
1634 53
1635 16
1636 16
1637 30
1638 30
1639 34
1640 63
1641 13
1642 0
1643 1
1644 2
1645 92
1646 203
1647 33
1648 74
1649 35
1650 20
1651 65
1652 186
1653 1
1654 19
1655 84
1656 82
1657 24
1658 36
1659 52
1660 21
1661 39
1662 38
1663 5
1664 42
1665 53
1666 40
1667 91
1668 81
1669 0
1670 20
1671 22
1672 0
1673 3
1674 0
1675 0
1676 0
1677 202
1678 129
1679 108
1680 119
1681 41
1682 61
1683 63
1684 28
1685 76
1686 45
1687 18
1688 27
1689 42
1690 20
1691 36
1692 6
1693 31
1694 50
1695 3
1696 25
1697 2
1698 6
1699 11
1700 3
1701 96
1702 8
1703 27
1704 0
1705 0
1706 5
1707 22
1708 0
1709 32
1710 177
1711 39
1712 28
1713 26
1714 28
1715 71
1716 61
1717 42
1718 13
1719 23
1720 0
1721 34
1722 5
1723 3
1724 13
1725 9
1726 22
1727 17
1728 55
1729 53
1730 1
1731 4
1732 0
1733 26
1734 9
1735 2
1736 17
1737 44
1738 73
1739 65
1740 34
1741 20
1742 59
1743 3
1744 26
1745 49
1746 21
1747 0
1748 2
1749 8
1750 11
1751 44
1752 63
1753 1
1754 0
1755 19
1756 10
1757 17
1758 22
1759 0
1760 0
1761 67
1762 16
1763 24
1764 25
1765 35
1766 17
1767 73
1768 40
1769 0
1770 4
1771 20
1772 37
1773 61
1774 27
1775 17
1776 19
1777 32
1778 50
1779 0
1780 8
1781 0
1782 39
1783 0
1784 9
1785 14
1786 0
1787 47
1788 23
1789 8
1790 33
1791 0
1792 45
1793 19
1794 1
1795 0
1796 5
1797 57
1798 67
1799 140
1800 95
1801 28
1802 45
1803 9
1804 26
1805 110
1806 105
1807 23
1808 26
1809 0
1810 34
1811 18
1812 7
1813 14
1814 10
1815 15
1816 4
1817 1
1818 20
1819 3
1820 35
1821 20
1822 14
1823 19
1824 87
1825 23
1826 11
1827 24
1828 36
1829 65
1830 1
1831 52
1832 11
1833 53
1834 5
1835 70
1836 35
1837 4
1838 23
1839 11
1840 16
1841 19
1842 6
1843 27
1844 87
1845 67
1846 20
1847 17
1848 54
1849 72
1850 8
1851 2
1852 11
1853 41
1854 13
1855 41
1856 27
1857 5
1858 68
1859 88
1860 28
1861 58
1862 46
1863 1
1864 19
1865 5
1866 31
1867 203
1868 49
1869 26
1870 2
1871 33
1872 106
1873 46
1874 17
1875 1
1876 4
1877 24
1878 27
1879 16
1880 1
1881 50
1882 80
1883 96
1884 46
1885 19
1886 6
1887 4
1888 1
1889 45
1890 46
1891 15
1892 32
1893 24
1894 139
1895 123
1896 59
1897 15
1898 9
1899 7
1900 59
1901 41
1902 4
1903 96
1904 26
1905 46
1906 28
1907 45
1908 19
1909 30
1910 19
1911 40
1912 58
1913 37
1914 5
1915 1
1916 1
1917 44
1918 17
1919 42
1920 13
1921 33
1922 9
1923 38
1924 31
1925 39
1926 7
1927 7
1928 7
1929 9
1930 17
1931 35
1932 11
1933 3
1934 11
1935 37
1936 43
1937 3
1938 8
1939 9
1940 45
1941 32
1942 101
1943 83
1944 13
1945 18
1946 17
1947 0
1948 16
1949 11
1950 16
1951 43
1952 24
1953 58
1954 23
1955 59
1956 11
1957 26
1958 41
1959 17
1960 9
1961 3
1962 0
1963 2
1964 85
1965 98
1966 9
1967 51
1968 78
1969 41
1970 22
1971 36
1972 81
1973 9
1974 17
1975 37
1976 21
1977 0
1978 1
1979 0
1980 36
1981 80
1982 37
1983 2
1984 14
1985 62
1986 28
1987 0
1988 2
1989 28
1990 23
1991 33
1992 29
1993 11
1994 31
1995 62
1996 118
1997 40
1998 23
1999 40
2000 56
2001 0
2002 5
2003 29
2004 69
2005 35
2006 11
2007 28
2008 21
2009 32
2010 29
2011 38
2012 7
2013 8
2014 37
2015 41
2016 78
2017 100
2018 4
2019 68
2020 26
2021 20
2022 13
2023 68
2024 82
2025 0
2026 23
2027 22
2028 21
2029 13
2030 39
2031 54
2032 35
2033 7
2034 42
2035 59
2036 68
2037 17
2038 20
2039 22
2040 13
2041 6
2042 13
2043 62
2044 8
2045 25
2046 17
2047 17
2048 71
2049 77
2050 50
2051 41
2052 2
2053 5
2054 38
2055 117
2056 17
2057 21
2058 24
2059 28
2060 25
2061 47
2062 37
2063 32
2064 6
2065 2
2066 53
2067 46
2068 0
2069 40
2070 16
2071 17
2072 68
2073 61
2074 33
2075 47
2076 68
2077 14
2078 0
2079 7
2080 41
2081 81
2082 58
2083 43
2084 20
2085 21
2086 50
2087 28
2088 50
2089 44
2090 29
2091 17
2092 14
2093 13
2094 29
2095 122
2096 33
2097 99
2098 67
2099 33
2100 16
2101 5
2102 0
2103 95
2104 77
2105 35
2106 0
2107 0
2108 13
2109 10
2110 56
2111 47
2112 49
2113 36
2114 21
2115 38
2116 25
2117 22
2118 59
2119 58
2120 14
2121 12
2122 3
2123 2
2124 52
2125 7
2126 45
2127 45
2128 54
2129 18
2130 23
2131 73
2132 78
2133 9
2134 0
2135 6
2136 0
2137 42
2138 81
2139 22
2140 7
2141 0
2142 0
2143 0
2144 55
2145 48
2146 22
2147 10
2148 90
2149 44
2150 92
2151 10
2152 45
2153 75
2154 41
2155 15
2156 3
2157 6
2158 2
2159 26
2160 76
2161 75
2162 0
2163 0
2164 11
2165 58
2166 32
2167 25
2168 15
2169 19
2170 7
2171 3
2172 45
2173 30
2174 0
2175 21
2176 0
2177 32
2178 5
2179 19
2180 8
2181 17
2182 10
2183 26
2184 6
2185 0
2186 0
2187 41
2188 23
2189 12
2190 48
2191 33
2192 18
2193 59
2194 10
2195 0
2196 0
2197 6
2198 1
2199 29
2200 15
2201 25
2202 45
2203 37
2204 8
2205 58
2206 48
2207 10
2208 1
2209 26
2210 25
2211 48
2212 95
2213 74
2214 11
2215 13
2216 1
2217 7
2218 0
2219 1
2220 34
2221 0
2222 0
2223 16
2224 34
2225 7
2226 5
2227 62
2228 49
2229 38
2230 49
2231 3
2232 18
2233 25
2234 0
2235 7
2236 0
2237 17
2238 5
2239 0
2240 0
2241 1
2242 0
2243 62
2244 26
2245 1
2246 9
2247 39
2248 96
2249 8
2250 71
2251 26
2252 5
2253 21
2254 71
2255 27
2256 49
2257 13
2258 1
2259 3
2260 47
2261 9
2262 1
2263 0
2264 0
2265 13
2266 88
2267 66
2268 60
2269 83
2270 84
2271 45
2272 0
2273 9
2274 104
2275 72
2276 35
2277 78
2278 19
2279 4
2280 1
2281 70
2282 84
2283 7
2284 0
2285 5
2286 49
2287 7
2288 16
2289 3
2290 72
2291 89
2292 4
2293 0
2294 76
2295 55
2296 15
2297 40
2298 27
2299 0
2300 32
2301 49
2302 25
2303 0
2304 17
2305 3
2306 3
2307 25
2308 83
2309 24
2310 12
2311 23
2312 19
2313 14
2314 34
2315 16
2316 93
2317 34
2318 0
2319 10
2320 62
2321 29
2322 30
2323 0
2324 0
2325 6
2326 79
2327 124
2328 24
2329 1
2330 4
2331 1
2332 14
2333 13
2334 111
2335 116
2336 18
2337 0
2338 14
2339 42
2340 37
2341 4
2342 0
2343 0
2344 24
2345 52
2346 26
2347 38
2348 2
2349 30
2350 35
2351 64
2352 45
2353 85
2354 33
2355 6
2356 36
2357 11
2358 1
2359 0
2360 0
2361 0
2362 0
2363 76
2364 51
2365 6
2366 60
2367 43
2368 7
2369 30
2370 59
2371 34
2372 32
2373 16
2374 1
2375 40
2376 59
2377 0
2378 0
2379 6
2380 6
2381 1
2382 69
2383 38
2384 24
2385 90
2386 24
2387 65
2388 108
2389 67
2390 42
2391 65
2392 10
2393 6
2394 72
2395 25
2396 5
2397 0
2398 61
2399 0
2400 4
2401 31
2402 157
2403 6
2404 21
2405 51
2406 70
2407 48
2408 25
2409 42
2410 24
2411 57
2412 38
2413 9
2414 0
2415 14
2416 1
2417 10
2418 0
2419 42
2420 73
2421 47
2422 133
2423 5
2424 36
2425 40
2426 57
2427 69
2428 91
2429 18
2430 0
2431 21
2432 51
2433 0
2434 2
2435 23
2436 30
2437 14
2438 93
2439 7
2440 31
2441 56
2442 71
2443 32
2444 31
2445 32
2446 3
2447 0
2448 0
2449 36
2450 0
2451 4
2452 0
2453 2
2454 23
2455 26
2456 40
2457 31
2458 8
2459 26
2460 3
2461 0
2462 0
2463 2
2464 17
2465 133
2466 15
2467 0
2468 8
2469 6
2470 16
2471 15
2472 14
2473 1
2474 0
2475 0
2476 0
2477 6
2478 34
2479 1
2480 9
2481 17
2482 5
2483 14
2484 26
2485 36
2486 11
2487 46
2488 5
2489 12
2490 0
2491 0
2492 0
2493 0
2494 13
2495 29
2496 9
2497 20
2498 0
2499 21
2500 7
2501 8
2502 9
2503 63
2504 1
2505 0
2506 1
2507 0
2508 0
2509 10
2510 5
2511 9
2512 4
2513 19
2514 0
2515 0
2516 0
2517 0
2518 0
2519 0
2520 9
2521 0
2522 3
2523 18
2524 0
2525 0
2526 29
2527 10
2528 0
2529 2
2530 10
2531 3
2532 0
2533 0
2534 48
2535 64
2536 6
2537 14
2538 22
2539 3
2540 0
2541 0
2542 61
2543 19
2544 24
2545 60
2546 3
2547 0
2548 16
2549 7
2550 0
2551 0
2552 21
2553 36
2554 17
2555 0
2556 0
2557 3
2558 14
2559 10
2560 36
2561 30
2562 4
2563 19
2564 3
2565 4
2566 11
2567 2
2568 3
2569 0
2570 2
2571 3
2572 0
2573 12
2574 0
2575 29
2576 0
2577 1
2578 2
2579 0
2580 0
2581 0
2582 0
2583 0
2584 0
2585 0
2586 0
2587 0
2588 0
2589 0
2590 0
2591 0
2592 0
2593 0
2594 0
2595 0
2596 0
2597 0
2598 0
