0 4
1 0
2 0
3 0
4 11
5 8
6 0
7 0
8 0
9 0
10 0
11 4
12 0
13 4
14 4
15 7
16 4
17 0
18 0
19 4
20 0
21 4
22 0
23 4
24 0
25 10
26 0
27 0
28 0
29 0
30 0
31 0
32 0
33 4
34 0
35 4
36 0
37 8
38 4
39 0
40 0
41 0
42 0
43 0
44 5
45 0
46 0
47 0
48 0
49 4
50 4
51 0
52 4
53 4
54 4
55 0
56 0
57 4
58 4
59 0
60 0
61 4
62 4
63 0
64 0
65 4
66 0
67 4
68 3
69 0
70 0
71 0
72 0
73 0
74 4
75 4
76 0
77 4
78 10
79 4
80 0
81 0
82 8
83 4
84 0
85 0
86 4
87 4
88 4
89 0
90 0
91 0
92 0
93 8
94 0
95 0
96 0
97 4
98 0
99 4
100 0
101 0
102 5
103 4
104 0
105 11
106 12
107 0
108 6
109 4
110 0
111 11
112 4
113 0
114 4
115 0
116 8
117 0
118 0
119 5
120 0
121 11
122 4
123 4
124 0
125 0
126 0
127 0
128 4
129 4
130 0
131 4
132 0
133 0
134 0
135 10
136 4
137 4
138 0
139 0
140 6
141 4
142 0
143 0
144 0
145 0
146 4
147 5
148 8
149 4
150 8
151 0
152 0
153 4
154 4
155 4
156 0
157 5
158 4
159 4
160 0
161 5
162 0
163 9
164 8
165 4
166 4
167 4
168 0
169 0
170 11
171 4
172 4
173 0
174 4
175 4
176 4
177 0
178 15
179 0
180 4
181 0
182 4
183 10
184 3
185 4
186 8
187 8
188 8
189 0
190 0
191 0
192 0
193 0
194 0
195 0
196 12
197 4
198 0
199 4
200 4
201 13
202 0
203 4
204 4
205 8
206 10
207 8
208 8
209 0
210 8
211 0
212 11
213 10
214 0
215 4
216 0
217 9
218 4
219 8
220 5
221 9
222 5
223 5
224 5
225 4
226 8
227 0
228 0
229 4
230 0
231 0
232 0
233 0
234 0
235 0
236 0
237 0
238 11
239 4
240 0
241 5
242 4
243 3
244 8
245 4
246 4
247 0
248 13
249 16
250 0
251 0
252 0
253 0
254 0
255 4
256 4
257 5
258 11
259 0
260 0
261 0
262 0
263 8
264 0
265 11
266 0
267 0
268 0
269 0
270 8
271 6
272 4
273 0
274 0
275 0
276 0
277 0
278 0
279 5
280 0
281 0
282 4
283 4
284 0
285 0
286 0
287 0
288 8
289 0
290 4
291 4
292 4
293 4
294 0
295 4
296 9
297 4
298 8
299 0
300 8
301 5
302 6
303 10
304 16
305 4
306 4
307 4
308 0
309 4
310 9
311 8
312 6
313 0
314 0
315 4
316 5
317 5
318 12
319 0
320 4
321 4
322 0
323 6
324 0
325 0
326 0
327 0
328 0
329 0
330 0
331 4
332 0
333 4
334 12
335 4
336 4
337 10
338 4
339 4
340 0
341 0
342 0
343 0
344 0
345 0
346 4
347 0
348 8
349 10
350 5
351 4
352 8
353 0
354 0
355 0
356 0
357 9
358 0
359 11
360 12
361 10
362 5
363 0
364 0
365 0
366 0
367 4
368 4
369 9
370 0
371 0
372 0
373 5
374 0
375 0
376 8
377 0
378 0
379 4
380 4
381 0
382 4
383 0
384 9
385 5
386 0
387 0
388 11
389 8
390 11
391 8
392 4
393 0
394 8
395 4
396 6
397 4
398 0
399 4
400 0
401 8
402 8
403 6
404 4
405 10
406 9
407 11
408 10
409 0
410 0
411 0
412 4
413 5
414 5
415 0
416 0
417 11
418 0
419 8
420 8
421 0
422 9
423 11
424 4
425 8
426 7
427 4
428 9
429 0
430 4
431 0
432 0
433 10
434 0
435 0
436 11
437 4
438 4
439 12
440 9
441 11
442 4
443 4
444 4
445 5
446 9
447 0
448 5
449 8
450 4
451 4
452 4
453 4
454 8
455 0
456 4
457 4
458 4
459 0
460 0
461 4
462 4
463 4
464 4
465 4
466 0
467 12
468 4
469 4
470 4
471 10
472 8
473 8
474 4
475 1
476 0
477 0
478 0
479 4
480 0
481 0
482 4
483 0
484 8
485 9
486 10
487 8
488 4
489 10
490 10
491 5
492 4
493 4
494 4
495 5
496 4
497 4
498 4
499 8
500 4
501 4
502 4
503 0
504 0
505 4
506 4
507 0
508 0
509 4
510 0
511 4
512 4
513 4
514 10
515 10
516 4
517 6
518 0
519 4
520 4
521 4
522 0
523 5
524 4
525 0
526 0
527 0
528 4
529 0
530 0
531 0
532 8
533 4
534 0
535 8
536 12
537 0
538 4
539 4
540 0
541 10
542 0
543 4
544 6
545 0
546 4
547 0
548 8
549 0
550 0
551 0
552 6
553 4
554 10
555 5
556 5
557 0
558 6
559 4
560 0
561 5
562 0
563 0
564 0
565 0
566 0
567 4
568 0
569 0
570 0
571 10
572 11
573 11
574 0
575 5
576 5
577 4
578 8
579 4
580 0
581 0
582 0
583 5
584 5
585 5
586 6
587 0
588 6
589 5
590 0
591 0
592 4
593 0
594 0
595 4
596 4
597 0
598 11
599 4
600 4
601 9
602 5
603 9
604 8
605 0
606 4
607 4
608 4
609 4
610 6
611 4
612 5
613 4
614 4
615 4
616 4
617 0
618 0
619 0
620 0
621 0
622 4
623 4
624 4
625 4
626 4
627 9
628 4
629 4
630 6
631 4
632 4
633 4
634 4
635 4
636 4
637 0
638 10
639 5
640 0
641 5
642 4
643 4
644 4
645 4
646 4
647 0
648 0
649 0
650 0
651 4
652 4
653 4
654 11
655 12
656 0
657 0
658 4
659 4
660 0
661 8
662 0
663 5
664 0
665 6
666 5
667 10
668 0
669 4
670 4
671 14
672 0
673 0
674 0
675 0
676 4
677 5
678 5
679 6
680 6
681 4
682 0
683 4
684 0
685 4
686 0
687 0
688 0
689 13
690 11
691 4
692 9
693 0
694 0
695 0
696 0
697 0
698 5
699 4
700 6
701 10
702 6
703 0
704 0
705 8
706 8
707 4
708 0
709 6
710 0
711 0
712 0
713 0
714 0
715 0
716 11
717 4
718 10
719 4
720 4
721 5
722 0
723 0
724 5
725 0
726 6
727 0
728 8
729 10
730 9
731 6
732 4
733 4
734 4
735 0
736 5
737 4
738 5
739 4
740 6
741 4
742 0
743 0
744 4
745 0
746 0
747 0
748 5
749 6
750 7
751 0
752 5
753 5
754 11
755 0
756 9
757 0
758 4
759 6
760 4
761 0
762 4
763 0
764 5
765 4
766 4
767 4
768 0
769 0
770 4
771 0
772 0
773 0
774 4
775 8
776 10
777 10
778 4
779 0
780 0
781 0
782 9
783 10
784 6
785 8
786 4
787 4
788 0
789 6
790 10
791 0
792 4
793 4
794 10
795 0
796 5
797 4
798 5
799 4
800 0
801 0
802 5
803 0
804 0
805 0
806 10
807 8
808 4
809 4
810 10
811 0
812 16
813 4
814 0
815 0
816 0
817 0
818 5
819 6
820 4
821 5
822 4
823 10
824 0
825 11
826 10
827 10
828 4
829 4
830 0
831 4
832 4
833 4
834 9
835 4
836 4
837 4
838 0
839 0
840 0
841 0
842 0
843 0
844 21
845 4
846 10
847 4
848 6
849 16
850 4
851 0
852 9
853 0
854 0
855 10
856 4
857 10
858 10
859 0
860 5
861 4
862 4
863 12
864 5
865 6
866 0
867 4
868 0
869 0
870 0
871 0
872 0
873 0
874 0
875 0
876 0
877 4
878 6
879 11
880 5
881 16
882 10
883 0
884 9
885 0
886 0
887 0
888 10
889 10
890 0
891 6
892 9
893 0
894 0
895 9
896 6
897 4
898 0
899 0
900 0
901 0
902 0
903 11
904 8
905 4
906 10
907 4
908 4
909 0
910 0
911 12
912 0
913 0
914 0
915 10
916 0
917 0
918 4
919 9
920 5
921 4
922 5
923 0
924 0
925 0
926 0
927 8
928 0
929 0
930 4
931 5
932 6
933 9
934 9
935 9
936 0
937 0
938 12
939 9
940 7
941 4
942 0
943 0
944 9
945 10
946 4
947 0
948 0
949 6
950 4
951 0
952 17
953 13
954 9
955 4
956 6
957 12
958 11
959 8
960 4
961 0
962 0
963 10
964 4
965 0
966 9
967 4
968 9
969 5
970 4
971 0
972 9
973 4
974 4
975 4
976 0
977 0
978 9
979 9
980 4
981 4
982 12
983 14
984 4
985 10
986 6
987 0
988 0
989 0
990 0
991 6
992 10
993 8
994 10
995 0
996 4
997 0
998 4
999 11
1000 15
1001 4
1002 6
1003 0
1004 0
1005 0
1006 0
1007 10
1008 5
1009 0
1010 4
1011 0
1012 0
1013 0
1014 0
1015 0
1016 12
1017 9
1018 0
1019 4
1020 8
1021 11
1022 10
1023 6
1024 9
1025 13
1026 11
1027 11
1028 4
1029 0
1030 0
1031 4
1032 0
1033 0
1034 10
1035 15
1036 4
1037 0
1038 4
1039 4
1040 4
1041 6
1042 0
1043 6
1044 0
1045 4
1046 4
1047 4
1048 10
1049 0
1050 0
1051 0
1052 0
1053 0
1054 0
1055 4
1056 9
1057 6
1058 5
1059 10
1060 4
1061 9
1062 0
1063 0
1064 0
1065 0
1066 0
1067 7
1068 0
1069 4
1070 4
1071 4
1072 4
1073 5
1074 4
1075 5
1076 0
1077 0
1078 4
1079 0
1080 11
1081 6
1082 13
1083 5
1084 4
1085 0
1086 0
1087 0
1088 0
1089 0
1090 4
1091 14
1092 5
1093 4
1094 4
1095 0
1096 4
1097 4
1098 13
1099 8
1100 0
1101 0
1102 0
1103 4
1104 0
1105 0
1106 6
1107 4
1108 4
1109 0
1110 4
1111 5
1112 0
1113 14
1114 12
1115 0
1116 0
1117 0
1118 0
1119 5
1120 10
1121 5
1122 0
1123 0
1124 0
1125 0
1126 4
1127 0
1128 4
1129 10
1130 0
1131 0
1132 0
1133 5
1134 4
1135 9
1136 0
1137 0
1138 0
1139 4
1140 8
1141 4
1142 10
1143 0
1144 0
1145 0
1146 0
1147 0
1148 0
1149 11
1150 9
1151 0
1152 4
1153 4
1154 4
1155 13
1156 9
1157 8
1158 0
1159 0
1160 0
1161 0
1162 4
1163 0
1164 0
1165 0
1166 12
1167 4
1168 4
1169 0
1170 6
1171 0
1172 0
1173 0
1174 0
1175 0
1176 10
1177 16
1178 0
1179 11
1180 0
1181 10
1182 4
1183 11
1184 4
1185 6
1186 8
1187 5
1188 0
1189 0
1190 0
1191 5
1192 5
1193 0
1194 0
1195 0
1196 0
1197 0
1198 4
1199 4
1200 4
1201 0
1202 0
1203 4
1204 0
1205 0
1206 9
1207 0
1208 11
1209 0
1210 5
1211 10
1212 10
1213 0
1214 13
1215 4
1216 8
1217 5
1218 4
1219 11
1220 9
1221 9
1222 10
1223 4
1224 5
1225 0
1226 5
1227 0
1228 5
1229 4
1230 4
1231 0
1232 4
1233 6
1234 4
1235 11
1236 5
1237 5
1238 10
1239 0
1240 4
1241 0
1242 0
1243 8
1244 0
1245 4
1246 0
1247 4
1248 4
1249 11
1250 0
1251 4
1252 9
1253 17
1254 9
1255 11
1256 4
1257 0
1258 4
1259 0
1260 4
1261 4
1262 4
1263 4
1264 5
1265 4
1266 4
1267 0
1268 0
1269 0
1270 0
1271 4
1272 6
1273 4
1274 9
1275 4
1276 0
1277 0
1278 5
1279 6
1280 0
1281 0
1282 0
1283 0
1284 0
1285 0
1286 6
1287 8
1288 4
1289 10
1290 16
1291 4
1292 9
1293 9
1294 13
1295 8
1296 5
1297 0
1298 13
1299 4
1300 4
1301 0
1302 0
1303 4
1304 4
1305 4
1306 3
1307 4
1308 4
1309 4
1310 0
1311 10
1312 0
1313 0
1314 0
1315 12
1316 4
1317 6
1318 4
1319 6
1320 4
1321 4
1322 5
1323 0
1324 0
1325 10
1326 0
1327 12
1328 0
1329 10
1330 9
1331 4
1332 10
1333 4
1334 0
1335 4
1336 10
1337 8
1338 10
1339 4
1340 4
1341 4
1342 11
1343 5
1344 8
1345 4
1346 4
1347 0
1348 0
1349 0
1350 5
1351 0
1352 0
1353 4
1354 0
1355 5
1356 4
1357 3
1358 4
1359 9
1360 0
1361 0
1362 0
1363 9
1364 5
1365 4
1366 12
1367 10
1368 12
1369 10
1370 5
1371 5
1372 0
1373 9
1374 0
1375 0
1376 0
1377 0
1378 4
1379 4
1380 10
1381 6
1382 5
1383 10
1384 8
1385 4
1386 9
1387 9
1388 14
1389 0
1390 5
1391 30
1392 8
1393 4
1394 0
1395 9
1396 4
1397 4
1398 0
1399 0
1400 6
1401 4
1402 4
1403 10
1404 4
1405 8
1406 8
1407 6
1408 9
1409 4
1410 4
1411 4
1412 5
1413 0
1414 4
1415 0
1416 10
1417 4
1418 4
1419 9
1420 10
1421 8
1422 10
1423 0
1424 0
1425 0
1426 0
1427 5
1428 8
1429 12
1430 4
1431 4
1432 10
1433 4
1434 4
1435 5
1436 11
1437 8
1438 0
1439 0
1440 7
1441 4
1442 4
1443 4
1444 4
1445 4
1446 4
1447 4
1448 4
1449 0
1450 0
1451 4
1452 11
1453 8
1454 4
1455 0
1456 4
1457 4
1458 0
1459 4
1460 5
1461 5
1462 0
1463 6
1464 0
1465 4
1466 8
1467 4
1468 0
1469 0
1470 0
1471 0
1472 0
1473 0
1474 0
1475 10
1476 9
1477 4
1478 14
1479 10
1480 5
1481 10
1482 13
1483 5
1484 9
1485 0
1486 8
1487 0
1488 9
1489 4
1490 4
1491 4
1492 4
1493 4
1494 4
1495 4
1496 4
1497 4
1498 4
1499 10
1500 4
1501 5
1502 6
1503 4
1504 4
1505 5
1506 4
1507 10
1508 5
1509 4
1510 4
1511 0
1512 0
1513 4
1514 4
1515 8
1516 10
1517 0
1518 0
1519 0
1520 0
1521 0
1522 0
1523 0
1524 4
1525 11
1526 10
1527 15
1528 10
1529 10
1530 8
1531 0
1532 11
1533 11
1534 0
1535 12
1536 4
1537 4
1538 4
1539 4
1540 0
1541 4
1542 0
1543 4
1544 4
1545 5
1546 6
1547 4
1548 4
1549 4
1550 6
1551 4
1552 6
1553 8
1554 6
1555 4
1556 11
1557 6
1558 4
1559 4
1560 4
1561 6
1562 4
1563 5
1564 0
1565 0
1566 9
1567 5
1568 12
1569 0
1570 0
1571 4
1572 10
1573 4
1574 4
1575 0
1576 4
1577 4
1578 4
1579 10
1580 5
1581 6
1582 4
1583 10
1584 8
1585 0
1586 0
1587 4
1588 4
1589 4
1590 5
1591 4
1592 4
1593 5
1594 4
1595 4
1596 4
1597 5
1598 9
1599 0
1600 12
1601 10
1602 5
1603 5
1604 4
1605 0
1606 0
1607 4
1608 0
1609 0
1610 0
1611 0
1612 10
1613 8
1614 4
1615 0
1616 4
1617 10
1618 10
1619 4
1620 10
1621 9
1622 13
1623 4
1624 4
1625 0
1626 8
1627 5
1628 4
1629 11
1630 4
1631 4
1632 4
1633 4
1634 4
1635 5
1636 4
1637 8
1638 4
1639 11
1640 4
1641 4
1642 0
1643 9
1644 0
1645 4
1646 4
1647 4
1648 4
1649 4
1650 10
1651 10
1652 4
1653 0
1654 10
1655 10
1656 8
1657 5
1658 4
1659 4
1660 4
1661 4
1662 4
1663 4
1664 5
1665 6
1666 4
1667 5
1668 10
1669 0
1670 6
1671 6
1672 0
1673 0
1674 0
1675 0
1676 0
1677 13
1678 4
1679 4
1680 5
1681 10
1682 10
1683 12
1684 4
1685 4
1686 6
1687 5
1688 7
1689 9
1690 15
1691 4
1692 4
1693 4
1694 4
1695 4
1696 4
1697 0
1698 0
1699 0
1700 0
1701 4
1702 0
1703 6
1704 0
1705 0
1706 0
1707 5
1708 0
1709 10
1710 10
1711 4
1712 10
1713 15
1714 14
1715 4
1716 4
1717 9
1718 17
1719 4
1720 0
1721 7
1722 0
1723 0
1724 4
1725 0
1726 4
1727 4
1728 4
1729 5
1730 0
1731 6
1732 0
1733 4
1734 10
1735 0
1736 6
1737 16
1738 10
1739 4
1740 4
1741 8
1742 10
1743 0
1744 6
1745 4
1746 5
1747 0
1748 0
1749 9
1750 4
1751 6
1752 4
1753 0
1754 0
1755 10
1756 3
1757 9
1758 7
1759 0
1760 0
1761 15
1762 4
1763 5
1764 9
1765 4
1766 4
1767 10
1768 11
1769 0
1770 0
1771 8
1772 4
1773 9
1774 9
1775 3
1776 10
1777 4
1778 10
1779 0
1780 0
1781 0
1782 4
1783 0
1784 10
1785 14
1786 0
1787 4
1788 9
1789 0
1790 4
1791 0
1792 5
1793 10
1794 0
1795 0
1796 0
1797 10
1798 4
1799 4
1800 4
1801 4
1802 4
1803 10
1804 4
1805 6
1806 4
1807 4
1808 6
1809 0
1810 8
1811 4
1812 3
1813 4
1814 5
1815 8
1816 5
1817 0
1818 10
1819 0
1820 4
1821 4
1822 4
1823 10
1824 10
1825 10
1826 0
1827 9
1828 10
1829 4
1830 0
1831 11
1832 4
1833 8
1834 4
1835 10
1836 4
1837 0
1838 4
1839 4
1840 13
1841 10
1842 4
1843 4
1844 10
1845 8
1846 10
1847 8
1848 9
1849 4
1850 4
1851 0
1852 0
1853 8
1854 4
1855 4
1856 4
1857 0
1858 4
1859 5
1860 5
1861 4
1862 4
1863 0
1864 6
1865 5
1866 8
1867 4
1868 4
1869 5
1870 0
1871 9
1872 10
1873 5
1874 4
1875 0
1876 0
1877 5
1878 4
1879 10
1880 0
1881 4
1882 4
1883 4
1884 4
1885 4
1886 0
1887 4
1888 0
1889 8
1890 4
1891 4
1892 4
1893 8
1894 8
1895 4
1896 4
1897 5
1898 4
1899 0
1900 11
1901 8
1902 0
1903 4
1904 4
1905 5
1906 5
1907 4
1908 4
1909 4
1910 4
1911 5
1912 4
1913 4
1914 4
1915 0
1916 0
1917 4
1918 4
1919 4
1920 4
1921 4
1922 0
1923 4
1924 4
1925 9
1926 0
1927 0
1928 0
1929 8
1930 9
1931 4
1932 5
1933 0
1934 4
1935 4
1936 14
1937 0
1938 0
1939 0
1940 5
1941 5
1942 4
1943 10
1944 0
1945 4
1946 4
1947 0
1948 4
1949 0
1950 0
1951 10
1952 4
1953 8
1954 4
1955 8
1956 8
1957 4
1958 8
1959 8
1960 4
1961 0
1962 0
1963 4
1964 4
1965 4
1966 8
1967 5
1968 4
1969 4
1970 4
1971 4
1972 4
1973 0
1974 4
1975 4
1976 9
1977 0
1978 0
1979 0
1980 9
1981 4
1982 4
1983 0
1984 4
1985 4
1986 4
1987 0
1988 0
1989 4
1990 9
1991 11
1992 10
1993 4
1994 4
1995 4
1996 4
1997 4
1998 4
1999 4
2000 4
2001 0
2002 0
2003 4
2004 5
2005 4
2006 8
2007 8
2008 4
2009 4
2010 4
2011 10
2012 0
2013 0
2014 8
2015 9
2016 4
2017 5
2018 0
2019 4
2020 4
2021 4
2022 4
2023 4
2024 4
2025 0
2026 3
2027 4
2028 4
2029 4
2030 5
2031 4
2032 9
2033 8
2034 9
2035 9
2036 4
2037 4
2038 4
2039 9
2040 5
2041 5
2042 6
2043 10
2044 4
2045 4
2046 4
2047 4
2048 4
2049 5
2050 4
2051 4
2052 0
2053 0
2054 4
2055 4
2056 5
2057 10
2058 8
2059 10
2060 9
2061 8
2062 11
2063 4
2064 5
2065 0
2066 8
2067 4
2068 0
2069 4
2070 0
2071 4
2072 4
2073 4
2074 4
2075 4
2076 4
2077 4
2078 0
2079 0
2080 4
2081 5
2082 5
2083 4
2084 5
2085 0
2086 4
2087 10
2088 8
2089 4
2090 4
2091 4
2092 9
2093 8
2094 4
2095 4
2096 4
2097 4
2098 6
2099 4
2100 4
2101 4
2102 0
2103 4
2104 4
2105 4
2106 0
2107 0
2108 5
2109 0
2110 10
2111 4
2112 8
2113 4
2114 9
2115 5
2116 10
2117 5
2118 4
2119 4
2120 10
2121 5
2122 0
2123 0
2124 4
2125 4
2126 4
2127 4
2128 8
2129 4
2130 4
2131 6
2132 4
2133 8
2134 0
2135 0
2136 0
2137 10
2138 4
2139 8
2140 0
2141 0
2142 0
2143 0
2144 4
2145 5
2146 4
2147 4
2148 6
2149 4
2150 4
2151 5
2152 4
2153 5
2154 8
2155 4
2156 0
2157 0
2158 0
2159 4
2160 6
2161 5
2162 0
2163 0
2164 0
2165 4
2166 4
2167 4
2168 4
2169 4
2170 4
2171 0
2172 4
2173 9
2174 0
2175 4
2176 0
2177 8
2178 0
2179 4
2180 4
2181 4
2182 4
2183 4
2184 0
2185 0
2186 0
2187 5
2188 4
2189 4
2190 4
2191 5
2192 8
2193 4
2194 4
2195 0
2196 0
2197 0
2198 0
2199 9
2200 4
2201 4
2202 4
2203 4
2204 0
2205 4
2206 4
2207 4
2208 0
2209 10
2210 4
2211 10
2212 9
2213 4
2214 4
2215 9
2216 0
2217 0
2218 0
2219 4
2220 4
2221 0
2222 0
2223 5
2224 10
2225 0
2226 0
2227 4
2228 11
2229 4
2230 11
2231 0
2232 11
2233 5
2234 0
2235 0
2236 0
2237 5
2238 0
2239 0
2240 0
2241 0
2242 0
2243 4
2244 4
2245 0
2246 0
2247 11
2248 8
2249 10
2250 8
2251 10
2252 0
2253 4
2254 11
2255 11
2256 11
2257 22
2258 0
2259 0
2260 4
2261 4
2262 0
2263 0
2264 0
2265 6
2266 4
2267 4
2268 4
2269 5
2270 10
2271 8
2272 0
2273 0
2274 4
2275 9
2276 11
2277 10
2278 9
2279 0
2280 0
2281 4
2282 4
2283 3
2284 0
2285 0
2286 4
2287 4
2288 4
2289 4
2290 9
2291 9
2292 0
2293 0
2294 4
2295 4
2296 4
2297 11
2298 9
2299 0
2300 8
2301 4
2302 11
2303 0
2304 10
2305 0
2306 0
2307 10
2308 4
2309 4
2310 5
2311 9
2312 9
2313 9
2314 5
2315 9
2316 4
2317 9
2318 0
2319 0
2320 10
2321 4
2322 4
2323 0
2324 0
2325 0
2326 4
2327 4
2328 4
2329 0
2330 5
2331 0
2332 4
2333 10
2334 10
2335 9
2336 4
2337 0
2338 9
2339 9
2340 4
2341 4
2342 0
2343 0
2344 4
2345 4
2346 4
2347 4
2348 0
2349 4
2350 4
2351 12
2352 11
2353 4
2354 10
2355 0
2356 4
2357 4
2358 0
2359 0
2360 0
2361 0
2362 0
2363 4
2364 4
2365 4
2366 4
2367 9
2368 4
2369 4
2370 9
2371 9
2372 9
2373 9
2374 0
2375 11
2376 11
2377 0
2378 0
2379 0
2380 0
2381 0
2382 11
2383 4
2384 4
2385 4
2386 11
2387 10
2388 16
2389 4
2390 4
2391 11
2392 0
2393 6
2394 10
2395 5
2396 4
2397 0
2398 4
2399 0
2400 0
2401 4
2402 4
2403 22
2404 2
2405 4
2406 16
2407 4
2408 5
2409 4
2410 4
2411 10
2412 4
2413 10
2414 0
2415 0
2416 0
2417 8
2418 0
2419 4
2420 4
2421 4
2422 15
2423 9
2424 4
2425 10
2426 4
2427 4
2428 9
2429 4
2430 0
2431 4
2432 10
2433 0
2434 4
2435 4
2436 4
2437 3
2438 4
2439 0
2440 5
2441 4
2442 4
2443 4
2444 10
2445 4
2446 0
2447 0
2448 0
2449 5
2450 0
2451 4
2452 0
2453 0
2454 11
2455 11
2456 4
2457 9
2458 0
2459 4
2460 0
2461 0
2462 0
2463 0
2464 4
2465 9
2466 4
2467 0
2468 4
2469 8
2470 10
2471 3
2472 8
2473 0
2474 0
2475 0
2476 0
2477 0
2478 4
2479 0
2480 4
2481 10
2482 0
2483 4
2484 4
2485 4
2486 4
2487 9
2488 0
2489 0
2490 0
2491 0
2492 0
2493 0
2494 4
2495 4
2496 4
2497 4
2498 0
2499 4
2500 4
2501 4
2502 4
2503 10
2504 0
2505 0
2506 0
2507 0
2508 0
2509 4
2510 0
2511 3
2512 0
2513 4
2514 0
2515 0
2516 0
2517 0
2518 0
2519 0
2520 0
2521 0
2522 0
2523 5
2524 0
2525 0
2526 8
2527 0
2528 0
2529 0
2530 0
2531 0
2532 0
2533 0
2534 10
2535 16
2536 0
2537 5
2538 4
2539 0
2540 0
2541 0
2542 9
2543 4
2544 4
2545 6
2546 0
2547 0
2548 8
2549 0
2550 0
2551 0
2552 8
2553 4
2554 4
2555 0
2556 0
2557 0
2558 0
2559 0
2560 4
2561 4
2562 0
2563 4
2564 0
2565 0
2566 8
2567 0
2568 0
2569 0
2570 0
2571 0
2572 0
2573 13
2574 0
2575 8
2576 0
2577 0
2578 0
2579 0
2580 0
