0 750
1 14
2 75
3 31
4 234
5 454
6 23
7 29
8 14
9 38
10 180
11 632
12 101
13 416
14 1099
15 428
16 777
17 151
18 82
19 1860
20 17
21 252
22 137
23 1223
24 8
25 446
26 41
27 51
28 38
29 133
30 25
31 74
32 15
33 403
34 69
35 698
36 62
37 187
38 106
39 136
40 247
41 65
42 87
43 74
44 925
45 19
46 66
47 38
48 76
49 795
50 421
51 111
52 729
53 748
54 693
55 65
56 147
57 500
58 764
59 70
60 173
61 909
62 720
63 89
64 123
65 1810
66 202
67 640
68 339
69 31
70 144
71 146
72 47
73 28
74 709
75 1203
76 60
77 564
78 1249
79 1219
80 127
81 31
82 499
83 262
84 90
85 35
86 527
87 1797
88 1549
89 55
90 45
91 49
92 90
93 538
94 155
95 8
96 145
97 825
98 207
99 959
100 23
101 82
102 605
103 689
104 143
105 289
106 933
107 282
108 813
109 750
110 55
111 310
112 415
113 155
114 566
115 275
116 874
117 143
118 92
119 441
120 19
121 366
122 1547
123 435
124 154
125 43
126 121
127 151
128 211
129 379
130 174
131 407
132 105
133 7
134 68
135 1338
136 680
137 3104
138 221
139 222
140 1156
141 1004
142 179
143 178
144 22
145 60
146 804
147 199
148 1074
149 667
150 282
151 0
152 17
153 316
154 241
155 403
156 165
157 295
158 2806
159 406
160 186
161 211
162 20
163 480
164 467
165 665
166 952
167 533
168 289
169 201
170 1284
171 736
172 285
173 202
174 1102
175 2115
176 1373
177 182
178 385
179 19
180 1338
181 114
182 3134
183 1572
184 644
185 499
186 2447
187 2218
188 1152
189 151
190 239
191 14
192 22
193 60
194 34
195 17
196 1188
197 693
198 103
199 987
200 762
201 685
202 256
203 1213
204 759
205 1710
206 2650
207 619
208 380
209 25
210 1897
211 56
212 245
213 600
214 5
215 1428
216 92
217 355
218 461
219 2106
220 477
221 1638
222 1596
223 1444
224 2470
225 1359
226 1209
227 209
228 21
229 249
230 59
231 29
232 1
233 146
234 1
235 218
236 3
237 24
238 719
239 2917
240 110
241 2845
242 1686
243 264
244 1793
245 415
246 741
247 35
248 473
249 321
250 257
251 75
252 167
253 4
254 69
255 298
256 4286
257 1402
258 260
259 39
260 5
261 7
262 100
263 736
264 119
265 293
266 88
267 267
268 115
269 17
270 477
271 995
272 288
273 3
274 129
275 111
276 129
277 73
278 217
279 769
280 100
281 28
282 379
283 2771
284 76
285 87
286 295
287 236
288 287
289 165
290 2336
291 549
292 3259
293 1128
294 46
295 626
296 906
297 354
298 441
299 225
300 576
301 464
302 682
303 571
304 2855
305 899
306 641
307 1440
308 13
309 776
310 563
311 798
312 1068
313 160
314 179
315 1024
316 901
317 1139
318 2374
319 98
320 379
321 499
322 134
323 224
324 15
325 58
326 216
327 101
328 44
329 19
330 109
331 620
332 182
333 1282
334 1579
335 1446
336 155
337 592
338 2059
339 1216
340 20
341 68
342 97
343 29
344 120
345 56
346 404
347 81
348 1149
349 379
350 558
351 2383
352 399
353 84
354 12
355 40
356 40
357 621
358 16
359 708
360 755
361 1921
362 2598
363 84
364 4
365 18
366 216
367 380
368 844
369 984
370 367
371 239
372 234
373 367
374 187
375 241
376 552
377 32
378 138
379 605
380 634
381 22
382 577
383 40
384 517
385 839
386 13
387 28
388 735
389 996
390 1565
391 1055
392 1734
393 53
394 966
395 419
396 1836
397 603
398 7
399 1197
400 77
401 547
402 291
403 322
404 902
405 715
406 1648
407 1262
408 363
409 38
410 145
411 312
412 562
413 2379
414 1490
415 96
416 279
417 547
418 94
419 394
420 190
421 96
422 1000
423 948
424 1299
425 582
426 451
427 189
428 809
429 48
430 1889
431 115
432 170
433 323
434 48
435 115
436 1577
437 2323
438 3028
439 1137
440 1760
441 1478
442 675
443 2457
444 414
445 366
446 280
447 70
448 1203
449 424
450 901
451 524
452 862
453 1526
454 1682
455 270
456 1031
457 2147
458 1345
459 12
460 66
461 1572
462 1214
463 732
464 787
465 590
466 119
467 1245
468 772
469 1669
470 2033
471 2139
472 1383
473 798
474 1512
475 533
476 105
477 183
478 75
479 289
480 183
481 314
482 451
483 89
484 1167
485 384
486 655
487 948
488 381
489 1682
490 469
491 326
492 1712
493 3162
494 291
495 694
496 395
497 196
498 1810
499 574
500 563
501 531
502 442
503 197
504 74
505 589
506 962
507 140
508 111
509 2660
510 231
511 347
512 1216
513 2040
514 802
515 1259
516 648
517 484
518 30
519 466
520 2152
521 1789
522 76
523 339
524 406
525 52
526 35
527 182
528 734
529 193
530 132
531 225
532 1555
533 1447
534 177
535 1214
536 1284
537 204
538 196
539 1006
540 162
541 321
542 142
543 1184
544 1246
545 70
546 688
547 9
548 981
549 55
550 471
551 124
552 1312
553 1310
554 1918
555 1752
556 340
557 192
558 482
559 913
560 269
561 717
562 287
563 39
564 29
565 28
566 2
567 236
568 104
569 42
570 205
571 894
572 572
573 376
574 135
575 982
576 297
577 478
578 536
579 343
580 130
581 45
582 95
583 479
584 809
585 708
586 569
587 200
588 1171
589 2463
590 72
591 53
592 531
593 64
594 91
595 249
596 207
597 131
598 1397
599 1948
600 1319
601 2886
602 584
603 467
604 322
605 204
606 653
607 650
608 1218
609 360
610 890
611 463
612 1397
613 879
614 2101
615 1431
616 1301
617 37
618 120
619 72
620 223
621 34
622 437
623 228
624 279
625 1698
626 800
627 2134
628 1362
629 1092
630 1758
631 243
632 447
633 335
634 523
635 309
636 798
637 52
638 404
639 923
640 124
641 791
642 717
643 1923
644 391
645 1484
646 818
647 112
648 117
649 14
650 7
651 544
652 755
653 394
654 364
655 450
656 303
657 126
658 1500
659 1079
660 101
661 727
662 95
663 1025
664 199
665 108
666 846
667 654
668 60
669 379
670 606
671 1418
672 174
673 110
674 208
675 57
676 1068
677 1391
678 1007
679 590
680 1604
681 1353
682 74
683 326
684 218
685 632
686 163
687 24
688 33
689 374
690 1611
691 993
692 605
693 27
694 177
695 235
696 245
697 166
698 129
699 576
700 347
701 414
702 698
703 68
704 199
705 1215
706 1802
707 763
708 71
709 829
710 59
711 10
712 143
713 118
714 3
715 122
716 624
717 2479
718 1135
719 933
720 2323
721 505
722 271
723 32
724 378
725 241
726 548
727 368
728 359
729 892
730 532
731 1216
732 205
733 514
734 654
735 267
736 838
737 610
738 1504
739 1618
740 605
741 388
742 38
743 276
744 1163
745 46
746 21
747 11
748 967
749 411
750 2647
751 106
752 1178
753 307
754 914
755 81
756 441
757 205
758 379
759 1499
760 720
761 233
762 642
763 239
764 1856
765 578
766 600
767 526
768 28
769 293
770 1835
771 260
772 122
773 0
774 435
775 746
776 419
777 439
778 432
779 57
780 18
781 137
782 450
783 231
784 637
785 303
786 1103
787 733
788 151
789 1539
790 189
791 205
792 400
793 899
794 835
795 0
796 844
797 1085
798 535
799 282
800 147
801 8
802 281
803 21
804 62
805 49
806 1741
807 725
808 414
809 1207
810 676
811 174
812 541
813 575
814 154
815 58
816 1
817 2
818 310
819 1318
820 1396
821 1411
822 598
823 820
824 168
825 575
826 240
827 1120
828 706
829 378
830 311
831 521
832 717
833 869
834 879
835 411
836 608
837 265
838 244
839 104
840 19
841 130
842 104
843 1
844 371
845 632
846 646
847 1090
848 686
849 190
850 910
851 34
852 814
853 181
854 75
855 565
856 198
857 1088
858 1002
859 171
860 204
861 448
862 920
863 259
864 374
865 564
866 161
867 513
868 142
869 127
870 255
871 90
872 30
873 97
874 4
875 16
876 141
877 1652
878 637
879 495
880 2160
881 1417
882 210
883 163
884 787
885 91
886 165
887 135
888 479
889 2493
890 229
891 220
892 563
893 254
894 226
895 459
896 263
897 559
898 178
899 103
900 1
901 23
902 211
903 2747
904 1252
905 256
906 1190
907 1609
908 1221
909 51
910 122
911 885
912 35
913 63
914 358
915 1067
916 73
917 416
918 1029
919 287
920 996
921 1296
922 430
923 90
924 232
925 61
926 189
927 488
928 2
929 47
930 661
931 2006
932 685
933 2067
934 941
935 1518
936 258
937 170
938 883
939 345
940 1339
941 524
942 5
943 101
944 1121
945 1449
946 494
947 39
948 15
949 969
950 671
951 71
952 543
953 1213
954 520
955 2070
956 2254
957 460
958 288
959 767
960 424
961 68
962 251
963 728
964 840
965 190
966 622
967 494
968 598
969 1501
970 590
971 31
972 526
973 1208
974 384
975 667
976 133
977 82
978 2707
979 410
980 2324
981 2488
982 482
983 247
984 1539
985 1281
986 370
987 113
988 5
989 26
990 77
991 216
992 293
993 1850
994 952
995 266
996 525
997 161
998 277
999 535
1000 236
1001 645
1002 1118
1003 20
1004 10
1005 33
1006 15
1007 1009
1008 1850
1009 8
1010 294
1011 157
1012 86
1013 2
1014 13
1015 33
1016 498
1017 1441
1018 143
1019 1177
1020 1011
1021 1678
1022 1072
1023 431
1024 602
1025 206
1026 805
1027 2073
1028 423
1029 144
1030 160
1031 1067
1032 43
1033 85
1034 328
1035 619
1036 324
1037 162
1038 1652
1039 995
1040 1458
1041 841
1042 61
1043 526
1044 216
1045 361
1046 724
1047 555
1048 748
1049 118
1050 143
1051 15
1052 30
1053 38
1054 79
1055 266
1056 366
1057 582
1058 920
1059 1489
1060 1467
1061 341
1062 5
1063 91
1064 0
1065 118
1066 87
1067 401
1068 136
1069 359
1070 361
1071 192
1072 1350
1073 496
1074 1023
1075 118
1076 155
1077 16
1078 622
1079 100
1080 1144
1081 672
1082 253
1083 508
1084 438
1085 174
1086 19
1087 97
1088 28
1089 46
1090 1110
1091 1733
1092 1335
1093 1878
1094 885
1095 153
1096 334
1097 120
1098 387
1099 2051
1100 66
1101 146
1102 158
1103 336
1104 104
1105 186
1106 2033
1107 1968
1108 376
1109 35
1110 3872
1111 995
1112 120
1113 712
1114 1302
1115 126
1116 30
1117 186
1118 183
1119 1430
1120 1327
1121 1157
1122 168
1123 70
1124 333
1125 60
1126 382
1127 17
1128 485
1129 772
1130 40
1131 34
1132 10
1133 589
1134 361
1135 216
1136 4
1137 5
1138 18
1139 960
1140 4102
1141 2399
1142 930
1143 33
1144 121
1145 11
1146 264
1147 9
1148 71
1149 1500
1150 2388
1151 224
1152 258
1153 338
1154 591
1155 1961
1156 1291
1157 923
1158 253
1159 119
1160 265
1161 100
1162 489
1163 6
1164 50
1165 16
1166 401
1167 575
1168 1353
1169 209
1170 1351
1171 22
1172 21
1173 231
1174 64
1175 93
1176 918
1177 1966
1178 276
1179 1582
1180 149
1181 1106
1182 798
1183 1495
1184 565
1185 1237
1186 697
1187 491
1188 89
1189 32
1190 31
1191 634
1192 628
1193 41
1194 165
1195 59
1196 178
1197 50
1198 541
1199 534
1200 294
1201 50
1202 25
1203 1603
1204 136
1205 68
1206 275
1207 62
1208 442
1209 270
1210 1135
1211 999
1212 2413
1213 191
1214 639
1215 1309
1216 574
1217 2400
1218 1167
1219 235
1220 775
1221 446
1222 185
1223 572
1224 488
1225 156
1226 369
1227 122
1228 584
1229 1052
1230 386
1231 59
1232 319
1233 606
1234 731
1235 2141
1236 431
1237 515
1238 781
1239 30
1240 298
1241 9
1242 86
1243 850
1244 36
1245 410
1246 260
1247 795
1248 1820
1249 2720
1250 173
1251 1135
1252 1848
1253 2420
1254 3898
1255 583
1256 466
1257 175
1258 1112
1259 133
1260 432
1261 157
1262 436
1263 502
1264 1307
1265 986
1266 623
1267 189
1268 53
1269 58
1270 101
1271 271
1272 501
1273 511
1274 3304
1275 1506
1276 137
1277 289
1278 304
1279 393
1280 42
1281 62
1282 41
1283 34
1284 22
1285 14
1286 870
1287 1722
1288 533
1289 1452
1290 1257
1291 1285
1292 609
1293 728
1294 9959
1295 3507
1296 396
1297 100
1298 455
1299 1179
1300 207
1301 13
1302 316
1303 606
1304 1858
1305 391
1306 239
1307 1127
1308 842
1309 777
1310 179
1311 619
1312 18
1313 19
1314 33
1315 1654
1316 1446
1317 1531
1318 1944
1319 1780
1320 1745
1321 3218
1322 1809
1323 262
1324 217
1325 509
1326 119
1327 201
1328 12
1329 380
1330 187
1331 511
1332 2050
1333 546
1334 165
1335 474
1336 410
1337 1309
1338 993
1339 3522
1340 4626
1341 729
1342 290
1343 1184
1344 1443
1345 316
1346 230
1347 179
1348 129
1349 368
1350 1811
1351 159
1352 69
1353 1672
1354 201
1355 883
1356 806
1357 235
1358 295
1359 943
1360 143
1361 19
1362 28
1363 693
1364 2454
1365 2887
1366 593
1367 839
1368 848
1369 1897
1370 1362
1371 1352
1372 14
1373 183
1374 23
1375 28
1376 94
1377 160
1378 458
1379 1890
1380 2051
1381 265
1382 323
1383 390
1384 889
1385 441
1386 1275
1387 3509
1388 1069
1389 177
1390 1198
1391 1030
1392 239
1393 279
1394 155
1395 595
1396 589
1397 461
1398 13
1399 182
1400 1270
1401 830
1402 691
1403 891
1404 745
1405 321
1406 357
1407 1021
1408 988
1409 1112
1410 944
1411 383
1412 352
1413 3
1414 206
1415 114
1416 857
1417 1192
1418 806
1419 1976
1420 914
1421 2371
1422 617
1423 48
1424 230
1425 49
1426 216
1427 914
1428 2604
1429 3576
1430 2147
1431 2918
1432 2075
1433 873
1434 1038
1435 1317
1436 926
1437 2135
1438 52
1439 15
1440 601
1441 581
1442 3358
1443 566
1444 594
1445 1303
1446 1822
1447 413
1448 557
1449 308
1450 260
1451 2155
1452 417
1453 1298
1454 759
1455 126
1456 576
1457 2276
1458 80
1459 2237
1460 686
1461 364
1462 212
1463 407
1464 25
1465 378
1466 642
1467 563
1468 172
1469 160
1470 64
1471 12
1472 127
1473 143
1474 123
1475 711
1476 3241
1477 5937
1478 2316
1479 1814
1480 2435
1481 2041
1482 431
1483 1471
1484 1059
1485 22
1486 333
1487 124
1488 1033
1489 850
1490 3811
1491 966
1492 510
1493 994
1494 1094
1495 281
1496 1723
1497 2170
1498 280
1499 759
1500 1351
1501 387
1502 582
1503 245
1504 948
1505 1706
1506 272
1507 610
1508 1537
1509 339
1510 594
1511 88
1512 137
1513 323
1514 2288
1515 770
1516 438
1517 78
1518 6
1519 2
1520 33
1521 81
1522 115
1523 103
1524 936
1525 3333
1526 2355
1527 6674
1528 4908
1529 3334
1530 1198
1531 55
1532 531
1533 1877
1534 161
1535 1033
1536 632
1537 668
1538 1195
1539 777
1540 71
1541 938
1542 227
1543 654
1544 3641
1545 2070
1546 2410
1547 1106
1548 360
1549 827
1550 1631
1551 424
1552 382
1553 694
1554 381
1555 440
1556 2006
1557 3706
1558 389
1559 420
1560 749
1561 2319
1562 1503
1563 1339
1564 42
1565 109
1566 628
1567 638
1568 1775
1569 37
1570 84
1571 350
1572 4861
1573 9511
1574 3237
1575 325
1576 3182
1577 1451
1578 981
1579 2184
1580 2657
1581 984
1582 1245
1583 970
1584 648
1585 176
1586 38
1587 525
1588 1626
1589 182
1590 3227
1591 1115
1592 796
1593 782
1594 847
1595 2577
1596 1794
1597 262
1598 95
1599 269
1600 2376
1601 784
1602 2325
1603 306
1604 210
1605 30
1606 122
1607 369
1608 13
1609 27
1610 40
1611 15
1612 720
1613 853
1614 487
1615 87
1616 1125
1617 4086
1618 3237
1619 5823
1620 2656
1621 4242
1622 3536
1623 1345
1624 945
1625 162
1626 2783
1627 1491
1628 676
1629 1579
1630 945
1631 784
1632 951
1633 759
1634 1270
1635 434
1636 410
1637 683
1638 743
1639 856
1640 1478
1641 350
1642 38
1643 100
1644 134
1645 2657
1646 4645
1647 901
1648 1661
1649 778
1650 513
1651 1652
1652 4066
1653 158
1654 601
1655 1800
1656 1930
1657 533
1658 828
1659 1242
1660 612
1661 835
1662 827
1663 228
1664 881
1665 1358
1666 949
1667 2162
1668 1943
1669 44
1670 429
1671 475
1672 16
1673 121
1674 33
1675 66
1676 54
1677 4702
1678 3098
1679 2495
1680 2711
1681 968
1682 1485
1683 1486
1684 831
1685 1847
1686 1176
1687 472
1688 701
1689 1017
1690 439
1691 1096
1692 282
1693 682
1694 1079
1695 99
1696 503
1697 129
1698 256
1699 332
1700 150
1701 2270
1702 257
1703 733
1704 10
1705 35
1706 185
1707 592
1708 45
1709 827
1710 4349
1711 1323
1712 827
1713 654
1714 671
1715 1894
1716 1283
1717 966
1718 299
1719 575
1720 97
1721 685
1722 182
1723 161
1724 297
1725 207
1726 632
1727 440
1728 1580
1729 1294
1730 100
1731 195
1732 70
1733 576
1734 268
1735 60
1736 428
1737 947
1738 1693
1739 1583
1740 1046
1741 373
1742 1363
1743 166
1744 669
1745 1108
1746 528
1747 39
1748 128
1749 213
1750 390
1751 1013
1752 1490
1753 159
1754 93
1755 493
1756 298
1757 382
1758 602
1759 43
1760 38
1761 1558
1762 466
1763 709
1764 757
1765 782
1766 457
1767 1641
1768 904
1769 32
1770 183
1771 432
1772 823
1773 1480
1774 687
1775 543
1776 578
1777 792
1778 1458
1779 39
1780 238
1781 13
1782 846
1783 76
1784 293
1785 428
1786 62
1787 1063
1788 569
1789 245
1790 759
1791 48
1792 1089
1793 483
1794 99
1795 5
1796 239
1797 1877
1798 1720
1799 3395
1800 2729
1801 806
1802 1019
1803 287
1804 614
1805 2609
1806 2552
1807 600
1808 726
1809 38
1810 884
1811 436
1812 330
1813 376
1814 278
1815 346
1816 214
1817 50
1818 413
1819 129
1820 799
1821 531
1822 404
1823 520
1824 1932
1825 649
1826 201
1827 641
1828 870
1829 1491
1830 116
1831 1180
1832 314
1833 1182
1834 225
1835 1530
1836 629
1837 153
1838 569
1839 275
1840 451
1841 428
1842 191
1843 626
1844 1949
1845 1402
1846 425
1847 535
1848 1271
1849 2076
1850 265
1851 155
1852 254
1853 879
1854 354
1855 1034
1856 617
1857 219
1858 1638
1859 1977
1860 545
1861 1278
1862 1323
1863 69
1864 538
1865 200
1866 604
1867 5101
1868 1190
1869 621
1870 171
1871 680
1872 2318
1873 1203
1874 372
1875 153
1876 172
1877 553
1878 646
1879 475
1880 53
1881 1195
1882 1905
1883 2340
1884 1255
1885 526
1886 218
1887 226
1888 44
1889 1026
1890 1145
1891 365
1892 725
1893 783
1894 3250
1895 3312
1896 1411
1897 364
1898 342
1899 276
1900 1497
1901 977
1902 185
1903 2083
1904 698
1905 994
1906 703
1907 1007
1908 543
1909 641
1910 639
1911 879
1912 1740
1913 845
1914 187
1915 70
1916 121
1917 1041
1918 485
1919 1128
1920 445
1921 847
1922 206
1923 924
1924 881
1925 962
1926 174
1927 185
1928 213
1929 254
1930 508
1931 841
1932 320
1933 123
1934 409
1935 979
1936 1204
1937 180
1938 149
1939 295
1940 1135
1941 947
1942 2463
1943 2001
1944 320
1945 374
1946 445
1947 81
1948 470
1949 381
1950 357
1951 1187
1952 714
1953 1225
1954 645
1955 1841
1956 285
1957 674
1958 954
1959 548
1960 379
1961 133
1962 26
1963 193
1964 2038
1965 2151
1966 212
1967 1133
1968 1954
1969 888
1970 455
1971 838
1972 1812
1973 239
1974 480
1975 1099
1976 462
1977 8
1978 105
1979 88
1980 1037
1981 1895
1982 821
1983 199
1984 370
1985 1755
1986 787
1987 88
1988 136
1989 1254
1990 652
1991 849
1992 685
1993 335
1994 768
1995 1734
1996 2724
1997 985
1998 485
1999 1152
2000 1108
2001 53
2002 208
2003 601
2004 1681
2005 857
2006 437
2007 655
2008 460
2009 709
2010 800
2011 1007
2012 209
2013 188
2014 1143
2015 916
2016 1683
2017 2157
2018 187
2019 1527
2020 540
2021 456
2022 341
2023 1591
2024 2456
2025 72
2026 586
2027 536
2028 574
2029 312
2030 992
2031 1409
2032 932
2033 313
2034 919
2035 1376
2036 2003
2037 721
2038 608
2039 482
2040 329
2041 259
2042 392
2043 1400
2044 297
2045 607
2046 537
2047 570
2048 1657
2049 1981
2050 1290
2051 1286
2052 123
2053 154
2054 854
2055 2749
2056 426
2057 548
2058 538
2059 608
2060 563
2061 1201
2062 859
2063 726
2064 196
2065 146
2066 1286
2067 885
2068 54
2069 1372
2070 357
2071 725
2072 1626
2073 1406
2074 694
2075 1028
2076 1545
2077 388
2078 32
2079 191
2080 953
2081 1835
2082 1225
2083 943
2084 598
2085 442
2086 1114
2087 811
2088 1220
2089 1009
2090 729
2091 498
2092 412
2093 483
2094 794
2095 2670
2096 761
2097 2970
2098 1450
2099 815
2100 372
2101 197
2102 51
2103 2068
2104 1932
2105 861
2106 34
2107 44
2108 323
2109 248
2110 1475
2111 992
2112 1546
2113 828
2114 588
2115 1002
2116 649
2117 578
2118 1830
2119 1850
2120 341
2121 385
2122 124
2123 150
2124 1611
2125 196
2126 981
2127 1010
2128 1478
2129 492
2130 700
2131 1699
2132 2026
2133 257
2134 13
2135 199
2136 53
2137 1038
2138 2053
2139 521
2140 180
2141 26
2142 36
2143 47
2144 1349
2145 1478
2146 561
2147 278
2148 2030
2149 885
2150 2217
2151 322
2152 1339
2153 1673
2154 1302
2155 413
2156 91
2157 150
2158 102
2159 634
2160 1758
2161 1769
2162 9
2163 72
2164 331
2165 1404
2166 713
2167 552
2168 342
2169 868
2170 310
2171 141
2172 1123
2173 735
2174 56
2175 477
2176 43
2177 849
2178 165
2179 360
2180 189
2181 473
2182 346
2183 599
2184 200
2185 4
2186 27
2187 1014
2188 468
2189 376
2190 1196
2191 940
2192 360
2193 1351
2194 217
2195 71
2196 25
2197 210
2198 114
2199 634
2200 393
2201 704
2202 932
2203 1358
2204 247
2205 1369
2206 1359
2207 370
2208 55
2209 613
2210 536
2211 1112
2212 2098
2213 1751
2214 298
2215 424
2216 78
2217 163
2218 90
2219 194
2220 737
2221 28
2222 39
2223 381
2224 903
2225 200
2226 149
2227 1394
2228 1121
2229 1030
2230 1206
2231 129
2232 468
2233 652
2234 38
2235 177
2236 69
2237 463
2238 165
2239 29
2240 8
2241 106
2242 59
2243 1571
2244 765
2245 148
2246 292
2247 1196
2248 2128
2249 311
2250 1666
2251 760
2252 223
2253 573
2254 1780
2255 833
2256 1161
2257 315
2258 62
2259 193
2260 1240
2261 201
2262 105
2263 42
2264 44
2265 429
2266 2148
2267 1614
2268 1451
2269 2025
2270 1978
2271 1118
2272 51
2273 232
2274 2350
2275 1700
2276 822
2277 1805
2278 500
2279 137
2280 97
2281 1457
2282 2005
2283 223
2284 0
2285 178
2286 1109
2287 256
2288 388
2289 408
2290 1675
2291 2393
2292 218
2293 42
2294 1851
2295 1539
2296 405
2297 811
2298 499
2299 59
2300 783
2301 1253
2302 628
2303 27
2304 357
2305 91
2306 240
2307 631
2308 1817
2309 591
2310 558
2311 563
2312 428
2313 402
2314 849
2315 445
2316 2107
2317 685
2318 16
2319 269
2320 1514
2321 930
2322 768
2323 0
2324 14
2325 207
2326 1776
2327 2933
2328 568
2329 125
2330 194
2331 83
2332 373
2333 367
2334 2797
2335 3499
2336 420
2337 89
2338 410
2339 938
2340 815
2341 245
2342 13
2343 2
2344 647
2345 1272
2346 667
2347 1042
2348 157
2349 576
2350 819
2351 1351
2352 1175
2353 1872
2354 1050
2355 258
2356 814
2357 303
2358 113
2359 7
2360 44
2361 22
2362 36
2363 1771
2364 1551
2365 202
2366 1312
2367 1014
2368 280
2369 703
2370 1201
2371 812
2372 687
2373 429
2374 51
2375 874
2376 1302
2377 34
2378 19
2379 176
2380 275
2381 70
2382 1618
2383 873
2384 603
2385 2173
2386 602
2387 1545
2388 2636
2389 1526
2390 1031
2391 1883
2392 266
2393 239
2394 1678
2395 585
2396 207
2397 47
2398 1464
2399 45
2400 160
2401 926
2402 3599
2403 268
2404 473
2405 1251
2406 1612
2407 1150
2408 630
2409 870
2410 580
2411 1310
2412 908
2413 201
2414 11
2415 391
2416 112
2417 242
2418 57
2419 991
2420 1778
2421 1509
2422 3286
2423 460
2424 832
2425 1028
2426 1360
2427 1723
2428 2098
2429 421
2430 25
2431 470
2432 1156
2433 9
2434 193
2435 538
2436 639
2437 350
2438 2050
2439 217
2440 778
2441 1695
2442 1669
2443 730
2444 819
2445 872
2446 150
2447 14
2448 14
2449 775
2450 78
2451 226
2452 127
2453 78
2454 629
2455 598
2456 916
2457 807
2458 144
2459 553
2460 125
2461 76
2462 8
2463 87
2464 520
2465 3201
2466 468
2467 17
2468 213
2469 263
2470 532
2471 368
2472 345
2473 85
2474 32
2475 37
2476 2
2477 175
2478 806
2479 70
2480 273
2481 402
2482 134
2483 374
2484 567
2485 819
2486 368
2487 1208
2488 208
2489 299
2490 50
2491 25
2492 10
2493 28
2494 348
2495 733
2496 249
2497 475
2498 103
2499 531
2500 290
2501 232
2502 312
2503 1476
2504 72
2505 16
2506 102
2507 31
2508 39
2509 270
2510 160
2511 249
2512 218
2513 445
2514 0
2515 4
2516 125
2517 9
2518 0
2519 42
2520 200
2521 112
2522 181
2523 513
2524 22
2525 19
2526 779
2527 365
2528 8
2529 147
2530 237
2531 124
2532 51
2533 37
2534 1247
2535 1527
2536 221
2537 431
2538 620
2539 108
2540 12
2541 110
2542 1766
2543 467
2544 607
2545 1503
2546 144
2547 66
2548 430
2549 213
2550 127
2551 69
2552 526
2553 942
2554 352
2555 13
2556 14
2557 108
2558 294
2559 241
2560 828
2561 710
2562 188
2563 520
2564 152
2565 155
2566 317
2567 155
2568 147
2569 60
2570 168
2571 112
2572 1
2573 275
2574 18
2575 677
2576 41
2577 49
2578 53
2579 33
2580 3
2581 6
2582 0
2583 0
2584 1
2585 1
2586 0
2587 1
2588 0
2589 0
2590 0
2591 0
2592 2
2593 0
2594 0
2595 0
2596 0
2597 0
2598 9
