0 117
1 2
2 12
3 5
4 37
5 72
6 3
7 4
8 2
9 5
10 28
11 95
12 16
13 65
14 180
15 69
16 124
17 23
18 13
19 293
20 0
21 39
22 21
23 188
24 0
25 67
26 6
27 8
28 6
29 19
30 4
31 11
32 2
33 65
34 11
35 108
36 10
37 29
38 17
39 21
40 38
41 10
42 13
43 12
44 147
45 3
46 11
47 5
48 12
49 128
50 69
51 18
52 119
53 117
54 110
55 10
56 21
57 80
58 117
59 9
60 26
61 144
62 114
63 14
64 19
65 293
66 32
67 99
68 52
69 5
70 23
71 24
72 7
73 4
74 112
75 191
76 9
77 86
78 200
79 187
80 19
81 5
82 80
83 40
84 13
85 6
86 83
87 285
88 250
89 8
90 7
91 8
92 14
93 87
94 25
95 0
96 23
97 129
98 33
99 151
100 2
101 12
102 95
103 110
104 23
105 45
106 148
107 46
108 126
109 116
110 9
111 48
112 64
113 24
114 88
115 43
116 140
117 22
118 13
119 71
120 3
121 58
122 246
123 69
124 22
125 6
126 19
127 23
128 33
129 62
130 28
131 64
132 16
133 0
134 10
135 207
136 107
137 498
138 35
139 34
140 182
141 156
142 28
143 28
144 3
145 9
146 129
147 32
148 173
149 105
150 45
151 0
152 2
153 49
154 38
155 61
156 27
157 46
158 447
159 62
160 27
161 33
162 3
163 78
164 74
165 109
166 148
167 84
168 47
169 33
170 193
171 117
172 45
173 31
174 173
175 334
176 219
177 29
178 64
179 3
180 206
181 18
182 489
183 249
184 100
185 80
186 380
187 345
188 184
189 24
190 39
191 0
192 3
193 7
194 5
195 2
196 193
197 109
198 16
199 159
200 119
201 109
202 42
203 195
204 122
205 274
206 420
207 95
208 60
209 4
210 306
211 9
212 40
213 94
214 0
215 231
216 13
217 57
218 70
219 333
220 73
221 259
222 251
223 232
224 385
225 213
226 187
227 31
228 2
229 39
230 9
231 4
232 0
233 23
234 0
235 27
236 0
237 3
238 116
239 459
240 18
241 461
242 264
243 42
244 287
245 63
246 118
247 5
248 75
249 52
250 41
251 12
252 27
253 0
254 10
255 48
256 670
257 220
258 41
259 4
260 0
261 0
262 16
263 114
264 19
265 42
266 14
267 43
268 18
269 0
270 75
271 155
272 46
273 0
274 20
275 18
276 20
277 12
278 33
279 124
280 15
281 4
282 60
283 447
284 12
285 13
286 44
287 37
288 46
289 26
290 373
291 85
292 519
293 179
294 7
295 101
296 143
297 54
298 73
299 36
300 86
301 73
302 109
303 89
304 453
305 139
306 103
307 230
308 2
309 122
310 92
311 129
312 171
313 26
314 25
315 168
316 144
317 176
318 382
319 13
320 62
321 79
322 22
323 35
324 2
325 9
326 32
327 17
328 7
329 3
330 16
331 100
332 29
333 203
334 253
335 226
336 23
337 91
338 325
339 193
340 3
341 9
342 14
343 4
344 19
345 8
346 60
347 12
348 182
349 58
350 90
351 373
352 63
353 13
354 2
355 6
356 5
357 100
358 2
359 112
360 123
361 307
362 421
363 13
364 0
365 2
366 34
367 61
368 134
369 154
370 60
371 38
372 38
373 58
374 30
375 39
376 85
377 5
378 22
379 96
380 102
381 3
382 92
383 6
384 81
385 132
386 2
387 4
388 118
389 161
390 249
391 165
392 275
393 8
394 158
395 66
396 288
397 91
398 0
399 193
400 11
401 86
402 46
403 51
404 145
405 114
406 259
407 195
408 60
409 5
410 22
411 46
412 89
413 373
414 234
415 15
416 45
417 88
418 13
419 62
420 30
421 14
422 159
423 150
424 212
425 93
426 73
427 29
428 126
429 7
430 297
431 17
432 26
433 52
434 6
435 18
436 254
437 363
438 478
439 182
440 273
441 225
442 104
443 387
444 67
445 60
446 44
447 11
448 193
449 67
450 139
451 81
452 138
453 237
454 254
455 43
456 165
457 339
458 207
459 2
460 10
461 247
462 191
463 117
464 122
465 87
466 19
467 196
468 121
469 262
470 316
471 339
472 216
473 124
474 243
475 83
476 16
477 31
478 12
479 45
480 29
481 48
482 72
483 13
484 187
485 60
486 101
487 145
488 61
489 269
490 76
491 53
492 260
493 500
494 47
495 103
496 62
497 32
498 285
499 91
500 93
501 87
502 68
503 30
504 12
505 92
506 154
507 23
508 17
509 424
510 36
511 55
512 192
513 322
514 128
515 201
516 104
517 76
518 5
519 75
520 347
521 281
522 11
523 54
524 66
525 6
526 5
527 30
528 111
529 31
530 20
531 34
532 247
533 226
534 28
535 186
536 206
537 33
538 30
539 156
540 25
541 52
542 23
543 189
544 196
545 11
546 105
547 1
548 156
549 8
550 76
551 20
552 203
553 208
554 298
555 268
556 56
557 29
558 74
559 145
560 43
561 118
562 44
563 6
564 4
565 4
566 0
567 37
568 18
569 6
570 32
571 143
572 93
573 57
574 22
575 155
576 44
577 75
578 86
579 55
580 19
581 7
582 14
583 71
584 128
585 112
586 93
587 32
588 186
589 387
590 11
591 8
592 84
593 10
594 14
595 37
596 33
597 21
598 223
599 309
600 208
601 448
602 91
603 72
604 49
605 33
606 105
607 105
608 185
609 57
610 142
611 70
612 219
613 136
614 341
615 229
616 205
617 5
618 20
619 11
620 35
621 5
622 68
623 35
624 44
625 264
626 128
627 339
628 220
629 169
630 281
631 40
632 71
633 52
634 85
635 50
636 121
637 7
638 64
639 149
640 19
641 124
642 114
643 303
644 62
645 237
646 129
647 17
648 19
649 2
650 0
651 87
652 122
653 61
654 57
655 74
656 48
657 19
658 230
659 171
660 17
661 113
662 15
663 161
664 31
665 16
666 133
667 105
668 9
669 57
670 98
671 225
672 27
673 17
674 33
675 9
676 169
677 217
678 163
679 93
680 253
681 211
682 11
683 54
684 34
685 101
686 26
687 4
688 5
689 61
690 258
691 159
692 94
693 2
694 28
695 37
696 39
697 25
698 20
699 91
700 54
701 65
702 112
703 10
704 30
705 189
706 282
707 124
708 11
709 128
710 9
711 0
712 21
713 19
714 0
715 19
716 98
717 389
718 181
719 149
720 367
721 81
722 44
723 5
724 62
725 37
726 88
727 56
728 57
729 142
730 88
731 188
732 33
733 82
734 104
735 40
736 136
737 96
738 232
739 255
740 94
741 64
742 6
743 41
744 184
745 7
746 3
747 1
748 153
749 64
750 415
751 17
752 185
753 50
754 149
755 13
756 69
757 34
758 56
759 236
760 111
761 37
762 99
763 37
764 295
765 93
766 96
767 82
768 4
769 45
770 287
771 42
772 19
773 0
774 69
775 116
776 69
777 68
778 68
779 8
780 2
781 20
782 70
783 35
784 102
785 49
786 176
787 113
788 24
789 235
790 30
791 33
792 59
793 143
794 132
795 0
796 135
797 176
798 81
799 45
800 23
801 0
802 46
803 3
804 10
805 8
806 270
807 118
808 67
809 192
810 111
811 24
812 86
813 90
814 25
815 9
816 0
817 0
818 48
819 205
820 216
821 222
822 90
823 126
824 26
825 93
826 39
827 179
828 111
829 60
830 50
831 83
832 109
833 144
834 136
835 64
836 98
837 43
838 39
839 16
840 3
841 21
842 16
843 0
844 58
845 101
846 105
847 171
848 111
849 29
850 143
851 5
852 133
853 28
854 12
855 91
856 33
857 175
858 153
859 26
860 32
861 72
862 150
863 38
864 57
865 91
866 26
867 80
868 23
869 20
870 38
871 14
872 4
873 15
874 0
875 2
876 21
877 259
878 97
879 76
880 338
881 223
882 31
883 26
884 124
885 14
886 26
887 21
888 77
889 401
890 34
891 31
892 90
893 39
894 33
895 72
896 43
897 89
898 29
899 16
900 0
901 3
902 32
903 434
904 199
905 40
906 186
907 255
908 197
909 8
910 20
911 142
912 6
913 10
914 58
915 163
916 11
917 66
918 161
919 45
920 159
921 200
922 69
923 14
924 34
925 9
926 31
927 75
928 0
929 7
930 106
931 317
932 111
933 335
934 149
935 243
936 39
937 26
938 144
939 55
940 212
941 85
942 0
943 16
944 178
945 226
946 77
947 6
948 2
949 151
950 104
951 11
952 88
953 191
954 82
955 326
956 355
957 71
958 45
959 114
960 67
961 10
962 39
963 110
964 133
965 32
966 95
967 80
968 96
969 240
970 94
971 5
972 84
973 186
974 59
975 101
976 21
977 13
978 418
979 66
980 366
981 396
982 77
983 36
984 242
985 204
986 60
987 15
988 0
989 4
990 11
991 35
992 44
993 294
994 150
995 41
996 85
997 25
998 44
999 83
1000 38
1001 101
1002 174
1003 3
1004 0
1005 5
1006 2
1007 156
1008 285
1009 0
1010 46
1011 26
1012 14
1013 0
1014 2
1015 5
1016 80
1017 224
1018 23
1019 186
1020 149
1021 265
1022 173
1023 69
1024 95
1025 29
1026 129
1027 329
1028 62
1029 23
1030 25
1031 173
1032 7
1033 13
1034 54
1035 101
1036 49
1037 25
1038 263
1039 155
1040 228
1041 136
1042 9
1043 79
1044 34
1045 59
1046 115
1047 89
1048 120
1049 18
1050 20
1051 2
1052 4
1053 6
1054 13
1055 43
1056 59
1057 92
1058 147
1059 240
1060 237
1061 51
1062 0
1063 13
1064 0
1065 17
1066 13
1067 63
1068 21
1069 57
1070 58
1071 31
1072 217
1073 79
1074 165
1075 18
1076 24
1077 2
1078 96
1079 16
1080 184
1081 106
1082 41
1083 78
1084 70
1085 27
1086 3
1087 13
1088 4
1089 7
1090 171
1091 278
1092 204
1093 298
1094 145
1095 23
1096 51
1097 19
1098 63
1099 328
1100 10
1101 22
1102 24
1103 52
1104 17
1105 29
1106 322
1107 310
1108 58
1109 5
1110 621
1111 148
1112 18
1113 107
1114 202
1115 19
1116 4
1117 29
1118 29
1119 231
1120 207
1121 185
1122 26
1123 11
1124 50
1125 9
1126 60
1127 1
1128 78
1129 120
1130 6
1131 5
1132 1
1133 91
1134 57
1135 32
1136 0
1137 0
1138 3
1139 154
1140 652
1141 368
1142 144
1143 5
1144 18
1145 2
1146 40
1147 0
1148 10
1149 239
1150 372
1151 30
1152 39
1153 54
1154 94
1155 310
1156 207
1157 147
1158 39
1159 16
1160 42
1161 15
1162 75
1163 1
1164 7
1165 2
1166 62
1167 93
1168 215
1169 34
1170 218
1171 3
1172 2
1173 37
1174 9
1175 13
1176 145
1177 304
1178 41
1179 246
1180 23
1181 173
1182 126
1183 237
1184 89
1185 194
1186 111
1187 76
1188 12
1189 5
1190 4
1191 102
1192 99
1193 6
1194 27
1195 9
1196 29
1197 8
1198 85
1199 84
1200 48
1201 8
1202 4
1203 258
1204 22
1205 11
1206 45
1207 9
1208 70
1209 42
1210 184
1211 162
1212 383
1213 31
1214 104
1215 215
1216 94
1217 381
1218 180
1219 37
1220 122
1221 70
1222 30
1223 91
1224 77
1225 24
1226 61
1227 19
1228 94
1229 168
1230 59
1231 9
1232 49
1233 99
1234 117
1235 339
1236 66
1237 82
1238 124
1239 5
1240 47
1241 0
1242 13
1243 130
1244 5
1245 66
1246 41
1247 129
1248 293
1249 442
1250 28
1251 179
1252 294
1253 375
1254 615
1255 88
1256 70
1257 28
1258 174
1259 20
1260 70
1261 25
1262 71
1263 81
1264 208
1265 151
1266 99
1267 30
1268 9
1269 9
1270 16
1271 43
1272 82
1273 76
1274 528
1275 243
1276 22
1277 46
1278 51
1279 63
1280 7
1281 9
1282 6
1283 5
1284 3
1285 1
1286 139
1287 275
1288 80
1289 226
1290 203
1291 203
1292 102
1293 119
1294 1580
1295 547
1296 60
1297 16
1298 70
1299 184
1300 33
1301 2
1302 49
1303 93
1304 286
1305 63
1306 36
1307 181
1308 133
1309 120
1310 27
1311 99
1312 3
1313 3
1314 4
1315 269
1316 230
1317 237
1318 308
1319 285
1320 281
1321 517
1322 287
1323 43
1324 34
1325 79
1326 19
1327 32
1328 0
1329 59
1330 30
1331 77
1332 324
1333 82
1334 26
1335 72
1336 66
1337 206
1338 156
1339 541
1340 723
1341 113
1342 46
1343 191
1344 224
1345 49
1346 36
1347 27
1348 20
1349 58
1350 296
1351 22
1352 11
1353 260
1354 32
1355 143
1356 129
1357 37
1358 47
1359 149
1360 23
1361 3
1362 4
1363 109
1364 381
1365 462
1366 94
1367 134
1368 126
1369 292
1370 220
1371 216
1372 2
1373 28
1374 4
1375 4
1376 14
1377 26
1378 75
1379 300
1380 324
1381 43
1382 53
1383 61
1384 138
1385 72
1386 199
1387 562
1388 167
1389 27
1390 182
1391 164
1392 39
1393 42
1394 23
1395 93
1396 91
1397 73
1398 0
1399 30
1400 203
1401 127
1402 107
1403 138
1404 119
1405 50
1406 57
1407 159
1408 153
1409 180
1410 152
1411 63
1412 56
1413 0
1414 32
1415 18
1416 133
1417 190
1418 131
1419 311
1420 146
1421 374
1422 97
1423 7
1424 35
1425 6
1426 35
1427 142
1428 417
1429 569
1430 336
1431 456
1432 333
1433 139
1434 158
1435 203
1436 146
1437 330
1438 7
1439 2
1440 92
1441 88
1442 528
1443 91
1444 89
1445 202
1446 290
1447 67
1448 88
1449 49
1450 40
1451 336
1452 65
1453 203
1454 119
1455 19
1456 93
1457 353
1458 12
1459 349
1460 110
1461 59
1462 33
1463 67
1464 4
1465 62
1466 97
1467 91
1468 27
1469 23
1470 9
1471 1
1472 20
1473 23
1474 19
1475 110
1476 509
1477 942
1478 375
1479 286
1480 384
1481 323
1482 67
1483 238
1484 172
1485 3
1486 49
1487 20
1488 163
1489 139
1490 605
1491 153
1492 79
1493 157
1494 174
1495 46
1496 272
1497 347
1498 46
1499 123
1500 208
1501 61
1502 92
1503 35
1504 154
1505 263
1506 43
1507 93
1508 239
1509 49
1510 95
1511 14
1512 20
1513 52
1514 357
1515 123
1516 72
1517 12
1518 1
1519 0
1520 5
1521 13
1522 19
1523 16
1524 147
1525 533
1526 364
1527 1047
1528 782
1529 518
1530 194
1531 9
1532 85
1533 292
1534 25
1535 165
1536 99
1537 102
1538 184
1539 123
1540 11
1541 144
1542 36
1543 104
1544 577
1545 329
1546 372
1547 181
1548 55
1549 131
1550 259
1551 68
1552 61
1553 113
1554 56
1555 71
1556 326
1557 586
1558 61
1559 69
1560 120
1561 353
1562 241
1563 213
1564 6
1565 18
1566 98
1567 99
1568 282
1569 6
1570 13
1571 55
1572 764
1573 1484
1574 511
1575 51
1576 492
1577 230
1578 155
1579 340
1580 420
1581 155
1582 193
1583 155
1584 104
1585 28
1586 6
1587 80
1588 252
1589 31
1590 498
1591 177
1592 127
1593 125
1594 132
1595 399
1596 284
1597 41
1598 14
1599 43
1600 369
1601 129
1602 370
1603 51
1604 33
1605 4
1606 19
1607 56
1608 2
1609 3
1610 7
1611 2
1612 113
1613 128
1614 79
1615 14
1616 175
1617 652
1618 499
1619 917
1620 423
1621 669
1622 557
1623 210
1624 144
1625 25
1626 430
1627 223
1628 105
1629 249
1630 149
1631 122
1632 153
1633 124
1634 203
1635 70
1636 67
1637 108
1638 116
1639 138
1640 240
1641 56
1642 6
1643 15
1644 21
1645 417
1646 727
1647 143
1648 267
1649 123
1650 81
1651 256
1652 635
1653 24
1654 95
1655 287
1656 302
1657 80
1658 127
1659 192
1660 101
1661 128
1662 130
1663 37
1664 143
1665 212
1666 154
1667 336
1668 307
1669 6
1670 68
1671 76
1672 2
1673 19
1674 5
1675 10
1676 9
1677 747
1678 499
1679 394
1680 429
1681 159
1682 226
1683 239
1684 133
1685 291
1686 186
1687 72
1688 108
1689 164
1690 69
1691 176
1692 46
1693 109
1694 167
1695 16
1696 80
1697 20
1698 41
1699 54
1700 24
1701 362
1702 41
1703 118
1704 0
1705 5
1706 27
1707 93
1708 6
1709 134
1710 677
1711 211
1712 131
1713 101
1714 106
1715 299
1716 202
1717 154
1718 46
1719 90
1720 15
1721 110
1722 27
1723 26
1724 47
1725 32
1726 97
1727 67
1728 248
1729 206
1730 15
1731 30
1732 10
1733 90
1734 43
1735 9
1736 65
1737 147
1738 264
1739 252
1740 160
1741 57
1742 214
1743 23
1744 106
1745 175
1746 84
1747 6
1748 20
1749 34
1750 60
1751 161
1752 236
1753 25
1754 14
1755 75
1756 48
1757 57
1758 93
1759 7
1760 5
1761 244
1762 75
1763 113
1764 117
1765 127
1766 73
1767 261
1768 137
1769 5
1770 29
1771 68
1772 132
1773 229
1774 111
1775 84
1776 88
1777 126
1778 226
1779 5
1780 39
1781 2
1782 133
1783 12
1784 46
1785 70
1786 9
1787 170
1788 92
1789 39
1790 117
1791 7
1792 171
1793 76
1794 16
1795 0
1796 36
1797 300
1798 273
1799 527
1800 440
1801 128
1802 159
1803 43
1804 97
1805 415
1806 410
1807 94
1808 115
1809 5
1810 142
1811 71
1812 51
1813 62
1814 44
1815 52
1816 33
1817 8
1818 67
1819 20
1820 128
1821 87
1822 65
1823 83
1824 304
1825 100
1826 31
1827 99
1828 138
1829 234
1830 18
1831 187
1832 51
1833 190
1834 36
1835 248
1836 99
1837 21
1838 88
1839 45
1840 70
1841 69
1842 30
1843 99
1844 311
1845 215
1846 70
1847 84
1848 200
1849 329
1850 42
1851 25
1852 41
1853 136
1854 54
1855 161
1856 98
1857 36
1858 252
1859 308
1860 81
1861 207
1862 211
1863 11
1864 88
1865 31
1866 96
1867 805
1868 192
1869 95
1870 28
1871 103
1872 374
1873 189
1874 57
1875 24
1876 28
1877 86
1878 105
1879 75
1880 8
1881 192
1882 299
1883 376
1884 195
1885 83
1886 34
1887 36
1888 7
1889 161
1890 182
1891 60
1892 116
1893 124
1894 509
1895 524
1896 217
1897 59
1898 53
1899 43
1900 233
1901 155
1902 28
1903 327
1904 108
1905 160
1906 114
1907 158
1908 88
1909 100
1910 94
1911 138
1912 274
1913 129
1914 30
1915 11
1916 19
1917 167
1918 77
1919 172
1920 72
1921 138
1922 31
1923 146
1924 135
1925 155
1926 28
1927 28
1928 34
1929 39
1930 75
1931 128
1932 49
1933 19
1934 64
1935 156
1936 192
1937 28
1938 23
1939 47
1940 183
1941 148
1942 388
1943 311
1944 50
1945 59
1946 70
1947 13
1948 76
1949 57
1950 57
1951 186
1952 109
1953 196
1954 102
1955 290
1956 44
1957 102
1958 152
1959 87
1960 58
1961 21
1962 4
1963 31
1964 328
1965 337
1966 33
1967 176
1968 308
1969 136
1970 70
1971 134
1972 286
1973 38
1974 75
1975 178
1976 75
1977 0
1978 16
1979 14
1980 160
1981 296
1982 126
1983 33
1984 56
1985 282
1986 123
1987 14
1988 22
1989 199
1990 105
1991 133
1992 105
1993 52
1994 123
1995 271
1996 434
1997 156
1998 79
1999 180
2000 180
2001 7
2002 33
2003 94
2004 273
2005 138
2006 68
2007 106
2008 74
2009 114
2010 126
2011 161
2012 29
2013 30
2014 176
2015 145
2016 269
2017 345
2018 28
2019 246
2020 82
2021 73
2022 53
2023 251
2024 381
2025 9
2026 94
2027 82
2028 93
2029 50
2030 154
2031 221
2032 148
2033 48
2034 151
2035 219
2036 314
2037 115
2038 97
2039 72
2040 48
2041 40
2042 60
2043 228
2044 46
2045 94
2046 87
2047 92
2048 267
2049 316
2050 206
2051 199
2052 19
2053 23
2054 140
2055 440
2056 66
2057 84
2058 84
2059 99
2060 88
2061 187
2062 133
2063 111
2064 31
2065 22
2066 212
2067 143
2068 8
2069 204
2070 56
2071 114
2072 266
2073 221
2074 106
2075 162
2076 237
2077 61
2078 3
2079 31
2080 148
2081 281
2082 198
2083 145
2084 96
2085 69
2086 175
2087 127
2088 184
2089 162
2090 106
2091 79
2092 67
2093 76
2094 124
2095 415
2096 124
2097 466
2098 229
2099 131
2100 62
2101 31
2102 8
2103 320
2104 305
2105 134
2106 5
2107 6
2108 47
2109 40
2110 236
2111 156
2112 245
2113 131
2114 94
2115 155
2116 102
2117 93
2118 289
2119 293
2120 53
2121 60
2122 20
2123 22
2124 260
2125 31
2126 161
2127 159
2128 231
2129 77
2130 106
2131 266
2132 324
2133 39
2134 2
2135 31
2136 9
2137 165
2138 326
2139 86
2140 29
2141 4
2142 5
2143 7
2144 209
2145 225
2146 87
2147 45
2148 315
2149 138
2150 354
2151 50
2152 219
2153 260
2154 202
2155 65
2156 13
2157 24
2158 16
2159 97
2160 276
2161 276
2162 1
2163 11
2164 51
2165 215
2166 112
2167 87
2168 54
2169 136
2170 50
2171 23
2172 179
2173 117
2174 8
2175 76
2176 7
2177 133
2178 25
2179 55
2180 30
2181 77
2182 55
2183 95
2184 33
2185 0
2186 4
2187 158
2188 75
2189 60
2190 189
2191 149
2192 60
2193 218
2194 32
2195 11
2196 4
2197 33
2198 19
2199 103
2200 59
2201 111
2202 146
2203 220
2204 39
2205 211
2206 222
2207 57
2208 9
2209 97
2210 80
2211 173
2212 331
2213 277
2214 48
2215 64
2216 12
2217 22
2218 14
2219 30
2220 117
2221 4
2222 6
2223 61
2224 144
2225 32
2226 24
2227 220
2228 177
2229 162
2230 187
2231 21
2232 76
2233 105
2234 6
2235 27
2236 11
2237 72
2238 27
2239 4
2240 1
2241 18
2242 10
2243 253
2244 122
2245 24
2246 46
2247 190
2248 334
2249 48
2250 265
2251 123
2252 33
2253 91
2254 272
2255 128
2256 181
2257 50
2258 9
2259 30
2260 192
2261 33
2262 17
2263 6
2264 6
2265 67
2266 336
2267 260
2268 226
2269 318
2270 313
2271 178
2272 8
2273 38
2274 371
2275 274
2276 131
2277 291
2278 77
2279 20
2280 15
2281 236
2282 314
2283 35
2284 0
2285 28
2286 176
2287 41
2288 63
2289 61
2290 265
2291 379
2292 33
2293 6
2294 292
2295 246
2296 61
2297 127
2298 79
2299 10
2300 125
2301 193
2302 99
2303 3
2304 56
2305 14
2306 39
2307 100
2308 296
2309 86
2310 90
2311 90
2312 65
2313 64
2314 135
2315 69
2316 327
2317 112
2318 2
2319 41
2320 244
2321 150
2322 125
2323 0
2324 2
2325 32
2326 282
2327 470
2328 86
2329 20
2330 30
2331 13
2332 55
2333 56
2334 439
2335 546
2336 63
2337 14
2338 67
2339 152
2340 130
2341 39
2342 2
2343 0
2344 101
2345 203
2346 106
2347 159
2348 25
2349 91
2350 129
2351 211
2352 186
2353 295
2354 169
2355 41
2356 128
2357 47
2358 18
2359 0
2360 5
2361 3
2362 6
2363 274
2364 246
2365 33
2366 205
2367 158
2368 40
2369 112
2370 186
2371 124
2372 106
2373 69
2374 8
2375 137
2376 200
2377 5
2378 2
2379 28
2380 43
2381 11
2382 264
2383 137
2384 94
2385 342
2386 95
2387 244
2388 411
2389 245
2390 168
2391 294
2392 39
2393 39
2394 263
2395 95
2396 32
2397 7
2398 226
2399 7
2400 25
2401 144
2402 580
2403 44
2404 78
2405 199
2406 258
2407 180
2408 95
2409 140
2410 87
2411 206
2412 146
2413 30
2414 0
2415 63
2416 18
2417 37
2418 8
2419 156
2420 283
2421 240
2422 515
2423 75
2424 133
2425 166
2426 211
2427 273
2428 332
2429 65
2430 4
2431 69
2432 183
2433 0
2434 28
2435 82
2436 104
2437 56
2438 332
2439 37
2440 118
2441 263
2442 262
2443 118
2444 128
2445 136
2446 23
2447 2
2448 2
2449 120
2450 12
2451 36
2452 20
2453 12
2454 102
2455 98
2456 146
2457 132
2458 23
2459 87
2460 20
2461 11
2462 1
2463 14
2464 80
2465 507
2466 77
2467 2
2468 34
2469 42
2470 86
2471 59
2472 55
2473 14
2474 5
2475 5
2476 0
2477 28
2478 133
2479 11
2480 38
2481 65
2482 21
2483 61
2484 92
2485 130
2486 57
2487 183
2488 33
2489 46
2490 8
2491 4
2492 0
2493 4
2494 55
2495 115
2496 41
2497 74
2498 16
2499 79
2500 47
2501 36
2502 46
2503 236
2504 10
2505 2
2506 16
2507 5
2508 6
2509 45
2510 25
2511 37
2512 34
2513 70
2514 0
2515 0
2516 20
2517 0
2518 0
2519 6
2520 30
2521 18
2522 29
2523 81
2524 4
2525 3
2526 124
2527 58
2528 1
2529 25
2530 38
2531 19
2532 8
2533 5
2534 197
2535 246
2536 36
2537 64
2538 101
2539 18
2540 2
2541 16
2542 280
2543 75
2544 95
2545 238
2546 22
2547 10
2548 69
2549 34
2550 19
2551 10
2552 82
2553 154
2554 58
2555 2
2556 0
2557 17
2558 45
2559 38
2560 128
2561 113
2562 30
2563 83
2564 24
2565 25
2566 46
2567 22
2568 23
2569 10
2570 26
2571 17
2572 0
2573 41
2574 3
2575 108
2576 6
2577 8
2578 8
2579 5
2580 0
2581 0
2582 0
2583 0
2584 0
2585 0
2586 0
2587 0
2588 0
2589 0
2590 0
2591 0
2592 0
2593 0
2594 0
2595 0
2596 0
2597 0
2598 1
