0 24
1 0
2 0
3 1
4 7
5 13
6 0
7 0
8 0
9 0
10 3
11 0
12 2
13 12
14 0
15 12
16 19
17 4
18 2
19 56
20 0
21 4
22 4
23 35
24 0
25 10
26 0
27 0
28 0
29 3
30 0
31 3
32 0
33 10
34 1
35 19
36 0
37 4
38 0
39 5
40 8
41 2
42 0
43 0
44 30
45 0
46 2
47 0
48 3
49 25
50 12
51 3
52 19
53 20
54 16
55 1
56 4
57 13
58 18
59 1
60 2
61 25
62 21
63 0
64 3
65 49
66 3
67 18
68 8
69 0
70 4
71 5
72 0
73 0
74 21
75 35
76 1
77 16
78 37
79 35
80 3
81 0
82 14
83 6
84 3
85 0
86 12
87 47
88 44
89 0
90 0
91 1
92 0
93 10
94 2
95 0
96 3
97 20
98 6
99 31
100 0
101 0
102 18
103 20
104 4
105 8
106 29
107 6
108 22
109 24
110 1
111 10
112 9
113 3
114 15
115 7
116 24
117 4
118 4
119 13
120 0
121 7
122 52
123 12
124 5
125 0
126 2
127 3
128 8
129 10
130 4
131 10
132 0
133 0
134 0
135 35
136 22
137 85
138 6
139 5
140 32
141 25
142 5
143 4
144 0
145 1
146 26
147 6
148 29
149 16
150 5
151 0
152 0
153 8
154 6
155 11
156 5
157 8
158 76
159 12
160 4
161 5
162 0
163 12
164 14
165 19
166 24
167 14
168 9
169 4
170 36
171 22
172 7
173 5
174 33
175 59
176 38
177 4
178 10
179 0
180 36
181 1
182 85
183 38
184 19
185 14
186 70
187 61
188 32
189 5
190 8
191 0
192 0
193 2
194 0
195 0
196 31
197 21
198 0
199 26
200 22
201 0
202 8
203 31
204 18
205 48
206 75
207 21
208 8
209 0
210 53
211 1
212 5
213 18
214 0
215 38
216 3
217 9
218 11
219 61
220 13
221 44
222 44
223 41
224 71
225 36
226 28
227 6
228 1
229 5
230 0
231 0
232 0
233 3
234 0
235 5
236 0
237 1
238 17
239 90
240 2
241 81
242 53
243 10
244 0
245 9
246 23
247 1
248 11
249 9
250 9
251 1
252 3
253 0
254 3
255 9
256 116
257 34
258 7
259 1
260 0
261 0
262 3
263 17
264 4
265 7
266 0
267 6
268 4
269 0
270 13
271 29
272 6
273 0
274 3
275 3
276 4
277 1
278 5
279 20
280 1
281 0
282 9
283 77
284 1
285 3
286 8
287 7
288 10
289 3
290 68
291 18
292 90
293 34
294 1
295 20
296 25
297 10
298 0
299 6
300 13
301 11
302 17
303 15
304 78
305 23
306 16
307 34
308 0
309 20
310 18
311 21
312 34
313 0
314 6
315 28
316 22
317 30
318 74
319 3
320 14
321 15
322 4
323 5
324 0
325 0
326 6
327 2
328 1
329 0
330 2
331 18
332 5
333 39
334 50
335 38
336 4
337 14
338 59
339 31
340 0
341 2
342 2
343 0
344 3
345 0
346 13
347 0
348 29
349 9
350 17
351 67
352 12
353 3
354 0
355 0
356 0
357 17
358 0
359 18
360 22
361 51
362 76
363 2
364 0
365 0
366 5
367 10
368 26
369 24
370 8
371 7
372 9
373 10
374 3
375 8
376 17
377 1
378 4
379 19
380 20
381 0
382 16
383 1
384 18
385 23
386 0
387 0
388 21
389 26
390 43
391 31
392 48
393 1
394 25
395 11
396 59
397 0
398 0
399 32
400 2
401 14
402 6
403 7
404 28
405 20
406 41
407 31
408 6
409 0
410 3
411 7
412 14
413 64
414 47
415 1
416 8
417 16
418 3
419 12
420 4
421 0
422 34
423 30
424 36
425 16
426 15
427 4
428 21
429 1
430 54
431 3
432 6
433 11
434 1
435 1
436 47
437 68
438 85
439 33
440 46
441 42
442 17
443 75
444 10
445 10
446 6
447 2
448 33
449 12
450 26
451 13
452 19
453 45
454 44
455 7
456 27
457 67
458 38
459 0
460 2
461 42
462 34
463 21
464 19
465 15
466 5
467 33
468 17
469 44
470 52
471 71
472 41
473 25
474 46
475 16
476 2
477 7
478 2
479 6
480 4
481 7
482 12
483 0
484 33
485 11
486 21
487 25
488 10
489 55
490 12
491 13
492 40
493 90
494 8
495 19
496 10
497 4
498 58
499 15
500 17
501 14
502 10
503 7
504 2
505 16
506 28
507 3
508 4
509 74
510 6
511 9
512 0
513 55
514 25
515 38
516 19
517 13
518 0
519 17
520 65
521 52
522 0
523 0
524 13
525 1
526 1
527 5
528 23
529 5
530 0
531 6
532 45
533 40
534 6
535 36
536 36
537 7
538 0
539 26
540 5
541 6
542 4
543 28
544 33
545 0
546 21
547 0
548 25
549 0
550 14
551 0
552 32
553 33
554 50
555 55
556 10
557 5
558 13
559 27
560 7
561 23
562 8
563 0
564 0
565 1
566 0
567 6
568 3
569 0
570 4
571 25
572 16
573 10
574 2
575 29
576 10
577 12
578 15
579 12
580 4
581 0
582 0
583 12
584 22
585 26
586 16
587 6
588 32
589 68
590 0
591 1
592 16
593 1
594 2
595 6
596 5
597 4
598 0
599 59
600 37
601 85
602 11
603 15
604 10
605 6
606 17
607 15
608 34
609 9
610 27
611 10
612 38
613 26
614 58
615 43
616 38
617 0
618 3
619 2
620 6
621 0
622 11
623 7
624 9
625 46
626 26
627 0
628 39
629 27
630 54
631 8
632 12
633 11
634 13
635 8
636 22
637 1
638 9
639 31
640 3
641 23
642 17
643 60
644 7
645 41
646 20
647 1
648 2
649 0
650 0
651 13
652 20
653 10
654 13
655 12
656 9
657 3
658 39
659 34
660 3
661 20
662 2
663 33
664 6
665 2
666 20
667 18
668 0
669 13
670 18
671 36
672 3
673 2
674 7
675 2
676 34
677 41
678 29
679 20
680 0
681 38
682 1
683 10
684 6
685 22
686 4
687 0
688 1
689 9
690 40
691 29
692 18
693 1
694 3
695 6
696 6
697 4
698 2
699 15
700 9
701 15
702 22
703 0
704 4
705 35
706 49
707 22
708 3
709 25
710 2
711 0
712 3
713 4
714 0
715 3
716 16
717 68
718 29
719 30
720 60
721 14
722 7
723 0
724 10
725 5
726 17
727 11
728 11
729 26
730 13
731 36
732 6
733 11
734 19
735 7
736 25
737 16
738 40
739 47
740 17
741 11
742 0
743 7
744 36
745 0
746 0
747 0
748 29
749 0
750 76
751 3
752 32
753 8
754 28
755 2
756 12
757 0
758 13
759 42
760 21
761 5
762 18
763 7
764 55
765 15
766 15
767 19
768 0
769 7
770 58
771 4
772 2
773 0
774 10
775 20
776 11
777 12
778 14
779 2
780 0
781 3
782 8
783 4
784 17
785 7
786 33
787 22
788 4
789 44
790 5
791 7
792 11
793 24
794 20
795 0
796 20
797 30
798 13
799 8
800 5
801 0
802 5
803 0
804 1
805 0
806 53
807 18
808 12
809 30
810 21
811 3
812 11
813 19
814 2
815 0
816 0
817 0
818 10
819 35
820 43
821 43
822 0
823 22
824 4
825 13
826 8
827 32
828 19
829 11
830 10
831 16
832 24
833 24
834 28
835 10
836 15
837 7
838 7
839 2
840 0
841 4
842 3
843 0
844 9
845 17
846 18
847 31
848 17
849 5
850 25
851 0
852 0
853 0
854 0
855 13
856 5
857 0
858 29
859 4
860 5
861 13
862 0
863 6
864 11
865 17
866 4
867 13
868 3
869 2
870 8
871 3
872 0
873 2
874 0
875 0
876 4
877 43
878 17
879 17
880 55
881 42
882 4
883 3
884 19
885 2
886 4
887 3
888 15
889 0
890 5
891 5
892 16
893 0
894 7
895 14
896 7
897 18
898 4
899 2
900 0
901 0
902 6
903 85
904 37
905 7
906 35
907 45
908 31
909 1
910 2
911 25
912 0
913 1
914 9
915 34
916 3
917 11
918 30
919 9
920 31
921 0
922 12
923 2
924 6
925 1
926 7
927 15
928 0
929 0
930 19
931 53
932 19
933 58
934 24
935 41
936 4
937 5
938 22
939 10
940 37
941 13
942 0
943 4
944 31
945 40
946 0
947 1
948 0
949 30
950 23
951 3
952 12
953 0
954 14
955 58
956 65
957 11
958 10
959 20
960 12
961 2
962 8
963 19
964 24
965 7
966 18
967 10
968 14
969 42
970 20
971 0
972 14
973 34
974 11
975 18
976 4
977 1
978 80
979 9
980 67
981 75
982 14
983 8
984 43
985 38
986 14
987 2
988 0
989 1
990 1
991 6
992 8
993 55
994 31
995 7
996 13
997 3
998 7
999 15
1000 5
1001 20
1002 35
1003 0
1004 0
1005 0
1006 0
1007 31
1008 53
1009 0
1010 9
1011 5
1012 3
1013 0
1014 0
1015 0
1016 16
1017 41
1018 5
1019 35
1020 22
1021 55
1022 31
1023 13
1024 16
1025 3
1026 22
1027 71
1028 12
1029 5
1030 4
1031 32
1032 1
1033 3
1034 11
1035 17
1036 7
1037 3
1038 49
1039 27
1040 44
1041 0
1042 2
1043 16
1044 4
1045 11
1046 23
1047 18
1048 21
1049 0
1050 3
1051 0
1052 0
1053 0
1054 1
1055 5
1056 11
1057 15
1058 29
1059 40
1060 41
1061 11
1062 0
1063 0
1064 0
1065 3
1066 1
1067 9
1068 4
1069 9
1070 9
1071 8
1072 39
1073 17
1074 25
1075 3
1076 3
1077 0
1078 18
1079 2
1080 34
1081 19
1082 8
1083 15
1084 14
1085 5
1086 0
1087 2
1088 0
1089 1
1090 34
1091 48
1092 38
1093 56
1094 27
1095 4
1096 10
1097 3
1098 0
1099 56
1100 1
1101 4
1102 6
1103 0
1104 1
1105 5
1106 58
1107 57
1108 10
1109 0
1110 109
1111 30
1112 0
1113 21
1114 35
1115 4
1116 0
1117 6
1118 4
1119 40
1120 32
1121 39
1122 4
1123 2
1124 5
1125 2
1126 13
1127 0
1128 12
1129 20
1130 1
1131 0
1132 0
1133 16
1134 8
1135 7
1136 0
1137 0
1138 0
1139 28
1140 120
1141 64
1142 25
1143 0
1144 3
1145 0
1146 7
1147 0
1148 0
1149 41
1150 64
1151 5
1152 0
1153 7
1154 17
1155 55
1156 31
1157 24
1158 8
1159 2
1160 8
1161 4
1162 11
1163 0
1164 0
1165 0
1166 9
1167 18
1168 42
1169 5
1170 38
1171 1
1172 0
1173 7
1174 1
1175 2
1176 28
1177 59
1178 8
1179 43
1180 6
1181 26
1182 21
1183 43
1184 17
1185 35
1186 18
1187 16
1188 3
1189 0
1190 0
1191 18
1192 21
1193 1
1194 5
1195 0
1196 5
1197 1
1198 15
1199 14
1200 9
1201 2
1202 1
1203 45
1204 6
1205 0
1206 9
1207 1
1208 15
1209 7
1210 31
1211 27
1212 73
1213 5
1214 21
1215 39
1216 15
1217 71
1218 32
1219 5
1220 24
1221 14
1222 5
1223 0
1224 13
1225 4
1226 11
1227 3
1228 14
1229 36
1230 8
1231 1
1232 9
1233 21
1234 21
1235 62
1236 12
1237 13
1238 21
1239 0
1240 9
1241 0
1242 2
1243 24
1244 0
1245 12
1246 7
1247 20
1248 46
1249 77
1250 3
1251 38
1252 52
1253 67
1254 109
1255 17
1256 13
1257 4
1258 32
1259 3
1260 10
1261 3
1262 17
1263 13
1264 35
1265 31
1266 17
1267 5
1268 2
1269 0
1270 2
1271 5
1272 13
1273 13
1274 88
1275 39
1276 2
1277 7
1278 8
1279 11
1280 0
1281 0
1282 1
1283 0
1284 0
1285 0
1286 23
1287 50
1288 15
1289 40
1290 32
1291 35
1292 15
1293 17
1294 293
1295 109
1296 13
1297 2
1298 13
1299 35
1300 5
1301 0
1302 9
1303 15
1304 58
1305 10
1306 5
1307 36
1308 22
1309 21
1310 6
1311 13
1312 0
1313 0
1314 0
1315 48
1316 42
1317 44
1318 53
1319 56
1320 43
1321 93
1322 45
1323 8
1324 6
1325 15
1326 3
1327 5
1328 0
1329 11
1330 5
1331 13
1332 60
1333 13
1334 4
1335 12
1336 12
1337 34
1338 0
1339 96
1340 122
1341 21
1342 9
1343 31
1344 50
1345 10
1346 5
1347 6
1348 3
1349 8
1350 52
1351 6
1352 2
1353 39
1354 6
1355 19
1356 23
1357 5
1358 9
1359 32
1360 5
1361 0
1362 0
1363 19
1364 73
1365 89
1366 17
1367 30
1368 24
1369 50
1370 37
1371 34
1372 0
1373 3
1374 0
1375 0
1376 3
1377 6
1378 16
1379 52
1380 63
1381 8
1382 10
1383 0
1384 23
1385 12
1386 38
1387 105
1388 32
1389 4
1390 34
1391 30
1392 4
1393 7
1394 3
1395 18
1396 13
1397 14
1398 0
1399 6
1400 37
1401 25
1402 18
1403 25
1404 22
1405 7
1406 9
1407 29
1408 30
1409 29
1410 29
1411 11
1412 9
1413 0
1414 5
1415 2
1416 30
1417 36
1418 19
1419 57
1420 30
1421 77
1422 18
1423 1
1424 5
1425 0
1426 6
1427 27
1428 70
1429 103
1430 59
1431 85
1432 52
1433 24
1434 27
1435 35
1436 32
1437 62
1438 0
1439 0
1440 16
1441 15
1442 98
1443 17
1444 19
1445 0
1446 48
1447 12
1448 0
1449 8
1450 5
1451 57
1452 10
1453 35
1454 24
1455 4
1456 19
1457 63
1458 2
1459 66
1460 17
1461 10
1462 5
1463 10
1464 0
1465 9
1466 17
1467 13
1468 4
1469 0
1470 1
1471 0
1472 4
1473 4
1474 3
1475 19
1476 87
1477 166
1478 64
1479 50
1480 67
1481 51
1482 12
1483 38
1484 32
1485 0
1486 7
1487 4
1488 30
1489 23
1490 103
1491 25
1492 15
1493 33
1494 31
1495 7
1496 43
1497 63
1498 8
1499 20
1500 36
1501 10
1502 14
1503 7
1504 0
1505 0
1506 7
1507 17
1508 50
1509 10
1510 17
1511 1
1512 4
1513 0
1514 66
1515 23
1516 8
1517 1
1518 0
1519 0
1520 0
1521 2
1522 0
1523 2
1524 24
1525 98
1526 72
1527 185
1528 145
1529 93
1530 35
1531 0
1532 15
1533 53
1534 4
1535 31
1536 17
1537 21
1538 37
1539 20
1540 0
1541 26
1542 0
1543 16
1544 107
1545 57
1546 78
1547 37
1548 10
1549 19
1550 41
1551 11
1552 11
1553 20
1554 11
1555 13
1556 51
1557 93
1558 10
1559 11
1560 20
1561 61
1562 42
1563 40
1564 0
1565 3
1566 19
1567 20
1568 53
1569 0
1570 2
1571 9
1572 147
1573 263
1574 93
1575 10
1576 93
1577 34
1578 21
1579 60
1580 76
1581 25
1582 37
1583 35
1584 20
1585 4
1586 1
1587 14
1588 44
1589 0
1590 97
1591 35
1592 26
1593 24
1594 21
1595 79
1596 48
1597 8
1598 2
1599 8
1600 66
1601 23
1602 64
1603 9
1604 5
1605 0
1606 3
1607 13
1608 0
1609 0
1610 1
1611 0
1612 22
1613 0
1614 13
1615 2
1616 32
1617 134
1618 95
1619 173
1620 68
1621 120
1622 97
1623 39
1624 25
1625 5
1626 80
1627 44
1628 18
1629 46
1630 26
1631 20
1632 29
1633 19
1634 36
1635 13
1636 13
1637 17
1638 24
1639 26
1640 42
1641 0
1642 0
1643 3
1644 4
1645 78
1646 140
1647 0
1648 48
1649 24
1650 13
1651 48
1652 106
1653 5
1654 12
1655 58
1656 59
1657 13
1658 23
1659 35
1660 16
1661 18
1662 0
1663 6
1664 25
1665 45
1666 0
1667 60
1668 0
1669 0
1670 13
1671 14
1672 0
1673 3
1674 0
1675 3
1676 2
1677 134
1678 91
1679 69
1680 74
1681 26
1682 37
1683 47
1684 21
1685 50
1686 0
1687 13
1688 23
1689 30
1690 11
1691 28
1692 7
1693 21
1694 26
1695 3
1696 16
1697 3
1698 6
1699 12
1700 5
1701 68
1702 6
1703 20
1704 0
1705 0
1706 4
1707 18
1708 0
1709 21
1710 122
1711 41
1712 22
1713 18
1714 18
1715 57
1716 36
1717 27
1718 6
1719 0
1720 2
1721 21
1722 4
1723 4
1724 0
1725 8
1726 16
1727 12
1728 46
1729 31
1730 2
1731 4
1732 1
1733 15
1734 7
1735 0
1736 11
1737 31
1738 43
1739 45
1740 29
1741 8
1742 36
1743 6
1744 18
1745 29
1746 14
1747 0
1748 2
1749 8
1750 9
1751 28
1752 40
1753 2
1754 0
1755 15
1756 8
1757 10
1758 12
1759 0
1760 1
1761 46
1762 11
1763 16
1764 21
1765 21
1766 14
1767 46
1768 26
1769 0
1770 5
1771 10
1772 23
1773 48
1774 18
1775 13
1776 14
1777 22
1778 42
1779 0
1780 0
1781 0
1782 24
1783 3
1784 7
1785 12
1786 1
1787 0
1788 18
1789 6
1790 23
1791 1
1792 31
1793 14
1794 3
1795 0
1796 6
1797 51
1798 46
1799 96
1800 82
1801 23
1802 33
1803 10
1804 16
1805 77
1806 74
1807 13
1808 19
1809 0
1810 24
1811 11
1812 10
1813 9
1814 8
1815 8
1816 0
1817 1
1818 13
1819 3
1820 20
1821 18
1822 11
1823 17
1824 51
1825 19
1826 6
1827 14
1828 25
1829 43
1830 0
1831 30
1832 8
1833 29
1834 7
1835 43
1836 20
1837 3
1838 19
1839 7
1840 10
1841 13
1842 4
1843 15
1844 56
1845 41
1846 13
1847 15
1848 34
1849 65
1850 6
1851 3
1852 9
1853 23
1854 9
1855 26
1856 18
1857 5
1858 53
1859 53
1860 16
1861 39
1862 36
1863 0
1864 13
1865 4
1866 17
1867 149
1868 36
1869 16
1870 4
1871 19
1872 65
1873 32
1874 11
1875 3
1876 5
1877 18
1878 16
1879 15
1880 1
1881 37
1882 51
1883 65
1884 29
1885 15
1886 6
1887 6
1888 1
1889 29
1890 33
1891 11
1892 21
1893 22
1894 87
1895 98
1896 41
1897 10
1898 9
1899 7
1900 38
1901 30
1902 6
1903 59
1904 24
1905 32
1906 21
1907 27
1908 14
1909 20
1910 18
1911 22
1912 46
1913 24
1914 5
1915 0
1916 3
1917 27
1918 13
1919 34
1920 12
1921 21
1922 4
1923 27
1924 25
1925 26
1926 6
1927 4
1928 4
1929 6
1930 0
1931 22
1932 7
1933 1
1934 11
1935 33
1936 31
1937 3
1938 3
1939 8
1940 34
1941 24
1942 77
1943 55
1944 9
1945 9
1946 14
1947 2
1948 12
1949 11
1950 8
1951 29
1952 22
1953 32
1954 23
1955 54
1956 9
1957 20
1958 0
1959 15
1960 12
1961 3
1962 0
1963 7
1964 56
1965 54
1966 7
1967 32
1968 49
1969 28
1970 12
1971 23
1972 49
1973 6
1974 9
1975 34
1976 12
1977 0
1978 2
1979 1
1980 26
1981 52
1982 26
1983 5
1984 13
1985 56
1986 20
1987 2
1988 2
1989 33
1990 16
1991 27
1992 21
1993 9
1994 22
1995 49
1996 73
1997 21
1998 13
1999 31
2000 33
2001 0
2002 5
2003 16
2004 45
2005 23
2006 12
2007 18
2008 11
2009 24
2010 24
2011 27
2012 4
2013 4
2014 30
2015 27
2016 46
2017 64
2018 6
2019 41
2020 16
2021 15
2022 7
2023 49
2024 75
2025 1
2026 18
2027 19
2028 0
2029 8
2030 28
2031 39
2032 27
2033 7
2034 25
2035 40
2036 0
2037 19
2038 14
2039 18
2040 8
2041 6
2042 12
2043 37
2044 8
2045 19
2046 19
2047 14
2048 40
2049 53
2050 35
2051 37
2052 3
2053 4
2054 25
2055 75
2056 15
2057 13
2058 12
2059 16
2060 15
2061 37
2062 24
2063 18
2064 7
2065 3
2066 34
2067 27
2068 0
2069 40
2070 0
2071 25
2072 47
2073 37
2074 19
2075 31
2076 42
2077 9
2078 0
2079 5
2080 26
2081 51
2082 37
2083 24
2084 18
2085 12
2086 32
2087 24
2088 29
2089 26
2090 18
2091 12
2092 11
2093 14
2094 24
2095 73
2096 23
2097 82
2098 43
2099 22
2100 12
2101 5
2102 1
2103 54
2104 61
2105 28
2106 0
2107 1
2108 7
2109 5
2110 44
2111 0
2112 48
2113 23
2114 0
2115 31
2116 21
2117 19
2118 56
2119 54
2120 8
2121 10
2122 2
2123 4
2124 42
2125 5
2126 24
2127 28
2128 40
2129 13
2130 20
2131 48
2132 57
2133 8
2134 0
2135 5
2136 0
2137 26
2138 62
2139 12
2140 0
2141 0
2142 1
2143 0
2144 45
2145 47
2146 14
2147 9
2148 57
2149 25
2150 69
2151 9
2152 38
2153 42
2154 35
2155 13
2156 3
2157 0
2158 0
2159 14
2160 51
2161 46
2162 0
2163 4
2164 8
2165 42
2166 18
2167 12
2168 9
2169 25
2170 9
2171 4
2172 33
2173 25
2174 1
2175 14
2176 0
2177 20
2178 6
2179 11
2180 6
2181 12
2182 9
2183 17
2184 7
2185 0
2186 0
2187 29
2188 17
2189 13
2190 37
2191 25
2192 11
2193 39
2194 4
2195 2
2196 0
2197 5
2198 2
2199 16
2200 12
2201 17
2202 26
2203 37
2204 3
2205 39
2206 37
2207 9
2208 2
2209 20
2210 14
2211 28
2212 56
2213 51
2214 9
2215 10
2216 0
2217 5
2218 1
2219 0
2220 20
2221 0
2222 0
2223 12
2224 29
2225 5
2226 3
2227 43
2228 31
2229 0
2230 32
2231 2
2232 17
2233 19
2234 0
2235 3
2236 2
2237 14
2238 4
2239 0
2240 0
2241 0
2242 1
2243 51
2244 25
2245 5
2246 7
2247 31
2248 0
2249 10
2250 45
2251 20
2252 0
2253 21
2254 48
2255 23
2256 32
2257 9
2258 2
2259 5
2260 36
2261 5
2262 3
2263 1
2264 0
2265 13
2266 60
2267 42
2268 44
2269 48
2270 56
2271 28
2272 1
2273 5
2274 68
2275 49
2276 20
2277 52
2278 15
2279 3
2280 3
2281 44
2282 54
2283 5
2284 0
2285 5
2286 28
2287 8
2288 10
2289 8
2290 45
2291 76
2292 4
2293 1
2294 43
2295 44
2296 9
2297 22
2298 16
2299 0
2300 23
2301 35
2302 16
2303 0
2304 9
2305 3
2306 8
2307 16
2308 48
2309 18
2310 14
2311 19
2312 11
2313 8
2314 23
2315 15
2316 63
2317 23
2318 0
2319 6
2320 45
2321 26
2322 20
2323 0
2324 0
2325 5
2326 48
2327 78
2328 17
2329 3
2330 4
2331 0
2332 9
2333 9
2334 74
2335 89
2336 10
2337 2
2338 0
2339 30
2340 19
2341 4
2342 0
2343 0
2344 18
2345 33
2346 17
2347 23
2348 4
2349 13
2350 22
2351 36
2352 32
2353 59
2354 30
2355 0
2356 19
2357 5
2358 2
2359 0
2360 1
2361 0
2362 0
2363 53
2364 42
2365 5
2366 35
2367 27
2368 8
2369 22
2370 37
2371 28
2372 20
2373 13
2374 0
2375 24
2376 35
2377 0
2378 0
2379 3
2380 7
2381 1
2382 43
2383 23
2384 17
2385 64
2386 21
2387 0
2388 81
2389 46
2390 31
2391 51
2392 0
2393 7
2394 50
2395 19
2396 4
2397 0
2398 42
2399 0
2400 4
2401 24
2402 109
2403 8
2404 13
2405 35
2406 47
2407 32
2408 18
2409 22
2410 15
2411 39
2412 22
2413 6
2414 0
2415 12
2416 2
2417 5
2418 0
2419 29
2420 50
2421 49
2422 95
2423 12
2424 22
2425 26
2426 38
2427 50
2428 59
2429 12
2430 0
2431 10
2432 35
2433 0
2434 6
2435 15
2436 18
2437 8
2438 54
2439 5
2440 23
2441 46
2442 45
2443 23
2444 23
2445 28
2446 3
2447 0
2448 0
2449 15
2450 2
2451 7
2452 1
2453 2
2454 16
2455 15
2456 24
2457 24
2458 4
2459 12
2460 3
2461 2
2462 0
2463 0
2464 14
2465 83
2466 13
2467 0
2468 6
2469 5
2470 18
2471 12
2472 12
2473 1
2474 1
2475 0
2476 0
2477 6
2478 21
2479 2
2480 9
2481 12
2482 0
2483 13
2484 16
2485 21
2486 9
2487 29
2488 7
2489 8
2490 1
2491 0
2492 0
2493 0
2494 9
2495 20
2496 8
2497 12
2498 0
2499 13
2500 7
2501 8
2502 8
2503 43
2504 0
2505 0
2506 2
2507 0
2508 0
2509 8
2510 4
2511 7
2512 5
2513 14
2514 0
2515 0
2516 4
2517 0
2518 0
2519 0
2520 6
2521 3
2522 4
2523 14
2524 0
2525 0
2526 25
2527 9
2528 0
2529 4
2530 7
2531 3
2532 0
2533 0
2534 34
2535 41
2536 5
2537 9
2538 17
2539 3
2540 0
2541 2
2542 50
2543 16
2544 16
2545 42
2546 0
2547 0
2548 13
2549 6
2550 4
2551 2
2552 15
2553 28
2554 12
2555 0
2556 0
2557 2
2558 8
2559 6
2560 26
2561 19
2562 6
2563 14
2564 3
2565 5
2566 9
2567 5
2568 4
2569 0
2570 5
2571 1
2572 0
2573 8
2574 0
2575 18
2576 1
2577 0
2578 1
2579 1
2580 0
2581 0
2582 0
2583 0
2584 0
2585 0
2586 0
2587 0
2588 0
2589 0
2590 0
2591 0
2592 0
2593 0
2594 0
2595 0
2596 0
2597 0
2598 0
