0 22
1 0
2 0
3 0
4 8
5 13
6 0
7 0
8 0
9 1
10 5
11 21
12 0
13 14
14 40
15 15
16 23
17 5
18 3
19 61
20 0
21 6
22 0
23 48
24 0
25 14
26 0
27 1
28 0
29 3
30 1
31 3
32 0
33 12
34 3
35 23
36 2
37 4
38 3
39 4
40 7
41 3
42 2
43 2
44 34
45 0
46 2
47 1
48 3
49 24
50 11
51 4
52 26
53 24
54 22
55 0
56 5
57 15
58 24
59 2
60 0
61 30
62 23
63 2
64 7
65 59
66 6
67 18
68 15
69 1
70 4
71 6
72 0
73 1
74 23
75 39
76 2
77 20
78 40
79 42
80 4
81 0
82 18
83 7
84 4
85 1
86 16
87 61
88 53
89 1
90 1
91 1
92 3
93 21
94 5
95 0
96 3
97 32
98 0
99 33
100 0
101 0
102 21
103 23
104 4
105 8
106 34
107 8
108 30
109 23
110 1
111 9
112 17
113 6
114 0
115 9
116 32
117 4
118 1
119 18
120 0
121 11
122 50
123 12
124 4
125 0
126 4
127 5
128 8
129 15
130 6
131 13
132 3
133 0
134 0
135 46
136 26
137 107
138 7
139 8
140 38
141 30
142 6
143 4
144 0
145 1
146 25
147 6
148 34
149 25
150 9
151 0
152 0
153 0
154 7
155 14
156 4
157 11
158 87
159 14
160 3
161 7
162 0
163 14
164 15
165 25
166 30
167 17
168 11
169 5
170 39
171 27
172 10
173 6
174 37
175 67
176 45
177 0
178 13
179 0
180 43
181 3
182 0
183 48
184 23
185 18
186 79
187 69
188 41
189 5
190 8
191 0
192 0
193 1
194 1
195 0
196 42
197 25
198 2
199 30
200 26
201 24
202 9
203 46
204 26
205 50
206 84
207 22
208 13
209 1
210 66
211 1
212 8
213 22
214 0
215 45
216 0
217 10
218 0
219 73
220 19
221 52
222 53
223 42
224 87
225 42
226 43
227 8
228 0
229 7
230 0
231 1
232 0
233 7
234 0
235 8
236 0
237 0
238 23
239 93
240 0
241 101
242 57
243 10
244 63
245 15
246 25
247 0
248 13
249 10
250 7
251 1
252 5
253 0
254 2
255 10
256 149
257 47
258 9
259 2
260 0
261 0
262 3
263 24
264 2
265 10
266 1
267 8
268 5
269 0
270 14
271 32
272 9
273 0
274 5
275 5
276 4
277 2
278 7
279 0
280 5
281 0
282 10
283 88
284 1
285 5
286 10
287 8
288 7
289 4
290 81
291 18
292 109
293 39
294 0
295 24
296 31
297 12
298 16
299 7
300 16
301 11
302 24
303 16
304 91
305 27
306 25
307 53
308 0
309 22
310 20
311 25
312 40
313 6
314 6
315 36
316 28
317 39
318 81
319 2
320 11
321 16
322 4
323 6
324 0
325 0
326 7
327 2
328 0
329 0
330 3
331 21
332 6
333 39
334 51
335 48
336 3
337 20
338 69
339 33
340 0
341 2
342 1
343 0
344 4
345 2
346 9
347 0
348 43
349 13
350 16
351 80
352 13
353 2
354 0
355 2
356 0
357 23
358 0
359 25
360 20
361 57
362 94
363 3
364 0
365 0
366 6
367 10
368 33
369 0
370 14
371 10
372 7
373 11
374 6
375 8
376 24
377 1
378 3
379 0
380 19
381 1
382 16
383 1
384 13
385 27
386 0
387 0
388 23
389 28
390 55
391 38
392 59
393 1
394 34
395 13
396 60
397 22
398 0
399 36
400 2
401 16
402 9
403 9
404 30
405 25
406 58
407 0
408 12
409 0
410 3
411 12
412 17
413 76
414 46
415 5
416 9
417 17
418 4
419 17
420 0
421 3
422 32
423 30
424 49
425 17
426 16
427 6
428 26
429 2
430 64
431 3
432 4
433 10
434 1
435 3
436 56
437 78
438 112
439 42
440 63
441 51
442 21
443 86
444 11
445 10
446 10
447 3
448 0
449 12
450 31
451 17
452 33
453 54
454 54
455 0
456 32
457 76
458 42
459 0
460 0
461 61
462 38
463 27
464 26
465 18
466 3
467 44
468 27
469 58
470 74
471 78
472 47
473 22
474 0
475 18
476 4
477 6
478 2
479 10
480 9
481 12
482 15
483 2
484 36
485 14
486 23
487 34
488 12
489 61
490 17
491 9
492 0
493 107
494 10
495 22
496 16
497 5
498 60
499 20
500 20
501 19
502 16
503 7
504 1
505 16
506 35
507 5
508 2
509 91
510 8
511 14
512 34
513 67
514 32
515 40
516 22
517 14
518 0
519 16
520 67
521 64
522 1
523 8
524 14
525 1
526 1
527 6
528 25
529 5
530 2
531 7
532 54
533 51
534 5
535 44
536 45
537 6
538 6
539 33
540 4
541 0
542 6
543 40
544 45
545 0
546 26
547 0
548 36
549 0
550 15
551 3
552 44
553 0
554 65
555 51
556 13
557 6
558 17
559 32
560 9
561 24
562 10
563 0
564 1
565 1
566 0
567 7
568 2
569 0
570 7
571 33
572 20
573 14
574 3
575 33
576 8
577 19
578 19
579 11
580 5
581 0
582 2
583 15
584 31
585 27
586 21
587 7
588 41
589 80
590 3
591 0
592 14
593 1
594 2
595 5
596 7
597 6
598 47
599 67
600 52
601 98
602 18
603 16
604 13
605 7
606 23
607 26
608 0
609 11
610 33
611 14
612 43
613 30
614 74
615 44
616 42
617 1
618 3
619 2
620 8
621 1
622 15
623 10
624 11
625 56
626 26
627 73
628 52
629 32
630 54
631 6
632 14
633 12
634 17
635 13
636 25
637 2
638 11
639 30
640 5
641 25
642 20
643 61
644 13
645 47
646 27
647 2
648 4
649 0
650 0
651 19
652 27
653 14
654 11
655 15
656 9
657 5
658 49
659 37
660 4
661 23
662 3
663 37
664 5
665 1
666 25
667 24
668 0
669 12
670 20
671 48
672 6
673 2
674 6
675 2
676 36
677 50
678 28
679 18
680 51
681 49
682 0
683 11
684 5
685 0
686 4
687 0
688 0
689 15
690 55
691 37
692 19
693 0
694 5
695 10
696 11
697 5
698 6
699 17
700 11
701 11
702 22
703 0
704 0
705 41
706 58
707 28
708 2
709 31
710 2
711 0
712 5
713 4
714 0
715 2
716 23
717 78
718 38
719 34
720 75
721 17
722 10
723 0
724 18
725 10
726 20
727 16
728 14
729 32
730 17
731 34
732 8
733 22
734 21
735 11
736 27
737 23
738 50
739 52
740 25
741 15
742 0
743 11
744 35
745 1
746 1
747 0
748 34
749 0
750 91
751 2
752 44
753 11
754 31
755 4
756 12
757 9
758 13
759 0
760 24
761 10
762 21
763 8
764 61
765 0
766 22
767 20
768 1
769 10
770 67
771 8
772 4
773 0
774 14
775 23
776 19
777 15
778 18
779 3
780 0
781 7
782 17
783 6
784 20
785 9
786 40
787 23
788 4
789 55
790 6
791 0
792 14
793 33
794 26
795 0
796 26
797 38
798 17
799 12
800 6
801 0
802 9
803 0
804 1
805 1
806 57
807 24
808 13
809 42
810 21
811 3
812 19
813 20
814 6
815 0
816 0
817 0
818 10
819 40
820 46
821 0
822 21
823 28
824 6
825 17
826 8
827 39
828 21
829 15
830 11
831 14
832 27
833 31
834 30
835 13
836 22
837 9
838 8
839 3
840 1
841 3
842 2
843 0
844 12
845 21
846 21
847 34
848 23
849 5
850 29
851 1
852 25
853 6
854 0
855 16
856 8
857 35
858 33
859 5
860 7
861 13
862 34
863 7
864 12
865 20
866 6
867 19
868 0
869 0
870 5
871 3
872 0
873 2
874 0
875 0
876 4
877 58
878 24
879 18
880 76
881 52
882 7
883 5
884 27
885 3
886 6
887 3
888 14
889 85
890 8
891 6
892 19
893 8
894 6
895 13
896 10
897 15
898 4
899 3
900 0
901 0
902 6
903 94
904 39
905 10
906 42
907 53
908 42
909 2
910 5
911 29
912 0
913 1
914 14
915 34
916 1
917 15
918 36
919 9
920 35
921 47
922 15
923 4
924 7
925 2
926 7
927 15
928 0
929 1
930 24
931 72
932 22
933 77
934 28
935 50
936 7
937 6
938 29
939 10
940 45
941 19
942 0
943 2
944 35
945 46
946 16
947 0
948 1
949 31
950 23
951 1
952 18
953 41
954 20
955 71
956 78
957 15
958 10
959 27
960 11
961 1
962 8
963 27
964 30
965 4
966 21
967 18
968 23
969 48
970 22
971 0
972 22
973 38
974 12
975 28
976 6
977 2
978 86
979 11
980 79
981 87
982 15
983 7
984 47
985 39
986 11
987 4
988 0
989 0
990 0
991 8
992 8
993 63
994 29
995 13
996 19
997 6
998 0
999 22
1000 10
1001 22
1002 38
1003 0
1004 0
1005 0
1006 0
1007 32
1008 63
1009 0
1010 9
1011 4
1012 2
1013 0
1014 0
1015 1
1016 17
1017 51
1018 5
1019 43
1020 37
1021 59
1022 38
1023 17
1024 19
1025 8
1026 28
1027 71
1028 14
1029 5
1030 5
1031 40
1032 0
1033 2
1034 11
1035 23
1036 10
1037 4
1038 52
1039 35
1040 45
1041 27
1042 3
1043 0
1044 9
1045 13
1046 26
1047 17
1048 25
1049 3
1050 4
1051 0
1052 0
1053 0
1054 2
1055 9
1056 11
1057 21
1058 34
1059 57
1060 54
1061 0
1062 0
1063 0
1064 0
1065 6
1066 3
1067 13
1068 3
1069 14
1070 15
1071 6
1072 50
1073 18
1074 37
1075 0
1076 6
1077 0
1078 20
1079 5
1080 38
1081 21
1082 9
1083 16
1084 14
1085 5
1086 0
1087 5
1088 0
1089 1
1090 42
1091 60
1092 42
1093 65
1094 28
1095 0
1096 13
1097 3
1098 14
1099 60
1100 0
1101 4
1102 5
1103 11
1104 3
1105 5
1106 68
1107 70
1108 12
1109 1
1110 124
1111 32
1112 5
1113 24
1114 43
1115 0
1116 0
1117 5
1118 8
1119 46
1120 40
1121 37
1122 5
1123 2
1124 11
1125 3
1126 0
1127 0
1128 15
1129 28
1130 1
1131 1
1132 0
1133 22
1134 12
1135 7
1136 0
1137 0
1138 0
1139 31
1140 128
1141 78
1142 29
1143 1
1144 3
1145 0
1146 8
1147 0
1148 3
1149 47
1150 88
1151 9
1152 9
1153 12
1154 21
1155 71
1156 43
1157 33
1158 9
1159 0
1160 8
1161 3
1162 17
1163 0
1164 0
1165 0
1166 11
1167 18
1168 49
1169 0
1170 46
1171 0
1172 1
1173 9
1174 2
1175 3
1176 30
1177 66
1178 10
1179 58
1180 5
1181 37
1182 26
1183 51
1184 21
1185 41
1186 25
1187 14
1188 2
1189 0
1190 1
1191 19
1192 0
1193 2
1194 7
1195 1
1196 7
1197 2
1198 18
1199 20
1200 10
1201 0
1202 0
1203 47
1204 4
1205 1
1206 11
1207 2
1208 18
1209 10
1210 37
1211 35
1212 82
1213 5
1214 22
1215 48
1216 22
1217 79
1218 38
1219 7
1220 29
1221 15
1222 5
1223 20
1224 18
1225 3
1226 10
1227 2
1228 20
1229 40
1230 10
1231 2
1232 11
1233 23
1234 22
1235 75
1236 17
1237 14
1238 26
1239 0
1240 10
1241 0
1242 2
1243 26
1244 0
1245 17
1246 8
1247 28
1248 64
1249 92
1250 8
1251 39
1252 68
1253 85
1254 135
1255 18
1256 12
1257 5
1258 39
1259 3
1260 13
1261 6
1262 17
1263 17
1264 43
1265 29
1266 0
1267 6
1268 1
1269 0
1270 1
1271 9
1272 18
1273 0
1274 119
1275 47
1276 3
1277 10
1278 10
1279 14
1280 1
1281 2
1282 0
1283 0
1284 0
1285 0
1286 27
1287 64
1288 15
1289 55
1290 40
1291 49
1292 20
1293 26
1294 335
1295 128
1296 12
1297 3
1298 17
1299 44
1300 0
1301 0
1302 11
1303 22
1304 59
1305 13
1306 9
1307 40
1308 32
1309 25
1310 5
1311 18
1312 0
1313 0
1314 0
1315 57
1316 52
1317 52
1318 69
1319 61
1320 0
1321 106
1322 59
1323 10
1324 9
1325 17
1326 2
1327 8
1328 0
1329 12
1330 6
1331 17
1332 64
1333 20
1334 7
1335 16
1336 0
1337 45
1338 38
1339 113
1340 157
1341 27
1342 9
1343 41
1344 48
1345 11
1346 9
1347 6
1348 0
1349 10
1350 61
1351 5
1352 2
1353 54
1354 8
1355 35
1356 26
1357 8
1358 11
1359 33
1360 3
1361 0
1362 0
1363 28
1364 78
1365 87
1366 17
1367 26
1368 28
1369 67
1370 54
1371 50
1372 0
1373 8
1374 0
1375 0
1376 2
1377 4
1378 15
1379 67
1380 0
1381 6
1382 11
1383 14
1384 33
1385 19
1386 44
1387 120
1388 37
1389 6
1390 40
1391 39
1392 8
1393 9
1394 6
1395 22
1396 19
1397 13
1398 0
1399 8
1400 43
1401 29
1402 23
1403 29
1404 25
1405 8
1406 11
1407 37
1408 34
1409 39
1410 36
1411 14
1412 12
1413 0
1414 6
1415 4
1416 32
1417 39
1418 32
1419 66
1420 29
1421 80
1422 18
1423 0
1424 7
1425 0
1426 6
1427 28
1428 77
1429 129
1430 74
1431 100
1432 73
1433 29
1434 40
1435 45
1436 31
1437 74
1438 2
1439 0
1440 16
1441 21
1442 115
1443 16
1444 22
1445 44
1446 64
1447 14
1448 16
1449 11
1450 9
1451 72
1452 13
1453 44
1454 28
1455 5
1456 21
1457 85
1458 4
1459 83
1460 21
1461 15
1462 6
1463 17
1464 0
1465 13
1466 21
1467 19
1468 5
1469 4
1470 1
1471 0
1472 4
1473 3
1474 2
1475 24
1476 115
1477 185
1478 88
1479 61
1480 92
1481 67
1482 18
1483 49
1484 31
1485 0
1486 12
1487 0
1488 38
1489 35
1490 138
1491 36
1492 15
1493 29
1494 40
1495 9
1496 56
1497 70
1498 10
1499 21
1500 47
1501 15
1502 16
1503 10
1504 38
1505 59
1506 10
1507 20
1508 56
1509 13
1510 20
1511 3
1512 4
1513 12
1514 84
1515 29
1516 17
1517 3
1518 0
1519 0
1520 0
1521 1
1522 3
1523 3
1524 35
1525 106
1526 80
1527 232
1528 174
1529 106
1530 43
1531 2
1532 15
1533 59
1534 4
1535 35
1536 21
1537 23
1538 44
1539 30
1540 2
1541 32
1542 7
1543 23
1544 130
1545 83
1546 78
1547 36
1548 12
1549 33
1550 56
1551 12
1552 16
1553 22
1554 11
1555 13
1556 72
1557 124
1558 12
1559 17
1560 21
1561 80
1562 52
1563 46
1564 0
1565 4
1566 18
1567 18
1568 54
1569 0
1570 3
1571 11
1572 168
1573 329
1574 101
1575 9
1576 112
1577 48
1578 38
1579 74
1580 80
1581 34
1582 43
1583 32
1584 24
1585 5
1586 0
1587 19
1588 54
1589 7
1590 111
1591 36
1592 25
1593 27
1594 26
1595 90
1596 64
1597 8
1598 2
1599 9
1600 89
1601 26
1602 76
1603 10
1604 4
1605 1
1606 0
1607 13
1608 0
1609 1
1610 0
1611 0
1612 26
1613 29
1614 16
1615 2
1616 41
1617 148
1618 115
1619 186
1620 92
1621 126
1622 122
1623 42
1624 37
1625 4
1626 85
1627 53
1628 24
1629 58
1630 29
1631 28
1632 32
1633 29
1634 44
1635 12
1636 12
1637 24
1638 24
1639 26
1640 48
1641 13
1642 0
1643 3
1644 6
1645 88
1646 165
1647 32
1648 54
1649 25
1650 22
1651 0
1652 143
1653 7
1654 21
1655 67
1656 60
1657 19
1658 25
1659 41
1660 21
1661 27
1662 32
1663 7
1664 33
1665 45
1666 35
1667 75
1668 63
1669 1
1670 16
1671 18
1672 0
1673 3
1674 0
1675 0
1676 2
1677 165
1678 109
1679 89
1680 92
1681 0
1682 51
1683 52
1684 25
1685 61
1686 43
1687 17
1688 22
1689 38
1690 17
1691 43
1692 9
1693 22
1694 37
1695 0
1696 19
1697 2
1698 10
1699 9
1700 5
1701 74
1702 9
1703 28
1704 0
1705 0
1706 5
1707 16
1708 1
1709 27
1710 138
1711 39
1712 29
1713 21
1714 28
1715 65
1716 49
1717 32
1718 7
1719 0
1720 3
1721 21
1722 8
1723 3
1724 0
1725 8
1726 19
1727 15
1728 54
1729 46
1730 2
1731 6
1732 3
1733 19
1734 6
1735 2
1736 16
1737 32
1738 63
1739 55
1740 36
1741 9
1742 48
1743 3
1744 26
1745 37
1746 17
1747 0
1748 2
1749 6
1750 14
1751 32
1752 50
1753 4
1754 0
1755 18
1756 11
1757 10
1758 21
1759 0
1760 1
1761 54
1762 15
1763 28
1764 23
1765 27
1766 16
1767 58
1768 29
1769 1
1770 8
1771 0
1772 28
1773 48
1774 25
1775 17
1776 19
1777 27
1778 43
1779 0
1780 7
1781 0
1782 27
1783 0
1784 9
1785 15
1786 2
1787 34
1788 18
1789 7
1790 25
1791 1
1792 0
1793 16
1794 3
1795 0
1796 9
1797 66
1798 57
1799 114
1800 94
1801 31
1802 34
1803 9
1804 0
1805 92
1806 82
1807 21
1808 27
1809 1
1810 31
1811 13
1812 11
1813 16
1814 9
1815 12
1816 7
1817 1
1818 14
1819 3
1820 26
1821 18
1822 15
1823 17
1824 62
1825 21
1826 5
1827 19
1828 24
1829 46
1830 4
1831 41
1832 14
1833 44
1834 5
1835 47
1836 19
1837 5
1838 20
1839 12
1840 15
1841 15
1842 7
1843 25
1844 65
1845 44
1846 14
1847 17
1848 45
1849 65
1850 7
1851 5
1852 8
1853 30
1854 11
1855 39
1856 19
1857 6
1858 58
1859 67
1860 16
1861 48
1862 45
1863 2
1864 21
1865 6
1866 23
1867 171
1868 40
1869 27
1870 7
1871 23
1872 80
1873 40
1874 11
1875 6
1876 8
1877 17
1878 22
1879 19
1880 0
1881 42
1882 64
1883 78
1884 45
1885 17
1886 8
1887 9
1888 0
1889 30
1890 41
1891 9
1892 26
1893 29
1894 108
1895 107
1896 43
1897 14
1898 12
1899 9
1900 50
1901 32
1902 6
1903 70
1904 24
1905 34
1906 24
1907 34
1908 17
1909 21
1910 22
1911 31
1912 55
1913 29
1914 6
1915 2
1916 4
1917 39
1918 19
1919 39
1920 12
1921 29
1922 6
1923 34
1924 32
1925 33
1926 4
1927 6
1928 9
1929 7
1930 15
1931 26
1932 12
1933 4
1934 16
1935 34
1936 45
1937 7
1938 3
1939 11
1940 40
1941 29
1942 88
1943 64
1944 11
1945 10
1946 14
1947 0
1948 18
1949 11
1950 13
1951 38
1952 27
1953 42
1954 21
1955 68
1956 8
1957 24
1958 33
1959 12
1960 10
1961 4
1962 1
1963 6
1964 72
1965 73
1966 6
1967 39
1968 60
1969 27
1970 15
1971 28
1972 61
1973 9
1974 17
1975 42
1976 16
1977 0
1978 2
1979 2
1980 33
1981 63
1982 24
1983 10
1984 12
1985 60
1986 28
1987 0
1988 6
1989 42
1990 21
1991 29
1992 25
1993 11
1994 23
1995 60
1996 95
1997 32
1998 20
1999 40
2000 35
2001 1
2002 5
2003 21
2004 61
2005 32
2006 16
2007 19
2008 18
2009 19
2010 33
2011 36
2012 5
2013 5
2014 39
2015 33
2016 62
2017 75
2018 6
2019 51
2020 21
2021 12
2022 15
2023 62
2024 83
2025 2
2026 18
2027 17
2028 20
2029 12
2030 32
2031 42
2032 32
2033 13
2034 29
2035 53
2036 63
2037 26
2038 19
2039 14
2040 10
2041 10
2042 12
2043 49
2044 10
2045 16
2046 19
2047 20
2048 58
2049 65
2050 45
2051 46
2052 3
2053 4
2054 36
2055 92
2056 16
2057 19
2058 20
2059 24
2060 15
2061 42
2062 32
2063 26
2064 5
2065 5
2066 43
2067 28
2068 0
2069 47
2070 12
2071 29
2072 52
2073 48
2074 25
2075 36
2076 52
2077 15
2078 0
2079 6
2080 34
2081 57
2082 43
2083 0
2084 18
2085 14
2086 32
2087 29
2088 38
2089 33
2090 25
2091 18
2092 14
2093 14
2094 24
2095 93
2096 16
2097 100
2098 46
2099 26
2100 12
2101 5
2102 2
2103 69
2104 68
2105 29
2106 2
2107 1
2108 11
2109 9
2110 48
2111 35
2112 50
2113 29
2114 19
2115 35
2116 25
2117 21
2118 61
2119 70
2120 12
2121 13
2122 3
2123 2
2124 56
2125 7
2126 39
2127 32
2128 47
2129 19
2130 26
2131 56
2132 68
2133 7
2134 0
2135 4
2136 1
2137 40
2138 78
2139 0
2140 5
2141 0
2142 1
2143 2
2144 44
2145 47
2146 16
2147 9
2148 64
2149 32
2150 80
2151 0
2152 45
2153 55
2154 42
2155 9
2156 2
2157 4
2158 3
2159 18
2160 64
2161 62
2162 0
2163 2
2164 9
2165 50
2166 21
2167 17
2168 10
2169 29
2170 9
2171 5
2172 36
2173 23
2174 2
2175 18
2176 0
2177 28
2178 6
2179 15
2180 5
2181 20
2182 12
2183 21
2184 8
2185 0
2186 0
2187 32
2188 18
2189 10
2190 36
2191 35
2192 12
2193 40
2194 5
2195 2
2196 0
2197 9
2198 5
2199 20
2200 15
2201 26
2202 31
2203 50
2204 7
2205 50
2206 0
2207 11
2208 1
2209 24
2210 14
2211 39
2212 81
2213 62
2214 10
2215 13
2216 2
2217 4
2218 0
2219 0
2220 25
2221 1
2222 1
2223 13
2224 28
2225 6
2226 4
2227 48
2228 42
2229 38
2230 42
2231 4
2232 15
2233 0
2234 2
2235 7
2236 2
2237 17
2238 5
2239 1
2240 0
2241 3
2242 2
2243 53
2244 24
2245 5
2246 9
2247 45
2248 77
2249 10
2250 58
2251 23
2252 10
2253 0
2254 60
2255 34
2256 38
2257 13
2258 0
2259 5
2260 39
2261 5
2262 0
2263 0
2264 0
2265 15
2266 65
2267 53
2268 51
2269 66
2270 65
2271 39
2272 2
2273 8
2274 84
2275 57
2276 27
2277 61
2278 17
2279 7
2280 0
2281 51
2282 65
2283 5
2284 0
2285 7
2286 33
2287 8
2288 13
2289 15
2290 0
2291 82
2292 6
2293 2
2294 64
2295 49
2296 12
2297 26
2298 18
2299 2
2300 28
2301 45
2302 23
2303 2
2304 12
2305 5
2306 8
2307 28
2308 65
2309 23
2310 20
2311 19
2312 16
2313 15
2314 29
2315 13
2316 69
2317 26
2318 0
2319 8
2320 50
2321 30
2322 22
2323 0
2324 0
2325 5
2326 56
2327 93
2328 17
2329 6
2330 6
2331 2
2332 11
2333 14
2334 0
2335 111
2336 16
2337 2
2338 18
2339 33
2340 28
2341 10
2342 0
2343 0
2344 21
2345 43
2346 0
2347 33
2348 5
2349 20
2350 28
2351 40
2352 36
2353 63
2354 34
2355 7
2356 25
2357 9
2358 1
2359 0
2360 1
2361 0
2362 0
2363 58
2364 48
2365 7
2366 43
2367 33
2368 9
2369 25
2370 45
2371 27
2372 27
2373 12
2374 1
2375 30
2376 39
2377 0
2378 0
2379 8
2380 11
2381 3
2382 53
2383 36
2384 19
2385 74
2386 21
2387 50
2388 93
2389 46
2390 36
2391 66
2392 9
2393 8
2394 54
2395 20
2396 5
2397 1
2398 50
2399 1
2400 5
2401 32
2402 111
2403 7
2404 16
2405 41
2406 58
2407 0
2408 22
2409 31
2410 26
2411 49
2412 30
2413 6
2414 0
2415 11
2416 4
2417 8
2418 2
2419 37
2420 61
2421 49
2422 113
2423 16
2424 31
2425 39
2426 54
2427 66
2428 66
2429 14
2430 0
2431 0
2432 40
2433 0
2434 6
2435 18
2436 21
2437 11
2438 72
2439 8
2440 24
2441 56
2442 58
2443 29
2444 29
2445 31
2446 3
2447 0
2448 0
2449 25
2450 2
2451 5
2452 5
2453 2
2454 21
2455 20
2456 30
2457 27
2458 5
2459 19
2460 6
2461 0
2462 0
2463 2
2464 14
2465 109
2466 19
2467 0
2468 8
2469 9
2470 17
2471 13
2472 12
2473 3
2474 0
2475 1
2476 0
2477 7
2478 33
2479 4
2480 10
2481 15
2482 6
2483 10
2484 23
2485 27
2486 13
2487 36
2488 6
2489 12
2490 1
2491 0
2492 0
2493 0
2494 11
2495 26
2496 8
2497 15
2498 3
2499 15
2500 8
2501 9
2502 11
2503 55
2504 0
2505 0
2506 3
2507 0
2508 1
2509 9
2510 6
2511 8
2512 0
2513 14
2514 0
2515 0
2516 5
2517 0
2518 0
2519 0
2520 6
2521 4
2522 4
2523 17
2524 0
2525 0
2526 26
2527 11
2528 0
2529 4
2530 10
2531 2
2532 0
2533 1
2534 39
2535 50
2536 8
2537 14
2538 21
2539 3
2540 0
2541 4
2542 62
2543 14
2544 19
2545 54
2546 5
2547 2
2548 16
2549 7
2550 4
2551 1
2552 16
2553 29
2554 10
2555 0
2556 0
2557 0
2558 9
2559 10
2560 25
2561 23
2562 5
2563 20
2564 4
2565 6
2566 10
2567 5
2568 5
2569 1
2570 4
2571 2
2572 0
2573 10
2574 0
2575 23
2576 0
2577 0
2578 1
2579 0
2580 0
2581 0
2582 0
2583 0
2584 0
2585 0
2586 0
2587 0
2588 0
2589 0
2590 0
2591 0
2592 0
2593 0
2594 0
2595 0
2596 0
2597 0
2598 0
