0 17
1 0
2 3
3 0
4 6
5 11
6 0
7 0
8 0
9 0
10 4
11 17
12 2
13 9
14 28
15 13
16 23
17 3
18 1
19 52
20 0
21 8
22 2
23 36
24 0
25 9
26 0
27 0
28 0
29 0
30 0
31 1
32 0
33 12
34 0
35 17
36 2
37 3
38 2
39 1
40 6
41 1
42 2
43 0
44 22
45 0
46 2
47 0
48 1
49 20
50 10
51 0
52 20
53 20
54 16
55 1
56 3
57 10
58 17
59 0
60 4
61 25
62 21
63 1
64 3
65 45
66 4
67 19
68 7
69 0
70 4
71 4
72 2
73 0
74 20
75 29
76 0
77 12
78 0
79 34
80 2
81 0
82 14
83 8
84 1
85 0
86 15
87 38
88 41
89 0
90 1
91 2
92 0
93 16
94 4
95 0
96 3
97 21
98 4
99 20
100 0
101 1
102 16
103 17
104 2
105 9
106 20
107 7
108 22
109 16
110 1
111 7
112 8
113 5
114 16
115 6
116 22
117 4
118 2
119 9
120 0
121 9
122 42
123 11
124 3
125 0
126 1
127 3
128 7
129 10
130 3
131 10
132 3
133 0
134 0
135 29
136 19
137 79
138 4
139 5
140 36
141 27
142 4
143 4
144 0
145 1
146 23
147 6
148 31
149 21
150 6
151 0
152 0
153 8
154 7
155 10
156 4
157 5
158 69
159 10
160 4
161 5
162 0
163 14
164 13
165 17
166 26
167 18
168 5
169 5
170 31
171 19
172 9
173 5
174 29
175 60
176 40
177 0
178 8
179 0
180 35
181 3
182 81
183 36
184 17
185 11
186 0
187 52
188 30
189 2
190 7
191 0
192 0
193 0
194 0
195 0
196 31
197 20
198 2
199 22
200 17
201 15
202 7
203 34
204 24
205 46
206 63
207 16
208 8
209 0
210 54
211 0
212 7
213 12
214 0
215 37
216 1
217 11
218 12
219 51
220 10
221 44
222 38
223 35
224 65
225 29
226 33
227 3
228 0
229 5
230 2
231 0
232 0
233 0
234 0
235 3
236 0
237 0
238 20
239 77
240 3
241 72
242 45
243 6
244 49
245 11
246 15
247 0
248 12
249 8
250 6
251 2
252 5
253 0
254 2
255 7
256 112
257 39
258 5
259 2
260 0
261 0
262 2
263 17
264 3
265 6
266 1
267 7
268 1
269 0
270 10
271 27
272 7
273 0
274 3
275 4
276 2
277 0
278 4
279 20
280 3
281 0
282 12
283 71
284 1
285 2
286 7
287 6
288 6
289 3
290 54
291 13
292 83
293 27
294 0
295 16
296 23
297 8
298 11
299 5
300 0
301 11
302 18
303 14
304 77
305 25
306 17
307 40
308 0
309 19
310 15
311 23
312 24
313 4
314 1
315 28
316 20
317 29
318 69
319 2
320 7
321 12
322 3
323 4
324 0
325 0
326 4
327 2
328 0
329 0
330 3
331 16
332 5
333 30
334 41
335 38
336 4
337 14
338 48
339 32
340 0
341 1
342 4
343 0
344 4
345 1
346 13
347 2
348 29
349 12
350 17
351 67
352 11
353 0
354 0
355 0
356 0
357 16
358 0
359 18
360 20
361 49
362 61
363 0
364 0
365 0
366 4
367 9
368 23
369 23
370 11
371 3
372 5
373 10
374 5
375 6
376 13
377 1
378 4
379 0
380 18
381 0
382 15
383 1
384 13
385 20
386 0
387 0
388 18
389 25
390 37
391 23
392 49
393 1
394 26
395 11
396 47
397 20
398 0
399 31
400 2
401 15
402 7
403 6
404 25
405 17
406 38
407 35
408 7
409 1
410 2
411 9
412 14
413 61
414 39
415 2
416 6
417 13
418 3
419 10
420 5
421 2
422 27
423 22
424 36
425 11
426 10
427 0
428 22
429 0
430 44
431 1
432 5
433 10
434 0
435 1
436 42
437 56
438 80
439 29
440 42
441 35
442 17
443 65
444 10
445 13
446 6
447 2
448 33
449 12
450 23
451 13
452 23
453 42
454 43
455 6
456 0
457 53
458 0
459 0
460 3
461 40
462 32
463 20
464 21
465 16
466 2
467 36
468 20
469 36
470 60
471 58
472 34
473 18
474 37
475 13
476 0
477 5
478 0
479 7
480 3
481 10
482 9
483 2
484 29
485 9
486 18
487 23
488 8
489 41
490 11
491 8
492 40
493 75
494 7
495 14
496 11
497 4
498 52
499 17
500 14
501 12
502 11
503 4
504 1
505 16
506 24
507 3
508 3
509 73
510 6
511 8
512 28
513 52
514 18
515 34
516 19
517 13
518 0
519 13
520 53
521 48
522 2
523 5
524 12
525 0
526 1
527 4
528 18
529 5
530 2
531 5
532 35
533 35
534 3
535 30
536 33
537 5
538 0
539 26
540 3
541 11
542 0
543 33
544 36
545 2
546 19
547 0
548 22
549 2
550 14
551 3
552 31
553 29
554 49
555 43
556 7
557 3
558 12
559 25
560 7
561 17
562 9
563 1
564 0
565 0
566 0
567 7
568 2
569 1
570 9
571 25
572 13
573 7
574 4
575 25
576 6
577 14
578 10
579 11
580 0
581 0
582 3
583 14
584 17
585 17
586 16
587 4
588 25
589 64
590 1
591 0
592 14
593 0
594 3
595 7
596 5
597 3
598 32
599 55
600 26
601 69
602 11
603 10
604 7
605 4
606 16
607 18
608 28
609 8
610 17
611 11
612 34
613 21
614 54
615 36
616 35
617 1
618 3
619 1
620 5
621 0
622 13
623 6
624 6
625 47
626 23
627 54
628 34
629 31
630 42
631 6
632 14
633 8
634 13
635 6
636 19
637 1
638 7
639 23
640 0
641 18
642 19
643 50
644 11
645 42
646 25
647 1
648 3
649 0
650 0
651 13
652 22
653 11
654 9
655 13
656 6
657 0
658 39
659 29
660 2
661 0
662 1
663 24
664 3
665 0
666 20
667 17
668 0
669 8
670 18
671 0
672 6
673 2
674 5
675 0
676 29
677 38
678 26
679 15
680 33
681 33
682 1
683 8
684 0
685 0
686 3
687 0
688 0
689 8
690 41
691 25
692 16
693 1
694 4
695 7
696 0
697 4
698 2
699 13
700 9
701 12
702 17
703 0
704 5
705 33
706 43
707 22
708 0
709 26
710 1
711 0
712 3
713 2
714 0
715 2
716 18
717 67
718 24
719 15
720 54
721 14
722 6
723 0
724 10
725 3
726 13
727 9
728 6
729 24
730 0
731 32
732 4
733 0
734 14
735 9
736 23
737 12
738 36
739 45
740 19
741 9
742 0
743 5
744 35
745 0
746 0
747 0
748 27
749 7
750 71
751 2
752 31
753 7
754 22
755 3
756 9
757 8
758 7
759 37
760 20
761 6
762 14
763 7
764 46
765 0
766 12
767 13
768 0
769 9
770 44
771 6
772 3
773 0
774 11
775 20
776 11
777 9
778 11
779 1
780 0
781 4
782 13
783 5
784 12
785 8
786 27
787 20
788 3
789 39
790 5
791 6
792 9
793 25
794 20
795 0
796 22
797 30
798 0
799 8
800 4
801 0
802 6
803 1
804 1
805 0
806 40
807 19
808 10
809 35
810 18
811 3
812 14
813 17
814 3
815 0
816 0
817 0
818 7
819 30
820 35
821 41
822 14
823 22
824 5
825 14
826 5
827 29
828 14
829 6
830 8
831 12
832 17
833 22
834 22
835 11
836 16
837 6
838 7
839 2
840 0
841 0
842 3
843 0
844 11
845 12
846 18
847 30
848 19
849 5
850 22
851 0
852 21
853 4
854 2
855 13
856 5
857 33
858 22
859 2
860 4
861 11
862 24
863 6
864 7
865 13
866 4
867 15
868 3
869 3
870 6
871 3
872 0
873 1
874 0
875 0
876 2
877 41
878 16
879 11
880 58
881 37
882 3
883 5
884 16
885 0
886 3
887 4
888 8
889 60
890 8
891 6
892 15
893 7
894 6
895 13
896 6
897 13
898 4
899 2
900 0
901 0
902 6
903 75
904 29
905 7
906 28
907 41
908 32
909 0
910 2
911 26
912 0
913 0
914 12
915 29
916 2
917 10
918 27
919 6
920 28
921 35
922 10
923 2
924 4
925 1
926 4
927 14
928 0
929 0
930 17
931 55
932 18
933 0
934 28
935 40
936 4
937 5
938 25
939 8
940 30
941 11
942 0
943 1
944 34
945 36
946 11
947 0
948 0
949 27
950 17
951 2
952 16
953 29
954 12
955 57
956 64
957 10
958 6
959 17
960 12
961 0
962 5
963 19
964 20
965 3
966 16
967 11
968 15
969 36
970 0
971 1
972 14
973 30
974 8
975 16
976 3
977 1
978 69
979 11
980 66
981 50
982 12
983 5
984 40
985 0
986 7
987 3
988 0
989 0
990 2
991 6
992 9
993 42
994 26
995 6
996 0
997 0
998 8
999 15
1000 6
1001 19
1002 25
1003 0
1004 0
1005 0
1006 0
1007 28
1008 46
1009 0
1010 5
1011 2
1012 2
1013 0
1014 0
1015 1
1016 11
1017 36
1018 4
1019 35
1020 25
1021 47
1022 28
1023 10
1024 0
1025 5
1026 23
1027 51
1028 12
1029 4
1030 3
1031 31
1032 0
1033 2
1034 7
1035 17
1036 7
1037 4
1038 45
1039 27
1040 40
1041 16
1042 1
1043 14
1044 5
1045 8
1046 17
1047 12
1048 22
1049 3
1050 0
1051 0
1052 0
1053 0
1054 2
1055 7
1056 9
1057 15
1058 22
1059 42
1060 41
1061 10
1062 0
1063 3
1064 0
1065 4
1066 1
1067 9
1068 5
1069 11
1070 7
1071 5
1072 34
1073 16
1074 25
1075 2
1076 4
1077 0
1078 14
1079 0
1080 30
1081 15
1082 8
1083 10
1084 11
1085 2
1086 0
1087 1
1088 0
1089 0
1090 27
1091 48
1092 32
1093 40
1094 26
1095 3
1096 11
1097 2
1098 9
1099 51
1100 1
1101 4
1102 0
1103 11
1104 2
1105 3
1106 51
1107 49
1108 8
1109 1
1110 105
1111 28
1112 1
1113 20
1114 35
1115 3
1116 0
1117 5
1118 5
1119 35
1120 38
1121 31
1122 3
1123 1
1124 6
1125 0
1126 8
1127 0
1128 11
1129 17
1130 0
1131 0
1132 0
1133 17
1134 6
1135 6
1136 0
1137 0
1138 0
1139 22
1140 106
1141 60
1142 22
1143 0
1144 3
1145 0
1146 7
1147 0
1148 0
1149 39
1150 59
1151 5
1152 5
1153 8
1154 13
1155 49
1156 34
1157 21
1158 7
1159 2
1160 7
1161 1
1162 13
1163 0
1164 0
1165 0
1166 10
1167 16
1168 33
1169 5
1170 35
1171 0
1172 0
1173 7
1174 2
1175 2
1176 25
1177 52
1178 7
1179 40
1180 3
1181 27
1182 18
1183 35
1184 11
1185 29
1186 16
1187 11
1188 2
1189 0
1190 0
1191 14
1192 17
1193 0
1194 4
1195 1
1196 5
1197 1
1198 13
1199 0
1200 8
1201 0
1202 0
1203 41
1204 4
1205 2
1206 8
1207 0
1208 8
1209 6
1210 29
1211 23
1212 63
1213 5
1214 17
1215 30
1216 15
1217 61
1218 28
1219 5
1220 16
1221 10
1222 3
1223 0
1224 9
1225 0
1226 6
1227 4
1228 14
1229 24
1230 11
1231 1
1232 8
1233 16
1234 17
1235 53
1236 8
1237 0
1238 19
1239 1
1240 7
1241 0
1242 1
1243 19
1244 1
1245 11
1246 7
1247 17
1248 44
1249 73
1250 5
1251 29
1252 46
1253 63
1254 104
1255 13
1256 11
1257 4
1258 32
1259 3
1260 7
1261 4
1262 12
1263 12
1264 33
1265 25
1266 15
1267 5
1268 0
1269 2
1270 2
1271 6
1272 13
1273 10
1274 87
1275 38
1276 0
1277 8
1278 9
1279 9
1280 1
1281 0
1282 1
1283 0
1284 0
1285 0
1286 21
1287 45
1288 17
1289 36
1290 26
1291 37
1292 13
1293 20
1294 263
1295 85
1296 11
1297 3
1298 11
1299 31
1300 4
1301 0
1302 6
1303 19
1304 49
1305 10
1306 4
1307 26
1308 22
1309 21
1310 3
1311 11
1312 0
1313 0
1314 0
1315 38
1316 37
1317 43
1318 47
1319 48
1320 46
1321 87
1322 39
1323 7
1324 7
1325 10
1326 3
1327 0
1328 0
1329 12
1330 4
1331 13
1332 50
1333 10
1334 4
1335 7
1336 10
1337 32
1338 27
1339 86
1340 119
1341 17
1342 8
1343 34
1344 34
1345 8
1346 6
1347 3
1348 0
1349 9
1350 0
1351 2
1352 1
1353 44
1354 5
1355 0
1356 19
1357 5
1358 8
1359 26
1360 0
1361 1
1362 0
1363 17
1364 69
1365 70
1366 15
1367 21
1368 18
1369 49
1370 36
1371 33
1372 0
1373 4
1374 0
1375 0
1376 2
1377 5
1378 13
1379 47
1380 54
1381 0
1382 6
1383 10
1384 24
1385 11
1386 32
1387 95
1388 25
1389 5
1390 36
1391 25
1392 5
1393 4
1394 3
1395 15
1396 17
1397 11
1398 0
1399 4
1400 31
1401 19
1402 18
1403 25
1404 16
1405 6
1406 7
1407 23
1408 24
1409 29
1410 21
1411 12
1412 9
1413 0
1414 6
1415 4
1416 19
1417 34
1418 24
1419 51
1420 24
1421 64
1422 18
1423 1
1424 7
1425 0
1426 4
1427 24
1428 67
1429 90
1430 52
1431 72
1432 49
1433 21
1434 22
1435 35
1436 27
1437 52
1438 2
1439 0
1440 13
1441 15
1442 0
1443 12
1444 15
1445 29
1446 45
1447 10
1448 13
1449 5
1450 6
1451 54
1452 10
1453 37
1454 21
1455 4
1456 13
1457 59
1458 0
1459 56
1460 16
1461 8
1462 7
1463 9
1464 0
1465 13
1466 18
1467 16
1468 4
1469 2
1470 0
1471 0
1472 3
1473 4
1474 2
1475 20
1476 86
1477 157
1478 65
1479 45
1480 71
1481 47
1482 9
1483 37
1484 28
1485 0
1486 6
1487 3
1488 27
1489 20
1490 94
1491 24
1492 9
1493 24
1494 29
1495 8
1496 48
1497 52
1498 7
1499 23
1500 34
1501 8
1502 11
1503 7
1504 0
1505 41
1506 5
1507 15
1508 46
1509 5
1510 13
1511 3
1512 3
1513 6
1514 57
1515 17
1516 0
1517 1
1518 0
1519 0
1520 0
1521 2
1522 3
1523 2
1524 28
1525 86
1526 51
1527 169
1528 132
1529 79
1530 33
1531 1
1532 16
1533 48
1534 0
1535 25
1536 17
1537 18
1538 31
1539 21
1540 2
1541 25
1542 5
1543 21
1544 92
1545 52
1546 63
1547 27
1548 10
1549 17
1550 38
1551 11
1552 10
1553 16
1554 0
1555 12
1556 0
1557 92
1558 10
1559 10
1560 18
1561 65
1562 38
1563 29
1564 0
1565 1
1566 19
1567 14
1568 46
1569 0
1570 0
1571 0
1572 128
1573 243
1574 79
1575 11
1576 0
1577 35
1578 25
1579 0
1580 72
1581 24
1582 30
1583 26
1584 13
1585 4
1586 0
1587 16
1588 46
1589 6
1590 0
1591 27
1592 17
1593 22
1594 22
1595 68
1596 48
1597 7
1598 2
1599 8
1600 60
1601 16
1602 59
1603 10
1604 6
1605 0
1606 2
1607 9
1608 1
1609 0
1610 2
1611 0
1612 19
1613 23
1614 13
1615 2
1616 29
1617 101
1618 80
1619 140
1620 75
1621 113
1622 89
1623 31
1624 23
1625 2
1626 72
1627 37
1628 16
1629 41
1630 22
1631 17
1632 27
1633 18
1634 34
1635 11
1636 15
1637 15
1638 18
1639 18
1640 36
1641 7
1642 0
1643 3
1644 0
1645 62
1646 116
1647 18
1648 38
1649 17
1650 14
1651 43
1652 111
1653 3
1654 0
1655 46
1656 53
1657 11
1658 24
1659 30
1660 18
1661 21
1662 23
1663 6
1664 24
1665 31
1666 22
1667 55
1668 44
1669 0
1670 9
1671 12
1672 0
1673 2
1674 0
1675 1
1676 0
1677 117
1678 79
1679 63
1680 0
1681 25
1682 33
1683 34
1684 23
1685 43
1686 29
1687 11
1688 17
1689 28
1690 11
1691 28
1692 6
1693 20
1694 27
1695 0
1696 11
1697 3
1698 5
1699 7
1700 4
1701 64
1702 4
1703 14
1704 0
1705 1
1706 5
1707 15
1708 0
1709 24
1710 116
1711 0
1712 22
1713 18
1714 17
1715 53
1716 34
1717 22
1718 6
1719 11
1720 2
1721 18
1722 4
1723 0
1724 8
1725 3
1726 15
1727 10
1728 44
1729 33
1730 2
1731 3
1732 0
1733 17
1734 7
1735 0
1736 11
1737 25
1738 43
1739 36
1740 28
1741 9
1742 31
1743 1
1744 18
1745 34
1746 13
1747 0
1748 2
1749 6
1750 9
1751 27
1752 34
1753 3
1754 2
1755 13
1756 6
1757 9
1758 14
1759 0
1760 1
1761 35
1762 10
1763 0
1764 17
1765 20
1766 8
1767 42
1768 24
1769 0
1770 6
1771 8
1772 22
1773 43
1774 15
1775 16
1776 16
1777 24
1778 41
1779 0
1780 6
1781 0
1782 26
1783 1
1784 7
1785 11
1786 2
1787 27
1788 13
1789 5
1790 19
1791 2
1792 29
1793 11
1794 2
1795 0
1796 7
1797 51
1798 43
1799 84
1800 66
1801 17
1802 27
1803 0
1804 13
1805 63
1806 65
1807 14
1808 23
1809 0
1810 21
1811 11
1812 5
1813 11
1814 7
1815 11
1816 6
1817 0
1818 11
1819 5
1820 18
1821 14
1822 11
1823 12
1824 49
1825 17
1826 5
1827 15
1828 23
1829 34
1830 1
1831 27
1832 10
1833 27
1834 5
1835 37
1836 13
1837 0
1838 14
1839 5
1840 9
1841 9
1842 4
1843 19
1844 58
1845 28
1846 10
1847 12
1848 31
1849 56
1850 7
1851 4
1852 8
1853 20
1854 8
1855 30
1856 15
1857 6
1858 38
1859 52
1860 15
1861 35
1862 36
1863 1
1864 14
1865 3
1866 12
1867 121
1868 31
1869 14
1870 5
1871 17
1872 64
1873 30
1874 11
1875 2
1876 3
1877 15
1878 20
1879 11
1880 0
1881 32
1882 54
1883 61
1884 33
1885 0
1886 3
1887 6
1888 1
1889 25
1890 24
1891 0
1892 18
1893 18
1894 86
1895 73
1896 37
1897 12
1898 9
1899 7
1900 35
1901 26
1902 5
1903 53
1904 18
1905 24
1906 20
1907 29
1908 11
1909 17
1910 16
1911 23
1912 43
1913 21
1914 4
1915 0
1916 0
1917 25
1918 13
1919 27
1920 10
1921 22
1922 4
1923 23
1924 23
1925 24
1926 4
1927 6
1928 0
1929 5
1930 14
1931 22
1932 7
1933 3
1934 9
1935 22
1936 29
1937 5
1938 4
1939 6
1940 26
1941 24
1942 58
1943 46
1944 9
1945 11
1946 11
1947 0
1948 11
1949 10
1950 9
1951 33
1952 18
1953 24
1954 11
1955 51
1956 8
1957 22
1958 25
1959 12
1960 8
1961 5
1962 0
1963 4
1964 49
1965 56
1966 5
1967 28
1968 46
1969 22
1970 9
1971 21
1972 47
1973 5
1974 13
1975 26
1976 10
1977 0
1978 2
1979 2
1980 25
1981 45
1982 21
1983 7
1984 7
1985 44
1986 18
1987 2
1988 4
1989 34
1990 18
1991 23
1992 17
1993 10
1994 23
1995 0
1996 71
1997 23
1998 12
1999 30
2000 29
2001 2
2002 5
2003 16
2004 37
2005 19
2006 11
2007 18
2008 12
2009 19
2010 19
2011 22
2012 5
2013 6
2014 32
2015 21
2016 44
2017 51
2018 3
2019 41
2020 12
2021 10
2022 10
2023 39
2024 63
2025 0
2026 12
2027 15
2028 18
2029 8
2030 26
2031 36
2032 21
2033 8
2034 22
2035 35
2036 51
2037 19
2038 19
2039 11
2040 7
2041 7
2042 9
2043 38
2044 7
2045 15
2046 14
2047 15
2048 41
2049 49
2050 34
2051 32
2052 2
2053 3
2054 21
2055 70
2056 11
2057 11
2058 12
2059 16
2060 17
2061 32
2062 21
2063 17
2064 4
2065 0
2066 34
2067 24
2068 0
2069 33
2070 9
2071 18
2072 40
2073 34
2074 20
2075 29
2076 36
2077 12
2078 0
2079 6
2080 23
2081 49
2082 30
2083 26
2084 16
2085 13
2086 27
2087 17
2088 26
2089 26
2090 20
2091 11
2092 11
2093 14
2094 17
2095 66
2096 20
2097 74
2098 38
2099 21
2100 8
2101 5
2102 0
2103 54
2104 47
2105 21
2106 0
2107 0
2108 9
2109 7
2110 43
2111 23
2112 49
2113 22
2114 13
2115 25
2116 15
2117 13
2118 46
2119 48
2120 11
2121 0
2122 3
2123 4
2124 41
2125 5
2126 27
2127 21
2128 36
2129 12
2130 18
2131 46
2132 53
2133 6
2134 0
2135 0
2136 1
2137 28
2138 55
2139 14
2140 5
2141 0
2142 0
2143 0
2144 36
2145 39
2146 17
2147 6
2148 49
2149 22
2150 63
2151 8
2152 35
2153 40
2154 32
2155 11
2156 0
2157 5
2158 3
2159 18
2160 48
2161 45
2162 0
2163 3
2164 6
2165 35
2166 16
2167 16
2168 8
2169 23
2170 7
2171 3
2172 30
2173 16
2174 0
2175 11
2176 1
2177 21
2178 3
2179 10
2180 4
2181 10
2182 8
2183 12
2184 3
2185 0
2186 0
2187 28
2188 11
2189 7
2190 29
2191 28
2192 10
2193 37
2194 3
2195 1
2196 0
2197 5
2198 3
2199 17
2200 10
2201 15
2202 25
2203 33
2204 5
2205 32
2206 36
2207 10
2208 1
2209 17
2210 10
2211 29
2212 52
2213 46
2214 6
2215 8
2216 1
2217 5
2218 2
2219 5
2220 23
2221 0
2222 0
2223 11
2224 22
2225 4
2226 4
2227 31
2228 26
2229 28
2230 34
2231 3
2232 11
2233 16
2234 0
2235 3
2236 0
2237 10
2238 5
2239 1
2240 0
2241 2
2242 1
2243 42
2244 17
2245 4
2246 8
2247 31
2248 53
2249 6
2250 43
2251 0
2252 6
2253 14
2254 50
2255 20
2256 29
2257 8
2258 1
2259 4
2260 31
2261 3
2262 2
2263 0
2264 2
2265 9
2266 52
2267 43
2268 39
2269 51
2270 49
2271 32
2272 0
2273 5
2274 58
2275 44
2276 21
2277 51
2278 10
2279 3
2280 3
2281 35
2282 56
2283 5
2284 0
2285 4
2286 31
2287 5
2288 11
2289 10
2290 44
2291 64
2292 4
2293 0
2294 50
2295 42
2296 10
2297 17
2298 14
2299 2
2300 18
2301 32
2302 10
2303 0
2304 11
2305 2
2306 5
2307 18
2308 39
2309 15
2310 17
2311 16
2312 10
2313 13
2314 25
2315 0
2316 49
2317 17
2318 0
2319 7
2320 44
2321 19
2322 21
2323 0
2324 0
2325 6
2326 43
2327 80
2328 13
2329 4
2330 5
2331 0
2332 9
2333 11
2334 62
2335 87
2336 10
2337 2
2338 11
2339 24
2340 22
2341 7
2342 0
2343 0
2344 17
2345 35
2346 16
2347 25
2348 3
2349 18
2350 17
2351 38
2352 26
2353 50
2354 29
2355 8
2356 21
2357 7
2358 3
2359 0
2360 1
2361 0
2362 0
2363 41
2364 37
2365 3
2366 34
2367 23
2368 6
2369 17
2370 29
2371 19
2372 16
2373 11
2374 1
2375 24
2376 30
2377 0
2378 0
2379 5
2380 8
2381 0
2382 36
2383 28
2384 13
2385 52
2386 16
2387 42
2388 67
2389 35
2390 26
2391 48
2392 7
2393 4
2394 43
2395 15
2396 7
2397 1
2398 0
2399 0
2400 3
2401 22
2402 94
2403 6
2404 11
2405 30
2406 41
2407 28
2408 15
2409 22
2410 15
2411 38
2412 26
2413 5
2414 0
2415 10
2416 2
2417 5
2418 0
2419 24
2420 42
2421 41
2422 84
2423 12
2424 19
2425 25
2426 36
2427 44
2428 50
2429 10
2430 0
2431 13
2432 27
2433 0
2434 4
2435 17
2436 16
2437 8
2438 56
2439 6
2440 18
2441 48
2442 0
2443 19
2444 23
2445 21
2446 0
2447 0
2448 0
2449 19
2450 1
2451 4
2452 2
2453 0
2454 15
2455 15
2456 22
2457 21
2458 0
2459 15
2460 0
2461 2
2462 0
2463 2
2464 13
2465 85
2466 16
2467 0
2468 6
2469 7
2470 11
2471 5
2472 8
2473 2
2474 0
2475 0
2476 0
2477 4
2478 23
2479 0
2480 7
2481 9
2482 0
2483 0
2484 15
2485 17
2486 6
2487 32
2488 5
2489 5
2490 0
2491 0
2492 0
2493 0
2494 9
2495 18
2496 6
2497 10
2498 2
2499 15
2500 8
2501 6
2502 6
2503 39
2504 0
2505 0
2506 3
2507 0
2508 0
2509 7
2510 5
2511 4
2512 3
2513 10
2514 0
2515 0
2516 3
2517 0
2518 0
2519 0
2520 5
2521 0
2522 5
2523 13
2524 0
2525 0
2526 22
2527 8
2528 0
2529 3
2530 7
2531 3
2532 0
2533 0
2534 35
2535 35
2536 7
2537 9
2538 10
2539 2
2540 0
2541 3
2542 45
2543 8
2544 14
2545 38
2546 2
2547 1
2548 11
2549 5
2550 4
2551 0
2552 13
2553 23
2554 9
2555 0
2556 0
2557 4
2558 6
2559 6
2560 0
2561 0
2562 5
2563 14
2564 3
2565 2
2566 9
2567 4
2568 1
2569 1
2570 3
2571 2
2572 0
2573 7
2574 0
2575 16
2576 1
2577 1
2578 1
2579 0
2580 0
2581 0
2582 0
2583 0
2584 0
2585 0
2586 0
2587 0
2588 0
2589 0
2590 0
2591 0
2592 0
2593 0
2594 0
2595 0
2596 0
2597 0
2598 0
