0 89
1 0
2 7
3 0
4 25
5 50
6 0
7 0
8 0
9 2
10 21
11 56
12 8
13 45
14 113
15 49
16 88
17 16
18 10
19 208
20 0
21 27
22 9
23 131
24 0
25 48
26 2
27 3
28 2
29 10
30 0
31 7
32 0
33 41
34 7
35 80
36 3
37 22
38 10
39 12
40 26
41 5
42 9
43 8
44 102
45 0
46 3
47 3
48 5
49 99
50 51
51 12
52 84
53 64
54 81
55 4
56 16
57 43
58 91
59 5
60 19
61 75
62 67
63 8
64 11
65 211
66 20
67 58
68 31
69 0
70 13
71 14
72 1
73 2
74 74
75 129
76 6
77 60
78 142
79 148
80 8
81 0
82 61
83 27
84 9
85 3
86 65
87 166
88 181
89 1
90 1
91 3
92 13
93 60
94 16
95 0
96 17
97 70
98 17
99 95
100 0
101 6
102 72
103 74
104 13
105 28
106 108
107 31
108 93
109 58
110 2
111 37
112 47
113 18
114 65
115 30
116 111
117 13
118 11
119 49
120 1
121 38
122 188
123 47
124 17
125 1
126 8
127 14
128 25
129 36
130 22
131 47
132 14
133 0
134 7
135 152
136 61
137 350
138 27
139 16
140 143
141 117
142 21
143 12
144 0
145 4
146 98
147 23
148 120
149 75
150 33
151 0
152 0
153 36
154 26
155 47
156 13
157 33
158 327
159 51
160 13
161 8
162 0
163 57
164 53
165 75
166 108
167 69
168 32
169 26
170 116
171 86
172 19
173 23
174 124
175 248
176 152
177 23
178 41
179 0
180 156
181 15
182 265
183 180
184 69
185 61
186 288
187 256
188 144
189 16
190 29
191 0
192 1
193 4
194 0
195 1
196 131
197 79
198 9
199 106
200 94
201 73
202 29
203 136
204 90
205 156
206 288
207 68
208 33
209 0
210 206
211 6
212 28
213 49
214 0
215 133
216 3
217 34
218 42
219 249
220 57
221 186
222 149
223 165
224 285
225 149
226 114
227 23
228 0
229 29
230 5
231 0
232 0
233 21
234 0
235 22
236 0
237 1
238 83
239 260
240 9
241 318
242 183
243 24
244 211
245 39
246 84
247 1
248 52
249 31
250 18
251 1
252 18
253 0
254 1
255 24
256 495
257 158
258 27
259 1
260 0
261 0
262 7
263 69
264 13
265 33
266 9
267 26
268 12
269 0
270 38
271 124
272 31
273 0
274 16
275 12
276 12
277 6
278 25
279 87
280 11
281 0
282 49
283 339
284 8
285 9
286 36
287 22
288 28
289 13
290 268
291 60
292 368
293 120
294 4
295 54
296 108
297 39
298 53
299 22
300 57
301 50
302 82
303 58
304 322
305 93
306 85
307 159
308 0
309 90
310 71
311 84
312 127
313 16
314 17
315 121
316 104
317 132
318 270
319 8
320 37
321 58
322 16
323 28
324 0
325 0
326 21
327 8
328 4
329 0
330 13
331 73
332 18
333 112
334 179
335 167
336 15
337 67
338 245
339 139
340 0
341 4
342 7
343 0
344 17
345 7
346 43
347 4
348 135
349 41
350 63
351 278
352 51
353 6
354 0
355 2
356 0
357 81
358 0
359 80
360 80
361 216
362 294
363 7
364 0
365 0
366 29
367 39
368 101
369 114
370 37
371 30
372 25
373 42
374 17
375 29
376 48
377 4
378 10
379 65
380 68
381 0
382 65
383 2
384 61
385 92
386 0
387 1
388 86
389 113
390 173
391 120
392 193
393 4
394 94
395 51
396 158
397 67
398 0
399 142
400 7
401 63
402 34
403 34
404 99
405 85
406 182
407 144
408 42
409 0
410 11
411 34
412 56
413 278
414 161
415 6
416 39
417 61
418 4
419 36
420 21
421 12
422 101
423 108
424 150
425 66
426 51
427 17
428 90
429 1
430 216
431 14
432 20
433 37
434 1
435 13
436 188
437 261
438 355
439 135
440 160
441 182
442 73
443 276
444 43
445 42
446 33
447 8
448 134
449 57
450 103
451 51
452 105
453 173
454 191
455 26
456 109
457 242
458 153
459 0
460 9
461 182
462 104
463 86
464 91
465 67
466 7
467 118
468 85
469 184
470 236
471 240
472 160
473 98
474 141
475 46
476 8
477 19
478 4
479 32
480 24
481 33
482 49
483 7
484 130
485 40
486 70
487 110
488 43
489 205
490 29
491 41
492 178
493 363
494 31
495 82
496 42
497 22
498 217
499 62
500 66
501 58
502 52
503 22
504 6
505 64
506 111
507 18
508 7
509 311
510 23
511 40
512 136
513 205
514 95
515 148
516 75
517 55
518 0
519 43
520 242
521 206
522 7
523 38
524 45
525 2
526 2
527 20
528 87
529 20
530 15
531 30
532 132
533 163
534 20
535 134
536 148
537 23
538 15
539 115
540 18
541 36
542 12
543 137
544 153
545 8
546 76
547 0
548 110
549 2
550 56
551 11
552 123
553 94
554 217
555 191
556 27
557 19
558 52
559 105
560 25
561 79
562 34
563 4
564 1
565 1
566 0
567 27
568 9
569 1
570 25
571 103
572 63
573 42
574 15
575 115
576 30
577 52
578 60
579 27
580 16
581 3
582 4
583 59
584 96
585 60
586 54
587 25
588 136
589 276
590 4
591 2
592 55
593 5
594 5
595 21
596 21
597 14
598 153
599 225
600 150
601 328
602 71
603 56
604 37
605 21
606 70
607 69
608 124
609 41
610 108
611 52
612 173
613 97
614 247
615 161
616 118
617 2
618 12
619 6
620 28
621 0
622 51
623 25
624 32
625 181
626 92
627 251
628 153
629 122
630 205
631 19
632 45
633 33
634 55
635 37
636 95
637 2
638 41
639 100
640 11
641 98
642 86
643 220
644 46
645 168
646 87
647 6
648 13
649 0
650 0
651 49
652 86
653 46
654 38
655 52
656 34
657 15
658 173
659 118
660 9
661 81
662 8
663 119
664 23
665 12
666 75
667 77
668 1
669 33
670 62
671 161
672 16
673 12
674 26
675 1
676 112
677 153
678 116
679 71
680 174
681 150
682 3
683 37
684 24
685 73
686 22
687 0
688 1
689 41
690 180
691 113
692 70
693 2
694 22
695 28
696 29
697 17
698 9
699 64
700 41
701 44
702 62
703 4
704 18
705 132
706 213
707 86
708 4
709 94
710 2
711 0
712 14
713 8
714 0
715 7
716 67
717 282
718 127
719 102
720 265
721 56
722 15
723 1
724 32
725 29
726 58
727 33
728 38
729 102
730 61
731 105
732 24
733 53
734 74
735 24
736 91
737 80
738 166
739 191
740 68
741 36
742 1
743 30
744 138
745 2
746 0
747 0
748 88
749 46
750 295
751 9
752 126
753 38
754 100
755 7
756 50
757 22
758 36
759 162
760 79
761 26
762 78
763 29
764 161
765 52
766 66
767 61
768 0
769 34
770 219
771 21
772 10
773 0
774 43
775 79
776 42
777 36
778 49
779 4
780 0
781 12
782 48
783 23
784 71
785 35
786 131
787 66
788 18
789 180
790 22
791 22
792 51
793 98
794 105
795 0
796 78
797 137
798 60
799 26
800 22
801 0
802 34
803 1
804 6
805 7
806 192
807 83
808 48
809 127
810 61
811 17
812 34
813 69
814 14
815 7
816 0
817 0
818 29
819 150
820 153
821 156
822 52
823 95
824 14
825 66
826 23
827 129
828 79
829 39
830 36
831 62
832 70
833 108
834 87
835 46
836 68
837 33
838 18
839 3
840 0
841 12
842 11
843 0
844 37
845 71
846 71
847 126
848 77
849 15
850 78
851 2
852 94
853 17
854 6
855 57
856 19
857 123
858 114
859 20
860 24
861 50
862 111
863 28
864 46
865 64
866 17
867 36
868 18
869 15
870 32
871 8
872 0
873 6
874 0
875 0
876 19
877 174
878 71
879 60
880 135
881 164
882 20
883 20
884 94
885 9
886 18
887 12
888 47
889 286
890 21
891 23
892 67
893 30
894 19
895 44
896 33
897 65
898 18
899 12
900 0
901 0
902 23
903 301
904 151
905 25
906 132
907 190
908 139
909 3
910 14
911 104
912 2
913 5
914 39
915 118
916 9
917 48
918 124
919 35
920 117
921 140
922 39
923 7
924 30
925 4
926 21
927 60
928 0
929 2
930 58
931 228
932 73
933 247
934 109
935 167
936 31
937 19
938 104
939 45
940 142
941 50
942 0
943 8
944 124
945 161
946 55
947 2
948 0
949 84
950 77
951 4
952 63
953 148
954 66
955 237
956 254
957 48
958 29
959 78
960 49
961 3
962 28
963 85
964 98
965 17
966 57
967 55
968 54
969 142
970 69
971 0
972 58
973 107
974 48
975 54
976 12
977 9
978 321
979 47
980 258
981 275
982 53
983 29
984 160
985 141
986 42
987 12
988 0
989 0
990 6
991 24
992 34
993 215
994 115
995 29
996 46
997 15
998 31
999 56
1000 26
1001 72
1002 119
1003 0
1004 0
1005 0
1006 0
1007 116
1008 216
1009 0
1010 33
1011 18
1012 4
1013 0
1014 0
1015 0
1016 44
1017 167
1018 14
1019 129
1020 112
1021 195
1022 118
1023 51
1024 73
1025 25
1026 95
1027 199
1028 43
1029 14
1030 14
1031 116
1032 3
1033 6
1034 37
1035 71
1036 28
1037 17
1038 186
1039 115
1040 176
1041 96
1042 3
1043 58
1044 23
1045 40
1046 83
1047 60
1048 82
1049 9
1050 14
1051 0
1052 1
1053 0
1054 5
1055 31
1056 37
1057 74
1058 101
1059 158
1060 172
1061 37
1062 0
1063 6
1064 0
1065 11
1066 8
1067 42
1068 14
1069 43
1070 38
1071 21
1072 150
1073 43
1074 117
1075 11
1076 16
1077 0
1078 73
1079 8
1080 137
1081 87
1082 29
1083 47
1084 51
1085 20
1086 0
1087 10
1088 0
1089 3
1090 127
1091 190
1092 152
1093 216
1094 105
1095 13
1096 37
1097 13
1098 34
1099 234
1100 4
1101 14
1102 15
1103 31
1104 17
1105 19
1106 184
1107 226
1108 41
1109 2
1110 359
1111 121
1112 10
1113 89
1114 119
1115 11
1116 2
1117 21
1118 18
1119 169
1120 153
1121 129
1122 17
1123 6
1124 36
1125 4
1126 44
1127 0
1128 62
1129 89
1130 3
1131 0
1132 0
1133 65
1134 38
1135 23
1136 0
1137 0
1138 0
1139 106
1140 439
1141 263
1142 105
1143 2
1144 9
1145 0
1146 31
1147 0
1148 5
1149 173
1150 267
1151 12
1152 30
1153 42
1154 68
1155 225
1156 146
1157 110
1158 26
1159 16
1160 33
1161 12
1162 51
1163 0
1164 3
1165 0
1166 46
1167 72
1168 143
1169 15
1170 160
1171 0
1172 3
1173 25
1174 1
1175 11
1176 98
1177 213
1178 27
1179 185
1180 15
1181 124
1182 86
1183 166
1184 66
1185 144
1186 77
1187 59
1188 6
1189 0
1190 0
1191 72
1192 73
1193 2
1194 22
1195 1
1196 15
1197 1
1198 63
1199 60
1200 30
1201 0
1202 1
1203 181
1204 16
1205 4
1206 28
1207 4
1208 54
1209 29
1210 132
1211 114
1212 285
1213 17
1214 70
1215 157
1216 54
1217 271
1218 126
1219 29
1220 91
1221 51
1222 16
1223 55
1224 57
1225 13
1226 30
1227 11
1228 69
1229 118
1230 42
1231 6
1232 36
1233 64
1234 81
1235 243
1236 46
1237 60
1238 82
1239 2
1240 33
1241 0
1242 4
1243 93
1244 0
1245 52
1246 19
1247 99
1248 208
1249 308
1250 20
1251 122
1252 209
1253 287
1254 448
1255 49
1256 52
1257 13
1258 129
1259 13
1260 55
1261 13
1262 52
1263 62
1264 153
1265 117
1266 75
1267 18
1268 3
1269 3
1270 8
1271 27
1272 51
1273 57
1274 379
1275 174
1276 15
1277 32
1278 37
1279 50
1280 1
1281 3
1282 5
1283 2
1284 0
1285 0
1286 74
1287 198
1288 58
1289 163
1290 145
1291 132
1292 73
1293 84
1294 1151
1295 414
1296 44
1297 11
1298 50
1299 140
1300 25
1301 0
1302 36
1303 72
1304 163
1305 46
1306 28
1307 139
1308 100
1309 90
1310 23
1311 65
1312 0
1313 0
1314 0
1315 197
1316 168
1317 176
1318 217
1319 167
1320 208
1321 307
1322 208
1323 23
1324 25
1325 54
1326 14
1327 20
1328 0
1329 43
1330 19
1331 50
1332 238
1333 62
1334 15
1335 49
1336 37
1337 154
1338 88
1339 240
1340 502
1341 45
1342 37
1343 131
1344 174
1345 34
1346 21
1347 15
1348 16
1349 46
1350 210
1351 13
1352 3
1353 185
1354 17
1355 103
1356 87
1357 30
1358 32
1359 111
1360 12
1361 0
1362 0
1363 75
1364 283
1365 338
1366 68
1367 93
1368 90
1369 208
1370 124
1371 157
1372 0
1373 21
1374 0
1375 0
1376 5
1377 13
1378 57
1379 211
1380 234
1381 32
1382 37
1383 35
1384 87
1385 47
1386 138
1387 380
1388 136
1389 19
1390 130
1391 121
1392 23
1393 34
1394 13
1395 54
1396 74
1397 48
1398 0
1399 15
1400 144
1401 93
1402 83
1403 100
1404 83
1405 33
1406 29
1407 123
1408 109
1409 124
1410 109
1411 48
1412 49
1413 0
1414 17
1415 12
1416 97
1417 137
1418 97
1419 192
1420 112
1421 220
1422 28
1423 2
1424 22
1425 3
1426 22
1427 107
1428 307
1429 417
1430 253
1431 333
1432 244
1433 97
1434 116
1435 146
1436 100
1437 244
1438 3
1439 0
1440 74
1441 68
1442 392
1443 65
1444 63
1445 145
1446 222
1447 43
1448 61
1449 35
1450 32
1451 244
1452 48
1453 120
1454 90
1455 14
1456 53
1457 250
1458 6
1459 248
1460 77
1461 37
1462 23
1463 37
1464 0
1465 44
1466 72
1467 65
1468 22
1469 19
1470 9
1471 0
1472 11
1473 14
1474 11
1475 69
1476 286
1477 664
1478 257
1479 209
1480 270
1481 230
1482 43
1483 178
1484 98
1485 2
1486 25
1487 9
1488 110
1489 93
1490 438
1491 88
1492 56
1493 113
1494 120
1495 33
1496 200
1497 250
1498 29
1499 70
1500 167
1501 42
1502 53
1503 27
1504 96
1505 196
1506 33
1507 67
1508 180
1509 37
1510 70
1511 7
1512 10
1513 34
1514 263
1515 81
1516 40
1517 6
1518 0
1519 0
1520 1
1521 10
1522 11
1523 8
1524 112
1525 371
1526 251
1527 787
1528 574
1529 370
1530 129
1531 2
1532 64
1533 210
1534 14
1535 120
1536 81
1537 75
1538 137
1539 87
1540 4
1541 106
1542 27
1543 74
1544 429
1545 246
1546 267
1547 131
1548 41
1549 90
1550 192
1551 45
1552 31
1553 86
1554 32
1555 51
1556 177
1557 416
1558 46
1559 49
1560 86
1561 263
1562 180
1563 148
1564 3
1565 7
1566 76
1567 74
1568 186
1569 0
1570 6
1571 41
1572 544
1573 1105
1574 392
1575 34
1576 361
1577 159
1578 114
1579 265
1580 250
1581 112
1582 117
1583 106
1584 77
1585 21
1586 0
1587 55
1588 184
1589 15
1590 367
1591 124
1592 73
1593 91
1594 94
1595 290
1596 203
1597 26
1598 10
1599 32
1600 255
1601 97
1602 263
1603 35
1604 22
1605 0
1606 15
1607 39
1608 0
1609 1
1610 0
1611 0
1612 78
1613 99
1614 56
1615 9
1616 129
1617 457
1618 316
1619 694
1620 302
1621 374
1622 393
1623 145
1624 113
1625 21
1626 241
1627 179
1628 77
1629 148
1630 105
1631 86
1632 109
1633 88
1634 144
1635 54
1636 47
1637 78
1638 86
1639 98
1640 164
1641 35
1642 0
1643 8
1644 11
1645 304
1646 526
1647 102
1648 196
1649 94
1650 56
1651 193
1652 463
1653 13
1654 66
1655 207
1656 216
1657 59
1658 97
1659 120
1660 78
1661 93
1662 90
1663 25
1664 78
1665 169
1666 104
1667 260
1668 227
1669 1
1670 49
1671 44
1672 0
1673 9
1674 1
1675 6
1676 3
1677 560
1678 346
1679 283
1680 299
1681 111
1682 168
1683 170
1684 96
1685 176
1686 129
1687 54
1688 78
1689 115
1690 41
1691 97
1692 23
1693 60
1694 102
1695 9
1696 46
1697 14
1698 31
1699 37
1700 16
1701 264
1702 26
1703 82
1704 0
1705 0
1706 19
1707 71
1708 2
1709 95
1710 497
1711 144
1712 92
1713 80
1714 80
1715 206
1716 149
1717 111
1718 33
1719 66
1720 11
1721 59
1722 20
1723 15
1724 36
1725 24
1726 71
1727 45
1728 182
1729 122
1730 13
1731 14
1732 4
1733 64
1734 22
1735 4
1736 52
1737 112
1738 185
1739 177
1740 125
1741 43
1742 157
1743 20
1744 53
1745 123
1746 64
1747 3
1748 13
1749 18
1750 44
1751 123
1752 167
1753 16
1754 7
1755 56
1756 32
1757 43
1758 64
1759 3
1760 2
1761 166
1762 61
1763 81
1764 85
1765 93
1766 49
1767 154
1768 102
1769 0
1770 19
1771 47
1772 75
1773 168
1774 77
1775 66
1776 59
1777 88
1778 174
1779 2
1780 27
1781 0
1782 90
1783 4
1784 28
1785 51
1786 6
1787 121
1788 70
1789 28
1790 90
1791 1
1792 122
1793 54
1794 5
1795 0
1796 27
1797 213
1798 202
1799 384
1800 308
1801 72
1802 106
1803 30
1804 36
1805 323
1806 295
1807 61
1808 60
1809 2
1810 86
1811 46
1812 38
1813 37
1814 33
1815 38
1816 23
1817 0
1818 45
1819 19
1820 79
1821 57
1822 27
1823 61
1824 230
1825 74
1826 23
1827 80
1828 91
1829 184
1830 9
1831 103
1832 42
1833 104
1834 26
1835 135
1836 75
1837 18
1838 63
1839 31
1840 49
1841 47
1842 20
1843 80
1844 205
1845 156
1846 47
1847 60
1848 136
1849 245
1850 30
1851 13
1852 26
1853 95
1854 40
1855 117
1856 72
1857 26
1858 197
1859 228
1860 62
1861 145
1862 146
1863 3
1864 67
1865 19
1866 66
1867 593
1868 141
1869 79
1870 8
1871 77
1872 257
1873 133
1874 46
1875 11
1876 16
1877 49
1878 73
1879 41
1880 6
1881 142
1882 165
1883 221
1884 138
1885 64
1886 20
1887 26
1888 0
1889 114
1890 136
1891 44
1892 80
1893 83
1894 376
1895 366
1896 121
1897 42
1898 43
1899 29
1900 172
1901 106
1902 25
1903 241
1904 89
1905 118
1906 87
1907 119
1908 70
1909 75
1910 55
1911 100
1912 157
1913 93
1914 20
1915 7
1916 16
1917 112
1918 49
1919 127
1920 49
1921 97
1922 17
1923 106
1924 95
1925 106
1926 19
1927 23
1928 17
1929 23
1930 55
1931 102
1932 37
1933 14
1934 42
1935 106
1936 128
1937 17
1938 14
1939 32
1940 128
1941 113
1942 265
1943 241
1944 31
1945 43
1946 48
1947 9
1948 48
1949 50
1950 35
1951 106
1952 86
1953 124
1954 66
1955 213
1956 28
1957 78
1958 98
1959 62
1960 41
1961 11
1962 1
1963 14
1964 241
1965 232
1966 25
1967 130
1968 216
1969 99
1970 54
1971 84
1972 215
1973 24
1974 51
1975 98
1976 54
1977 0
1978 8
1979 6
1980 123
1981 216
1982 91
1983 22
1984 21
1985 183
1986 93
1987 6
1988 18
1989 145
1990 69
1991 100
1992 63
1993 44
1994 96
1995 191
1996 298
1997 90
1998 58
1999 121
2000 137
2001 3
2002 15
2003 59
2004 210
2005 73
2006 42
2007 73
2008 49
2009 88
2010 94
2011 87
2012 15
2013 17
2014 126
2015 105
2016 190
2017 245
2018 24
2019 178
2020 64
2021 54
2022 34
2023 156
2024 165
2025 3
2026 74
2027 53
2028 64
2029 31
2030 122
2031 163
2032 109
2033 34
2034 106
2035 159
2036 226
2037 84
2038 73
2039 56
2040 31
2041 31
2042 48
2043 152
2044 27
2045 70
2046 59
2047 60
2048 191
2049 240
2050 152
2051 119
2052 15
2053 15
2054 107
2055 323
2056 48
2057 58
2058 60
2059 76
2060 52
2061 136
2062 111
2063 79
2064 23
2065 7
2066 139
2067 89
2068 3
2069 160
2070 43
2071 85
2072 179
2073 154
2074 84
2075 112
2076 177
2077 41
2078 1
2079 24
2080 109
2081 211
2082 140
2083 108
2084 75
2085 52
2086 125
2087 91
2088 105
2089 113
2090 88
2091 52
2092 42
2093 45
2094 101
2095 293
2096 86
2097 280
2098 169
2099 101
2100 52
2101 22
2102 2
2103 219
2104 221
2105 96
2106 0
2107 1
2108 36
2109 31
2110 165
2111 105
2112 180
2113 96
2114 50
2115 113
2116 71
2117 64
2118 209
2119 207
2120 41
2121 44
2122 11
2123 10
2124 169
2125 15
2126 83
2127 118
2128 155
2129 57
2130 86
2131 203
2132 238
2133 32
2134 0
2135 18
2136 4
2137 121
2138 241
2139 63
2140 10
2141 0
2142 0
2143 2
2144 124
2145 168
2146 68
2147 33
2148 188
2149 97
2150 264
2151 26
2152 152
2153 195
2154 124
2155 42
2156 7
2157 20
2158 8
2159 46
2160 214
2161 207
2162 0
2163 6
2164 39
2165 126
2166 69
2167 62
2168 40
2169 101
2170 28
2171 13
2172 122
2173 72
2174 3
2175 47
2176 3
2177 81
2178 15
2179 38
2180 21
2181 56
2182 29
2183 71
2184 21
2185 0
2186 1
2187 110
2188 48
2189 42
2190 135
2191 108
2192 47
2193 132
2194 18
2195 6
2196 0
2197 22
2198 10
2199 74
2200 45
2201 59
2202 103
2203 113
2204 32
2205 156
2206 158
2207 40
2208 4
2209 75
2210 59
2211 124
2212 238
2213 197
2214 34
2215 50
2216 6
2217 10
2218 6
2219 21
2220 80
2221 0
2222 1
2223 40
2224 99
2225 16
2226 12
2227 149
2228 136
2229 113
2230 129
2231 9
2232 56
2233 74
2234 1
2235 19
2236 2
2237 55
2238 9
2239 0
2240 0
2241 10
2242 2
2243 152
2244 92
2245 16
2246 35
2247 141
2248 243
2249 28
2250 151
2251 97
2252 21
2253 66
2254 213
2255 105
2256 126
2257 27
2258 8
2259 26
2260 139
2261 23
2262 3
2263 1
2264 1
2265 42
2266 239
2267 104
2268 166
2269 228
2270 229
2271 117
2272 4
2273 25
2274 265
2275 194
2276 96
2277 157
2278 49
2279 13
2280 7
2281 129
2282 227
2283 24
2284 0
2285 13
2286 129
2287 29
2288 36
2289 47
2290 202
2291 276
2292 24
2293 1
2294 215
2295 174
2296 45
2297 92
2298 48
2299 5
2300 68
2301 136
2302 73
2303 0
2304 39
2305 7
2306 32
2307 60
2308 207
2309 63
2310 51
2311 71
2312 44
2313 41
2314 91
2315 49
2316 195
2317 76
2318 0
2319 29
2320 172
2321 104
2322 99
2323 0
2324 0
2325 24
2326 164
2327 276
2328 52
2329 9
2330 23
2331 8
2332 46
2333 45
2334 308
2335 391
2336 49
2337 7
2338 37
2339 117
2340 90
2341 30
2342 0
2343 0
2344 72
2345 150
2346 72
2347 119
2348 14
2349 60
2350 93
2351 159
2352 128
2353 221
2354 127
2355 31
2356 88
2357 41
2358 11
2359 0
2360 0
2361 0
2362 1
2363 210
2364 165
2365 22
2366 156
2367 115
2368 33
2369 66
2370 133
2371 92
2372 80
2373 53
2374 2
2375 102
2376 149
2377 0
2378 0
2379 17
2380 28
2381 6
2382 187
2383 94
2384 56
2385 260
2386 69
2387 176
2388 240
2389 181
2390 111
2391 211
2392 26
2393 22
2394 201
2395 70
2396 18
2397 4
2398 161
2399 1
2400 11
2401 104
2402 398
2403 35
2404 52
2405 106
2406 191
2407 125
2408 50
2409 98
2410 60
2411 156
2412 106
2413 19
2414 1
2415 45
2416 10
2417 28
2418 7
2419 83
2420 164
2421 172
2422 361
2423 49
2424 97
2425 120
2426 154
2427 181
2428 238
2429 48
2430 0
2431 51
2432 137
2433 0
2434 21
2435 53
2436 61
2437 42
2438 242
2439 25
2440 90
2441 196
2442 194
2443 86
2444 73
2445 102
2446 18
2447 0
2448 0
2449 83
2450 3
2451 23
2452 10
2453 4
2454 38
2455 72
2456 108
2457 97
2458 16
2459 73
2460 13
2461 9
2462 0
2463 7
2464 62
2465 286
2466 48
2467 0
2468 24
2469 22
2470 57
2471 42
2472 43
2473 6
2474 0
2475 0
2476 0
2477 14
2478 89
2479 3
2480 29
2481 50
2482 17
2483 43
2484 69
2485 99
2486 41
2487 130
2488 24
2489 30
2490 0
2491 0
2492 0
2493 0
2494 39
2495 66
2496 26
2497 55
2498 5
2499 52
2500 29
2501 27
2502 30
2503 168
2504 6
2505 0
2506 11
2507 0
2508 1
2509 31
2510 10
2511 31
2512 23
2513 53
2514 0
2515 0
2516 13
2517 0
2518 0
2519 1
2520 24
2521 13
2522 22
2523 49
2524 0
2525 0
2526 91
2527 43
2528 0
2529 16
2530 22
2531 15
2532 1
2533 1
2534 138
2535 188
2536 23
2537 39
2538 71
2539 12
2540 0
2541 13
2542 209
2543 60
2544 63
2545 165
2546 10
2547 4
2548 49
2549 22
2550 13
2551 2
2552 60
2553 98
2554 37
2555 0
2556 0
2557 12
2558 31
2559 26
2560 100
2561 81
2562 15
2563 36
2564 14
2565 16
2566 34
2567 16
2568 15
2569 5
2570 22
2571 8
2572 0
2573 30
2574 0
2575 76
2576 0
2577 3
2578 4
2579 2
2580 0
2581 0
2582 0
2583 0
2584 0
2585 0
2586 0
2587 0
2588 0
2589 0
2590 0
2591 0
2592 0
2593 0
2594 0
2595 0
2596 0
2597 0
2598 0
