0 713
1 13
2 71
3 29
4 219
5 433
6 21
7 27
8 12
9 36
10 168
11 588
12 95
13 396
14 1046
15 410
16 719
17 137
18 79
19 1726
20 16
21 242
22 128
23 1181
24 8
25 416
26 39
27 44
28 36
29 128
30 23
31 71
32 14
33 389
34 66
35 663
36 61
37 180
38 104
39 131
40 243
41 65
42 83
43 71
44 885
45 18
46 64
47 36
48 75
49 766
50 399
51 113
52 694
53 710
54 659
55 61
56 140
57 479
58 719
59 69
60 158
61 860
62 688
63 80
64 115
65 1727
66 186
67 610
68 309
69 30
70 134
71 139
72 45
73 27
74 673
75 1160
76 58
77 543
78 1194
79 1148
80 123
81 30
82 469
83 249
84 83
85 36
86 508
87 1704
88 1472
89 50
90 43
91 48
92 80
93 506
94 151
95 7
96 143
97 767
98 201
99 902
100 22
101 74
102 579
103 654
104 138
105 268
106 873
107 272
108 770
109 715
110 53
111 291
112 381
113 145
114 525
115 255
116 853
117 129
118 81
119 409
120 20
121 355
122 1459
123 418
124 148
125 40
126 114
127 146
128 210
129 356
130 171
131 391
132 100
133 6
134 64
135 1267
136 645
137 2934
138 204
139 210
140 1089
141 960
142 163
143 168
144 22
145 56
146 777
147 186
148 1007
149 632
150 266
151 0
152 15
153 298
154 231
155 380
156 161
157 283
158 2684
159 383
160 164
161 201
162 21
163 464
164 454
165 633
166 895
167 504
168 271
169 190
170 1193
171 700
172 271
173 194
174 1039
175 2027
176 1299
177 168
178 375
179 17
180 1247
181 106
182 2989
183 1465
184 605
185 475
186 2332
187 2089
188 1100
189 148
190 226
191 14
192 20
193 59
194 30
195 16
196 1131
197 671
198 97
199 935
200 728
201 648
202 243
203 1146
204 728
205 1610
206 2529
207 588
208 353
209 25
210 1784
211 56
212 238
213 571
214 5
215 1366
216 86
217 341
218 436
219 2036
220 447
221 1539
222 1518
223 1374
224 2324
225 1271
226 1130
227 205
228 20
229 229
230 55
231 27
232 2
233 137
234 0
235 200
236 3
237 23
238 684
239 2778
240 102
241 2708
242 1574
243 251
244 1705
245 389
246 683
247 34
248 439
249 312
250 249
251 74
252 162
253 4
254 67
255 282
256 4059
257 1332
258 236
259 39
260 5
261 7
262 97
263 699
264 118
265 271
266 80
267 257
268 105
269 16
270 435
271 958
272 277
273 2
274 127
275 109
276 117
277 72
278 207
279 713
280 95
281 27
282 362
283 2616
284 72
285 85
286 280
287 222
288 268
289 153
290 2225
291 529
292 3074
293 1066
294 45
295 602
296 859
297 340
298 425
299 211
300 524
301 423
302 652
303 537
304 2685
305 855
306 605
307 1360
308 13
309 734
310 539
311 766
312 1027
313 159
314 165
315 972
316 837
317 1059
318 2266
319 92
320 353
321 474
322 123
323 208
324 14
325 54
326 207
327 101
328 44
329 18
330 102
331 589
332 170
333 1221
334 1510
335 1359
336 142
337 565
338 1965
339 1141
340 19
341 62
342 86
343 26
344 112
345 57
346 375
347 76
348 1107
349 363
350 531
351 2255
352 377
353 79
354 11
355 41
356 39
357 581
358 16
359 665
360 719
361 1832
362 2485
363 80
364 4
365 17
366 208
367 360
368 820
369 942
370 343
371 229
372 224
373 347
374 173
375 222
376 506
377 33
378 130
379 575
380 614
381 21
382 537
383 34
384 488
385 821
386 13
387 25
388 697
389 951
390 1490
391 992
392 1646
393 51
394 917
395 398
396 1728
397 567
398 7
399 1124
400 73
401 535
402 279
403 295
404 857
405 674
406 1579
407 1192
408 353
409 36
410 143
411 300
412 540
413 2241
414 1423
415 90
416 256
417 514
418 87
419 377
420 179
421 88
422 935
423 896
424 1227
425 544
426 435
427 182
428 762
429 48
430 1776
431 112
432 165
433 311
434 43
435 107
436 1486
437 2209
438 2858
439 1068
440 1672
441 1402
442 635
443 2324
444 397
445 350
446 267
447 64
448 1143
449 396
450 849
451 492
452 819
453 1444
454 1584
455 250
456 979
457 2030
458 1282
459 12
460 62
461 1473
462 1157
463 709
464 750
465 560
466 118
467 1159
468 730
469 1589
470 1929
471 2032
472 1308
473 761
474 1432
475 495
476 105
477 184
478 72
479 275
480 174
481 297
482 428
483 84
484 1109
485 366
486 609
487 891
488 351
489 1609
490 441
491 303
492 1640
493 2978
494 279
495 665
496 374
497 189
498 1717
499 547
500 540
501 519
502 408
503 191
504 74
505 558
506 910
507 134
508 102
509 2522
510 206
511 329
512 1147
513 1945
514 767
515 1217
516 608
517 471
518 32
519 444
520 2042
521 1701
522 71
523 324
524 385
525 47
526 35
527 177
528 681
529 185
530 120
531 215
532 1445
533 1355
534 171
535 1148
536 1226
537 198
538 186
539 938
540 157
541 308
542 139
543 1129
544 1185
545 70
546 641
547 9
548 917
549 51
550 442
551 117
552 1239
553 1243
554 1824
555 1643
556 331
557 177
558 459
559 876
560 252
561 691
562 276
563 37
564 29
565 24
566 2
567 224
568 105
569 38
570 190
571 857
572 551
573 367
574 130
575 937
576 281
577 446
578 504
579 322
580 127
581 44
582 84
583 437
584 775
585 672
586 550
587 192
588 1109
589 2361
590 73
591 49
592 500
593 61
594 83
595 234
596 197
597 124
598 1325
599 1864
600 1257
601 2757
602 545
603 441
604 304
605 191
606 615
607 625
608 1146
609 332
610 825
611 430
612 1300
613 841
614 1994
615 1345
616 1235
617 35
618 118
619 68
620 213
621 29
622 417
623 212
624 261
625 1589
626 775
627 2014
628 1305
629 1033
630 1682
631 239
632 407
633 312
634 488
635 292
636 749
637 50
638 385
639 852
640 120
641 752
642 655
643 1824
644 372
645 1402
646 786
647 104
648 116
649 13
650 7
651 519
652 707
653 361
654 348
655 434
656 287
657 115
658 1425
659 1031
660 101
661 668
662 88
663 980
664 184
665 100
666 798
667 629
668 51
669 349
670 584
671 1349
672 164
673 102
674 198
675 50
676 1005
677 1311
678 946
679 563
680 1502
681 1268
682 69
683 313
684 210
685 575
686 148
687 24
688 34
689 358
690 1560
691 951
692 576
693 25
694 168
695 221
696 231
697 153
698 126
699 544
700 329
701 400
702 656
703 65
704 180
705 1169
706 1724
707 723
708 71
709 799
710 58
711 9
712 127
713 116
714 3
715 121
716 599
717 2328
718 1081
719 896
720 2206
721 483
722 261
723 29
724 357
725 229
726 519
727 348
728 334
729 834
730 515
731 1151
732 196
733 493
734 622
735 255
736 795
737 592
738 1426
739 1550
740 580
741 377
742 34
743 253
744 1090
745 41
746 18
747 11
748 930
749 371
750 2484
751 102
752 1103
753 290
754 875
755 79
756 420
757 200
758 368
759 1404
760 685
761 225
762 601
763 219
764 1747
765 553
766 560
767 487
768 28
769 274
770 1759
771 253
772 117
773 0
774 419
775 696
776 397
777 420
778 397
779 56
780 15
781 132
782 423
783 219
784 595
785 293
786 1047
787 693
788 145
789 1471
790 177
791 197
792 373
793 837
794 783
795 0
796 801
797 1048
798 495
799 271
800 147
801 7
802 277
803 21
804 60
805 46
806 1645
807 689
808 397
809 1150
810 655
811 162
812 509
813 541
814 150
815 54
816 1
817 2
818 284
819 1235
820 1334
821 1327
822 565
823 779
824 156
825 541
826 234
827 1049
828 654
829 363
830 295
831 481
832 681
833 834
834 852
835 389
836 577
837 247
838 225
839 94
840 18
841 124
842 96
843 0
844 350
845 599
846 622
847 1021
848 639
849 178
850 861
851 32
852 788
853 170
854 73
855 528
856 199
857 1037
858 930
859 169
860 185
861 415
862 880
863 248
864 362
865 541
866 151
867 488
868 140
869 124
870 236
871 88
872 28
873 89
874 4
875 15
876 134
877 1567
878 603
879 473
880 2020
881 1338
882 203
883 155
884 728
885 81
886 165
887 124
888 459
889 2394
890 221
891 199
892 538
893 236
894 205
895 439
896 261
897 544
898 170
899 100
900 0
901 22
902 198
903 2607
904 1191
905 245
906 1148
907 1545
908 1158
909 52
910 120
911 846
912 36
913 60
914 340
915 1010
916 68
917 386
918 976
919 274
920 958
921 1219
922 411
923 86
924 220
925 58
926 184
927 458
928 2
929 43
930 621
931 1936
932 646
933 1980
934 904
935 1443
936 244
937 161
938 835
939 334
940 1243
941 514
942 4
943 93
944 1081
945 1371
946 472
947 39
948 14
949 899
950 633
951 68
952 510
953 1144
954 495
955 1932
956 2146
957 434
958 272
959 719
960 398
961 66
962 236
963 701
964 785
965 190
966 589
967 471
968 561
969 1410
970 566
971 32
972 497
973 1138
974 360
975 639
976 122
977 77
978 2560
979 391
980 2234
981 2351
982 452
983 236
984 1445
985 1218
986 353
987 112
988 5
989 27
990 71
991 208
992 281
993 1749
994 909
995 250
996 493
997 144
998 263
999 526
1000 223
1001 609
1002 1057
1003 21
1004 8
1005 30
1006 14
1007 961
1008 1725
1009 8
1010 281
1011 158
1012 83
1013 3
1014 11
1015 29
1016 462
1017 1345
1018 140
1019 1117
1020 952
1021 1592
1022 1025
1023 399
1024 575
1025 201
1026 754
1027 1960
1028 397
1029 135
1030 155
1031 1009
1032 42
1033 82
1034 314
1035 595
1036 307
1037 158
1038 1588
1039 944
1040 1387
1041 802
1042 57
1043 489
1044 209
1045 345
1046 677
1047 532
1048 705
1049 113
1050 135
1051 13
1052 30
1053 36
1054 79
1055 257
1056 350
1057 552
1058 862
1059 1409
1060 1396
1061 323
1062 4
1063 86
1064 0
1065 102
1066 79
1067 378
1068 127
1069 338
1070 350
1071 191
1072 1276
1073 480
1074 963
1075 110
1076 150
1077 15
1078 585
1079 98
1080 1087
1081 648
1082 245
1083 477
1084 412
1085 160
1086 18
1087 88
1088 26
1089 44
1090 1063
1091 1634
1092 1263
1093 1777
1094 850
1095 141
1096 311
1097 114
1098 365
1099 1919
1100 60
1101 133
1102 153
1103 313
1104 96
1105 177
1106 1902
1107 1859
1108 363
1109 32
1110 3681
1111 957
1112 115
1113 666
1114 1240
1115 118
1116 28
1117 173
1118 174
1119 1363
1120 1243
1121 1097
1122 151
1123 62
1124 317
1125 55
1126 356
1127 16
1128 467
1129 715
1130 40
1131 31
1132 10
1133 533
1134 330
1135 201
1136 4
1137 5
1138 18
1139 899
1140 3883
1141 2293
1142 879
1143 31
1144 118
1145 11
1146 248
1147 6
1148 66
1149 1431
1150 2254
1151 209
1152 244
1153 315
1154 569
1155 1864
1156 1211
1157 871
1158 249
1159 105
1160 253
1161 92
1162 456
1163 6
1164 45
1165 15
1166 395
1167 552
1168 1259
1169 196
1170 1279
1171 22
1172 20
1173 216
1174 59
1175 89
1176 856
1177 1869
1178 255
1179 1512
1180 147
1181 1044
1182 756
1183 1410
1184 549
1185 1170
1186 670
1187 462
1188 81
1189 30
1190 30
1191 603
1192 589
1193 40
1194 159
1195 57
1196 169
1197 48
1198 504
1199 506
1200 277
1201 45
1202 24
1203 1531
1204 133
1205 67
1206 267
1207 57
1208 419
1209 253
1210 1081
1211 952
1212 2283
1213 181
1214 593
1215 1243
1216 551
1217 2279
1218 1092
1219 224
1220 744
1221 420
1222 176
1223 539
1224 462
1225 145
1226 352
1227 114
1228 541
1229 1001
1230 371
1231 56
1232 307
1233 576
1234 703
1235 2019
1236 413
1237 477
1238 744
1239 29
1240 270
1241 9
1242 79
1243 810
1244 34
1245 390
1246 245
1247 751
1248 1704
1249 2597
1250 160
1251 1053
1252 1759
1253 2333
1254 3696
1255 547
1256 446
1257 164
1258 1070
1259 127
1260 403
1261 146
1262 422
1263 466
1264 1244
1265 931
1266 584
1267 176
1268 54
1269 54
1270 94
1271 257
1272 472
1273 487
1274 3170
1275 1425
1276 128
1277 271
1278 306
1279 373
1280 43
1281 55
1282 41
1283 28
1284 20
1285 11
1286 829
1287 1659
1288 494
1289 1378
1290 1183
1291 1214
1292 598
1293 715
1294 9485
1295 3338
1296 371
1297 96
1298 428
1299 1102
1300 194
1301 14
1302 290
1303 582
1304 1755
1305 379
1306 226
1307 1066
1308 810
1309 719
1310 165
1311 582
1312 18
1313 17
1314 31
1315 1559
1316 1368
1317 1451
1318 1848
1319 1688
1320 1652
1321 3071
1322 1721
1323 247
1324 201
1325 489
1326 112
1327 201
1328 11
1329 365
1330 179
1331 491
1332 1976
1333 531
1334 154
1335 444
1336 391
1337 1216
1338 958
1339 3339
1340 4361
1341 700
1342 282
1343 1124
1344 1367
1345 297
1346 212
1347 176
1348 117
1349 344
1350 1718
1351 146
1352 70
1353 1590
1354 193
1355 839
1356 767
1357 221
1358 277
1359 885
1360 136
1361 16
1362 24
1363 655
1364 2317
1365 2753
1366 559
1367 795
1368 793
1369 1788
1370 1305
1371 1279
1372 13
1373 177
1374 24
1375 26
1376 86
1377 155
1378 432
1379 1792
1380 1906
1381 252
1382 313
1383 370
1384 848
1385 417
1386 1193
1387 3331
1388 994
1389 163
1390 1139
1391 962
1392 225
1393 262
1394 142
1395 569
1396 556
1397 430
1398 12
1399 177
1400 1218
1401 781
1402 646
1403 844
1404 718
1405 295
1406 341
1407 960
1408 916
1409 1084
1410 905
1411 369
1412 343
1413 3
1414 199
1415 105
1416 816
1417 1147
1418 753
1419 1884
1420 856
1421 2261
1422 585
1423 47
1424 224
1425 44
1426 200
1427 862
1428 2491
1429 3392
1430 2007
1431 2746
1432 1959
1433 815
1434 986
1435 1223
1436 888
1437 2003
1438 47
1439 14
1440 571
1441 550
1442 3200
1443 550
1444 555
1445 1227
1446 1743
1447 391
1448 529
1449 292
1450 240
1451 2047
1452 403
1453 1207
1454 726
1455 118
1456 557
1457 2172
1458 73
1459 2111
1460 644
1461 343
1462 203
1463 389
1464 24
1465 366
1466 589
1467 542
1468 153
1469 150
1470 60
1471 13
1472 114
1473 138
1474 120
1475 657
1476 3056
1477 5564
1478 2193
1479 1733
1480 2304
1481 1931
1482 416
1483 1395
1484 1029
1485 17
1486 306
1487 125
1488 984
1489 801
1490 3599
1491 909
1492 478
1493 941
1494 1039
1495 264
1496 1646
1497 2060
1498 268
1499 713
1500 1274
1501 355
1502 533
1503 227
1504 912
1505 1638
1506 256
1507 563
1508 1439
1509 316
1510 559
1511 84
1512 119
1513 296
1514 2128
1515 726
1516 421
1517 72
1518 5
1519 2
1520 31
1521 78
1522 111
1523 91
1524 888
1525 3140
1526 2238
1527 6319
1528 4671
1529 3141
1530 1142
1531 55
1532 501
1533 1750
1534 151
1535 987
1536 607
1537 637
1538 1129
1539 748
1540 68
1541 869
1542 216
1543 614
1544 3419
1545 1939
1546 2267
1547 1071
1548 342
1549 791
1550 1558
1551 401
1552 360
1553 649
1554 361
1555 426
1556 1920
1557 3491
1558 377
1559 402
1560 719
1561 2185
1562 1404
1563 1273
1564 38
1565 104
1566 582
1567 594
1568 1657
1569 36
1570 77
1571 328
1572 4614
1573 8984
1574 3074
1575 311
1576 3011
1577 1391
1578 942
1579 2074
1580 2537
1581 942
1582 1166
1583 912
1584 618
1585 161
1586 35
1587 487
1588 1527
1589 178
1590 3063
1591 1065
1592 753
1593 749
1594 809
1595 2439
1596 1689
1597 245
1598 92
1599 261
1600 2235
1601 753
1602 2194
1603 294
1604 196
1605 26
1606 112
1607 353
1608 13
1609 25
1610 44
1611 14
1612 686
1613 811
1614 455
1615 81
1616 1061
1617 3916
1618 3053
1619 5505
1620 2482
1621 4006
1622 3367
1623 1268
1624 890
1625 154
1626 2616
1627 1413
1628 644
1629 1500
1630 894
1631 736
1632 896
1633 721
1634 1211
1635 407
1636 386
1637 634
1638 681
1639 806
1640 1392
1641 328
1642 36
1643 89
1644 125
1645 2510
1646 4398
1647 852
1648 1559
1649 731
1650 484
1651 1571
1652 3877
1653 155
1654 560
1655 1713
1656 1818
1657 480
1658 787
1659 1191
1660 594
1661 796
1662 768
1663 209
1664 835
1665 1282
1666 912
1667 2052
1668 1835
1669 45
1670 411
1671 457
1672 15
1673 116
1674 33
1675 61
1676 54
1677 4456
1678 2945
1679 2341
1680 2558
1681 925
1682 1421
1683 1426
1684 775
1685 1749
1686 1096
1687 449
1688 670
1689 975
1690 422
1691 1048
1692 265
1693 654
1694 1021
1695 97
1696 460
1697 124
1698 251
1699 314
1700 142
1701 2160
1702 245
1703 693
1704 10
1705 30
1706 171
1707 554
1708 42
1709 778
1710 4097
1711 1247
1712 780
1713 614
1714 631
1715 1791
1716 1223
1717 914
1718 278
1719 555
1720 91
1721 642
1722 166
1723 152
1724 274
1725 199
1726 592
1727 414
1728 1505
1729 1233
1730 92
1731 183
1732 67
1733 535
1734 255
1735 54
1736 417
1737 890
1738 1601
1739 1485
1740 992
1741 349
1742 1306
1743 156
1744 639
1745 1056
1746 497
1747 34
1748 114
1749 205
1750 359
1751 955
1752 1424
1753 148
1754 83
1755 473
1756 286
1757 354
1758 576
1759 39
1760 36
1761 1494
1762 443
1763 678
1764 710
1765 751
1766 446
1767 1546
1768 852
1769 30
1770 167
1771 404
1772 781
1773 1398
1774 648
1775 512
1776 546
1777 746
1778 1380
1779 36
1780 232
1781 13
1782 811
1783 68
1784 271
1785 411
1786 60
1787 998
1788 542
1789 229
1790 718
1791 46
1792 1028
1793 461
1794 95
1795 4
1796 222
1797 1796
1798 1633
1799 3205
1800 2616
1801 756
1802 958
1803 258
1804 571
1805 2479
1806 2410
1807 559
1808 680
1809 36
1810 844
1811 415
1812 320
1813 366
1814 256
1815 322
1816 205
1817 49
1818 385
1819 120
1820 742
1821 511
1822 386
1823 492
1824 1849
1825 603
1826 177
1827 605
1828 842
1829 1427
1830 105
1831 1100
1832 301
1833 1119
1834 213
1835 1456
1836 610
1837 147
1838 538
1839 263
1840 423
1841 401
1842 177
1843 599
1844 1844
1845 1323
1846 417
1847 515
1848 1182
1849 1952
1850 252
1851 151
1852 241
1853 836
1854 328
1855 973
1856 595
1857 215
1858 1533
1859 1869
1860 517
1861 1249
1862 1255
1863 67
1864 513
1865 190
1866 572
1867 4836
1868 1135
1869 585
1870 166
1871 643
1872 2189
1873 1135
1874 359
1875 142
1876 165
1877 511
1878 611
1879 446
1880 52
1881 1123
1882 1805
1883 2206
1884 1177
1885 497
1886 211
1887 215
1888 45
1889 982
1890 1067
1891 348
1892 687
1893 746
1894 3098
1895 3139
1896 1327
1897 353
1898 319
1899 259
1900 1417
1901 905
1902 173
1903 1991
1904 655
1905 947
1906 663
1907 941
1908 517
1909 607
1910 596
1911 848
1912 1634
1913 789
1914 173
1915 71
1916 116
1917 991
1918 458
1919 1073
1920 420
1921 820
1922 194
1923 885
1924 829
1925 917
1926 168
1927 177
1928 203
1929 239
1930 472
1931 792
1932 303
1933 115
1934 386
1935 912
1936 1152
1937 167
1938 144
1939 280
1940 1065
1941 906
1942 2303
1943 1884
1944 303
1945 360
1946 413
1947 78
1948 458
1949 368
1950 343
1951 1121
1952 666
1953 1159
1954 609
1955 1730
1956 269
1957 634
1958 912
1959 532
1960 357
1961 131
1962 25
1963 186
1964 1919
1965 2061
1966 203
1967 1060
1968 1873
1969 856
1970 425
1971 784
1972 1705
1973 223
1974 461
1975 1052
1976 429
1977 8
1978 101
1979 85
1980 972
1981 1809
1982 778
1983 194
1984 345
1985 1678
1986 741
1987 84
1988 137
1989 1185
1990 635
1991 796
1992 660
1993 319
1994 734
1995 1662
1996 2570
1997 923
1998 470
1999 1088
2000 1048
2001 47
2002 197
2003 561
2004 1611
2005 811
2006 412
2007 633
2008 447
2009 665
2010 748
2011 956
2012 194
2013 183
2014 1064
2015 871
2016 1596
2017 2056
2018 171
2019 1453
2020 511
2021 430
2022 329
2023 1519
2024 2341
2025 65
2026 542
2027 511
2028 534
2029 300
2030 948
2031 1323
2032 864
2033 298
2034 886
2035 1320
2036 1909
2037 684
2038 578
2039 445
2040 308
2041 239
2042 370
2043 1333
2044 273
2045 577
2046 512
2047 536
2048 1581
2049 1879
2050 1239
2051 1214
2052 117
2053 143
2054 826
2055 2625
2056 394
2057 509
2058 506
2059 572
2060 543
2061 1131
2062 804
2063 682
2064 192
2065 132
2066 1234
2067 854
2068 51
2069 1285
2070 340
2071 684
2072 1522
2073 1333
2074 651
2075 957
2076 1459
2077 357
2078 29
2079 177
2080 912
2081 1718
2082 1175
2083 877
2084 575
2085 421
2086 1042
2087 760
2088 1130
2089 963
2090 689
2091 476
2092 392
2093 454
2094 745
2095 2520
2096 731
2097 2801
2098 1360
2099 776
2100 361
2101 194
2102 47
2103 1925
2104 1820
2105 824
2106 35
2107 40
2108 309
2109 234
2110 1365
2111 927
2112 1449
2113 779
2114 544
2115 953
2116 618
2117 549
2118 1735
2119 1782
2120 335
2121 364
2122 121
2123 136
2124 1512
2125 186
2126 933
2127 949
2128 1409
2129 460
2130 663
2131 1580
2132 1883
2133 243
2134 12
2135 184
2136 52
2137 1001
2138 1940
2139 501
2140 172
2141 26
2142 33
2143 45
2144 1293
2145 1408
2146 539
2147 263
2148 1904
2149 846
2150 2135
2151 298
2152 1275
2153 1601
2154 1224
2155 388
2156 89
2157 147
2158 95
2159 588
2160 1671
2161 1667
2162 9
2163 68
2164 326
2165 1325
2166 683
2167 529
2168 319
2169 819
2170 292
2171 135
2172 1055
2173 701
2174 50
2175 449
2176 41
2177 799
2178 152
2179 346
2180 179
2181 444
2182 330
2183 581
2184 195
2185 4
2186 25
2187 940
2188 447
2189 350
2190 1141
2191 893
2192 358
2193 1295
2194 203
2195 67
2196 24
2197 198
2198 112
2199 605
2200 360
2201 685
2202 879
2203 1264
2204 228
2205 1305
2206 1299
2207 336
2208 52
2209 585
2210 504
2211 1054
2212 1988
2213 1650
2214 282
2215 409
2216 71
2217 154
2218 82
2219 181
2220 701
2221 25
2222 35
2223 355
2224 865
2225 194
2226 136
2227 1318
2228 1060
2229 964
2230 1141
2231 124
2232 443
2233 613
2234 39
2235 167
2236 66
2237 437
2238 158
2239 27
2240 7
2241 105
2242 59
2243 1495
2244 722
2245 140
2246 270
2247 1147
2248 2019
2249 289
2250 1554
2251 723
2252 219
2253 542
2254 1679
2255 793
2256 1093
2257 290
2258 57
2259 187
2260 1149
2261 192
2262 97
2263 40
2264 38
2265 400
2266 2027
2267 1533
2268 1362
2269 1888
2270 1890
2271 1063
2272 52
2273 217
2274 2232
2275 1612
2276 771
2277 1733
2278 478
2279 132
2280 91
2281 1396
2282 1893
2283 217
2284 0
2285 172
2286 1043
2287 239
2288 366
2289 382
2290 1596
2291 2251
2292 201
2293 41
2294 1743
2295 1479
2296 386
2297 764
2298 474
2299 61
2300 753
2301 1167
2302 608
2303 28
2304 332
2305 86
2306 229
2307 609
2308 1704
2309 566
2310 541
2311 532
2312 391
2313 379
2314 791
2315 426
2316 2021
2317 647
2318 14
2319 249
2320 1455
2321 879
2322 732
2323 0
2324 13
2325 196
2326 1710
2327 2798
2328 513
2329 117
2330 187
2331 82
2332 349
2333 342
2334 2660
2335 3302
2336 398
2337 83
2338 386
2339 886
2340 765
2341 230
2342 12
2343 2
2344 606
2345 1206
2346 639
2347 975
2348 144
2349 560
2350 791
2351 1288
2352 1119
2353 1784
2354 1006
2355 244
2356 772
2357 274
2358 108
2359 7
2360 40
2361 21
2362 35
2363 1680
2364 1458
2365 194
2366 1217
2367 967
2368 260
2369 653
2370 1153
2371 754
2372 636
2373 399
2374 51
2375 832
2376 1223
2377 32
2378 18
2379 166
2380 259
2381 67
2382 1544
2383 847
2384 567
2385 2055
2386 583
2387 1468
2388 2508
2389 1460
2390 975
2391 1781
2392 243
2393 224
2394 1597
2395 546
2396 195
2397 43
2398 1347
2399 43
2400 148
2401 885
2402 3414
2403 257
2404 451
2405 1186
2406 1536
2407 1096
2408 595
2409 843
2410 557
2411 1252
2412 845
2413 194
2414 11
2415 376
2416 108
2417 225
2418 56
2419 945
2420 1672
2421 1407
2422 3126
2423 442
2424 790
2425 968
2426 1280
2427 1629
2428 1999
2429 398
2430 24
2431 439
2432 1085
2433 9
2434 182
2435 506
2436 612
2437 325
2438 1981
2439 218
2440 748
2441 1608
2442 1595
2443 688
2444 786
2445 823
2446 137
2447 13
2448 12
2449 733
2450 73
2451 209
2452 121
2453 71
2454 596
2455 565
2456 886
2457 782
2458 141
2459 513
2460 120
2461 70
2462 8
2463 82
2464 489
2465 3076
2466 452
2467 16
2468 202
2469 253
2470 507
2471 349
2472 328
2473 83
2474 31
2475 31
2476 0
2477 170
2478 776
2479 64
2480 252
2481 377
2482 125
2483 359
2484 552
2485 785
2486 351
2487 1123
2488 195
2489 283
2490 46
2491 25
2492 9
2493 27
2494 340
2495 698
2496 247
2497 454
2498 99
2499 498
2500 277
2501 215
2502 290
2503 1413
2504 68
2505 16
2506 97
2507 28
2508 37
2509 267
2510 146
2511 233
2512 204
2513 412
2514 1
2515 4
2516 117
2517 10
2518 2
2519 40
2520 187
2521 106
2522 172
2523 492
2524 26
2525 18
2526 747
2527 351
2528 7
2529 147
2530 234
2531 116
2532 47
2533 34
2534 1165
2535 1451
2536 205
2537 400
2538 592
2539 101
2540 11
2541 105
2542 1678
2543 450
2544 575
2545 1409
2546 137
2547 62
2548 404
2549 203
2550 123
2551 62
2552 500
2553 902
2554 336
2555 13
2556 13
2557 103
2558 274
2559 233
2560 774
2561 676
2562 184
2563 494
2564 143
2565 151
2566 306
2567 144
2568 140
2569 61
2570 157
2571 103
2572 1
2573 261
2574 20
2575 654
2576 40
2577 45
2578 51
2579 30
2580 3
2581 6
2582 0
2583 0
2584 1
2585 0
2586 0
2587 1
2588 0
2589 0
2590 0
2591 0
2592 2
2593 0
2594 0
2595 0
2596 0
2597 0
2598 9
