0 466
1 8
2 49
3 20
4 146
5 278
6 15
7 18
8 9
9 21
10 113
11 393
12 62
13 258
14 709
15 277
16 497
17 94
18 51
19 1150
20 11
21 161
22 86
23 772
24 5
25 283
26 26
27 32
28 23
29 85
30 16
31 43
32 9
33 256
34 46
35 451
36 37
37 122
38 69
39 87
40 157
41 40
42 57
43 46
44 593
45 12
46 43
47 24
48 48
49 509
50 268
51 72
52 442
53 469
54 437
55 42
56 91
57 316
58 487
59 45
60 108
61 581
62 468
63 56
64 76
65 1143
66 121
67 402
68 215
69 20
70 88
71 86
72 30
73 18
74 441
75 775
76 39
77 366
78 795
79 770
80 83
81 20
82 317
83 161
84 57
85 24
86 329
87 1134
88 962
89 33
90 30
91 32
92 59
93 347
94 97
95 5
96 93
97 529
98 130
99 602
100 15
101 48
102 391
103 431
104 90
105 183
106 592
107 180
108 508
109 471
110 36
111 191
112 256
113 98
114 359
115 169
116 553
117 90
118 59
119 274
120 13
121 226
122 972
123 275
124 99
125 27
126 75
127 99
128 140
129 245
130 111
131 259
132 68
133 4
134 43
135 839
136 419
137 1949
138 141
139 133
140 738
141 638
142 110
143 110
144 13
145 38
146 515
147 126
148 681
149 425
150 183
151 0
152 11
153 190
154 151
155 246
156 107
157 191
158 1775
159 258
160 114
161 131
162 14
163 296
164 312
165 426
166 595
167 339
168 187
169 130
170 806
171 466
172 179
173 130
174 703
175 1341
176 862
177 115
178 248
179 11
180 850
181 72
182 1983
183 977
184 397
185 320
186 1541
187 1406
188 740
189 96
190 151
191 9
192 14
193 38
194 18
195 10
196 759
197 442
198 63
199 618
200 478
201 419
202 160
203 769
204 476
205 1079
206 1677
207 401
208 238
209 16
210 1198
211 37
212 158
213 377
214 3
215 903
216 57
217 225
218 293
219 1349
220 293
221 1027
222 1006
223 917
224 1548
225 853
226 747
227 131
228 13
229 157
230 37
231 18
232 0
233 91
234 1
235 130
236 2
237 14
238 456
239 1838
240 73
241 1807
242 1068
243 170
244 1135
245 260
246 475
247 20
248 296
249 209
250 161
251 48
252 104
253 2
254 45
255 186
256 2713
257 890
258 164
259 23
260 3
261 4
262 64
263 460
264 77
265 176
266 57
267 161
268 72
269 10
270 292
271 631
272 188
273 2
274 86
275 70
276 82
277 46
278 136
279 481
280 62
281 17
282 240
283 1732
284 48
285 54
286 190
287 152
288 185
289 104
290 1479
291 354
292 2066
293 717
294 30
295 402
296 577
297 221
298 280
299 142
300 363
301 291
302 433
303 356
304 1798
305 563
306 400
307 926
308 8
309 476
310 355
311 498
312 666
313 105
314 111
315 644
316 557
317 703
318 1518
319 61
320 242
321 321
322 86
323 143
324 9
325 33
326 138
327 68
328 28
329 11
330 64
331 396
332 114
333 805
334 1000
335 901
336 101
337 368
338 1287
339 775
340 12
341 43
342 58
343 18
344 74
345 38
346 253
347 50
348 728
349 244
350 355
351 1503
352 243
353 54
354 8
355 27
356 26
357 389
358 10
359 455
360 481
361 1213
362 1657
363 53
364 2
365 11
366 136
367 243
368 535
369 619
370 232
371 153
372 152
373 231
374 122
375 152
376 338
377 20
378 84
379 386
380 400
381 13
382 361
383 26
384 320
385 547
386 9
387 17
388 471
389 633
390 996
391 660
392 1091
393 32
394 616
395 269
396 1148
397 377
398 3
399 750
400 50
401 354
402 190
403 200
404 580
405 447
406 1036
407 783
408 237
409 24
410 94
411 204
412 353
413 1495
414 951
415 60
416 168
417 350
418 59
419 251
420 120
421 59
422 634
423 596
424 813
425 357
426 288
427 119
428 513
429 32
430 1203
431 74
432 108
433 213
434 29
435 70
436 1009
437 1474
438 1895
439 713
440 1101
441 943
442 423
443 1570
444 256
445 234
446 182
447 46
448 751
449 263
450 562
451 327
452 554
453 962
454 1046
455 170
456 654
457 1347
458 850
459 7
460 42
461 1002
462 766
463 470
464 501
465 367
466 78
467 789
468 486
469 1048
470 1303
471 1371
472 879
473 497
474 949
475 323
476 71
477 120
478 47
479 184
480 117
481 199
482 280
483 53
484 742
485 247
486 407
487 590
488 236
489 1070
490 300
491 203
492 1078
493 1996
494 186
495 432
496 244
497 128
498 1143
499 360
500 353
501 334
502 277
503 122
504 50
505 381
506 607
507 90
508 65
509 1687
510 142
511 219
512 766
513 1301
514 507
515 799
516 404
517 309
518 21
519 296
520 1365
521 1128
522 48
523 218
524 255
525 33
526 21
527 113
528 460
529 124
530 83
531 147
532 974
533 899
534 107
535 755
536 819
537 132
538 128
539 637
540 100
541 210
542 91
543 762
544 781
545 45
546 442
547 6
548 604
549 30
550 290
551 79
552 815
553 829
554 1206
555 1091
556 220
557 120
558 300
559 579
560 164
561 470
562 180
563 24
564 17
565 17
566 0
567 144
568 69
569 26
570 126
571 564
572 367
573 237
574 85
575 609
576 182
577 291
578 336
579 216
580 84
581 27
582 57
583 292
584 513
585 431
586 364
587 122
588 741
589 1566
590 48
591 33
592 330
593 41
594 57
595 155
596 129
597 82
598 893
599 1240
600 829
601 1828
602 372
603 298
604 205
605 128
606 408
607 415
608 752
609 225
610 555
611 296
612 888
613 566
614 1323
615 914
616 817
617 23
618 75
619 45
620 140
621 21
622 280
623 139
624 171
625 1062
626 501
627 1339
628 860
629 688
630 1114
631 156
632 276
633 206
634 333
635 201
636 499
637 33
638 253
639 582
640 81
641 502
642 452
643 1219
644 244
645 932
646 507
647 70
648 76
649 8
650 5
651 344
652 482
653 247
654 227
655 288
656 187
657 75
658 953
659 664
660 69
661 454
662 58
663 635
664 120
665 67
666 539
667 423
668 37
669 232
670 382
671 891
672 103
673 69
674 135
675 36
676 683
677 875
678 643
679 367
680 1010
681 854
682 47
683 214
684 138
685 394
686 101
687 16
688 21
689 236
690 1016
691 639
692 392
693 17
694 112
695 145
696 151
697 107
698 83
699 360
700 215
701 258
702 441
703 41
704 119
705 776
706 1152
707 482
708 45
709 524
710 38
711 6
712 91
713 80
714 2
715 77
716 407
717 1542
718 719
719 595
720 1466
721 322
722 181
723 19
724 239
725 155
726 341
727 242
728 229
729 560
730 347
731 757
732 129
733 321
734 421
735 169
736 533
737 402
738 959
739 1025
740 382
741 257
742 24
743 171
744 724
745 26
746 13
747 6
748 609
749 259
750 1658
751 66
752 740
753 192
754 583
755 54
756 280
757 136
758 238
759 933
760 449
761 145
762 405
763 156
764 1169
765 366
766 373
767 329
768 19
769 187
770 1171
771 169
772 73
773 0
774 277
775 471
776 261
777 289
778 267
779 35
780 11
781 87
782 283
783 148
784 414
785 195
786 684
787 464
788 98
789 961
790 115
791 134
792 245
793 572
794 522
795 0
796 538
797 690
798 332
799 183
800 95
801 5
802 183
803 13
804 38
805 33
806 1084
807 459
808 262
809 756
810 438
811 107
812 337
813 359
814 102
815 33
816 0
817 1
818 186
819 812
820 897
821 883
822 376
823 509
824 106
825 360
826 151
827 689
828 445
829 238
830 195
831 331
832 449
833 562
834 578
835 252
836 389
837 164
838 154
839 60
840 12
841 78
842 65
843 0
844 233
845 396
846 412
847 679
848 434
849 122
850 584
851 22
852 526
853 118
854 46
855 350
856 129
857 688
858 634
859 107
860 128
861 280
862 585
863 164
864 245
865 364
866 105
867 319
868 95
869 81
870 161
871 56
872 18
873 61
874 1
875 10
876 89
877 1044
878 394
879 315
880 1354
881 896
882 129
883 105
884 496
885 57
886 108
887 87
888 306
889 1577
890 149
891 137
892 356
893 161
894 140
895 287
896 176
897 359
898 115
899 67
900 0
901 15
902 132
903 1747
904 776
905 162
906 757
907 1028
908 774
909 34
910 79
911 559
912 24
913 38
914 225
915 659
916 44
917 265
918 655
919 188
920 640
921 822
922 276
923 58
924 141
925 36
926 121
927 310
928 1
929 31
930 422
931 1285
932 435
933 1309
934 591
935 970
936 161
937 109
938 548
939 224
940 838
941 332
942 2
943 66
944 720
945 921
946 312
947 26
948 9
949 605
950 424
951 44
952 337
953 761
954 331
955 1287
956 1433
957 291
958 181
959 485
960 275
961 43
962 155
963 463
964 524
965 126
966 392
967 312
968 386
969 952
970 381
971 21
972 324
973 757
974 240
975 418
976 80
977 53
978 1697
979 247
980 1486
981 1561
982 296
983 154
984 957
985 807
986 228
987 71
988 3
989 18
990 48
991 137
992 184
993 1162
994 613
995 170
996 328
997 102
998 178
999 347
1000 145
1001 403
1002 709
1003 13
1004 6
1005 20
1006 9
1007 639
1008 1160
1009 6
1010 180
1011 105
1012 56
1013 2
1014 7
1015 21
1016 308
1017 897
1018 92
1019 740
1020 648
1021 1071
1022 675
1023 267
1024 388
1025 130
1026 508
1027 1317
1028 267
1029 92
1030 98
1031 684
1032 28
1033 55
1034 210
1035 393
1036 197
1037 102
1038 1042
1039 620
1040 933
1041 536
1042 36
1043 329
1044 138
1045 227
1046 458
1047 355
1048 467
1049 76
1050 90
1051 8
1052 20
1053 24
1054 51
1055 171
1056 242
1057 371
1058 576
1059 935
1060 929
1061 212
1062 3
1063 57
1064 0
1065 72
1066 55
1067 256
1068 85
1069 231
1070 228
1071 124
1072 854
1073 316
1074 639
1075 73
1076 97
1077 9
1078 392
1079 64
1080 728
1081 432
1082 164
1083 319
1084 277
1085 104
1086 12
1087 57
1088 17
1089 28
1090 698
1091 1105
1092 846
1093 1188
1094 569
1095 95
1096 205
1097 75
1098 249
1099 1306
1100 40
1101 92
1102 97
1103 206
1104 68
1105 114
1106 1283
1107 1238
1108 237
1109 20
1110 2451
1111 622
1112 76
1113 457
1114 817
1115 80
1116 18
1117 120
1118 114
1119 901
1120 842
1121 738
1122 106
1123 44
1124 208
1125 36
1126 244
1127 10
1128 309
1129 486
1130 26
1131 20
1132 6
1133 368
1134 222
1135 135
1136 3
1137 3
1138 12
1139 605
1140 2583
1141 1509
1142 590
1143 21
1144 78
1145 8
1146 163
1147 5
1148 45
1149 961
1150 1512
1151 138
1152 162
1153 203
1154 379
1155 1235
1156 826
1157 576
1158 164
1159 75
1160 168
1161 63
1162 312
1163 4
1164 32
1165 10
1166 261
1167 371
1168 833
1169 134
1170 859
1171 15
1172 13
1173 148
1174 40
1175 59
1176 589
1177 1244
1178 170
1179 1006
1180 97
1181 692
1182 499
1183 937
1184 364
1185 796
1186 444
1187 304
1188 57
1189 19
1190 18
1191 403
1192 399
1193 27
1194 107
1195 39
1196 116
1197 33
1198 340
1199 337
1200 180
1201 30
1202 16
1203 1014
1204 84
1205 41
1206 174
1207 39
1208 285
1209 167
1210 707
1211 642
1212 1513
1213 122
1214 405
1215 835
1216 367
1217 1517
1218 735
1219 146
1220 483
1221 283
1222 115
1223 356
1224 306
1225 97
1226 234
1227 76
1228 371
1229 655
1230 248
1231 35
1232 198
1233 389
1234 458
1235 1339
1236 272
1237 329
1238 490
1239 21
1240 180
1241 6
1242 51
1243 538
1244 23
1245 260
1246 159
1247 504
1248 1135
1249 1706
1250 109
1251 706
1252 1157
1253 1544
1254 2478
1255 368
1256 290
1257 109
1258 719
1259 84
1260 269
1261 99
1262 288
1263 303
1264 830
1265 619
1266 390
1267 121
1268 35
1269 34
1270 60
1271 168
1272 319
1273 330
1274 2100
1275 955
1276 86
1277 184
1278 199
1279 252
1280 28
1281 39
1282 25
1283 21
1284 13
1285 9
1286 553
1287 1112
1288 329
1289 916
1290 797
1291 799
1292 394
1293 462
1294 6319
1295 2226
1296 247
1297 64
1298 284
1299 758
1300 127
1301 9
1302 189
1303 384
1304 1169
1305 249
1306 154
1307 708
1308 527
1309 488
1310 111
1311 389
1312 12
1313 12
1314 21
1315 1056
1316 925
1317 958
1318 1240
1319 1140
1320 1111
1321 2045
1322 1142
1323 165
1324 135
1325 310
1326 73
1327 130
1328 8
1329 242
1330 118
1331 327
1332 1307
1333 354
1334 104
1335 294
1336 262
1337 830
1338 633
1339 2217
1340 2896
1341 458
1342 188
1343 746
1344 911
1345 195
1346 147
1347 113
1348 82
1349 232
1350 1150
1351 102
1352 47
1353 1047
1354 122
1355 561
1356 525
1357 147
1358 186
1359 600
1360 94
1361 11
1362 18
1363 443
1364 1540
1365 1841
1366 376
1367 535
1368 528
1369 1172
1370 857
1371 834
1372 8
1373 118
1374 16
1375 17
1376 59
1377 97
1378 298
1379 1190
1380 1286
1381 170
1382 211
1383 251
1384 552
1385 279
1386 814
1387 2229
1388 673
1389 108
1390 753
1391 641
1392 151
1393 176
1394 95
1395 372
1396 377
1397 281
1398 8
1399 122
1400 812
1401 514
1402 428
1403 557
1404 468
1405 199
1406 230
1407 635
1408 614
1409 700
1410 596
1411 242
1412 224
1413 2
1414 126
1415 70
1416 545
1417 773
1418 502
1419 1249
1420 565
1421 1485
1422 394
1423 30
1424 148
1425 33
1426 134
1427 578
1428 1670
1429 2268
1430 1354
1431 1841
1432 1309
1433 569
1434 669
1435 815
1436 596
1437 1340
1438 31
1439 9
1440 375
1441 369
1442 2105
1443 363
1444 377
1445 826
1446 1154
1447 262
1448 354
1449 194
1450 161
1451 1358
1452 268
1453 812
1454 491
1455 80
1456 371
1457 1429
1458 50
1459 1405
1460 433
1461 234
1462 137
1463 261
1464 15
1465 245
1466 399
1467 365
1468 102
1469 106
1470 41
1471 8
1472 79
1473 87
1474 78
1475 438
1476 2038
1477 3706
1478 1480
1479 1151
1480 1551
1481 1278
1482 267
1483 927
1484 669
1485 14
1486 209
1487 80
1488 646
1489 538
1490 2410
1491 603
1492 315
1493 627
1494 699
1495 182
1496 1104
1497 1361
1498 176
1499 474
1500 856
1501 244
1502 356
1503 156
1504 603
1505 1087
1506 171
1507 382
1508 963
1509 214
1510 381
1511 52
1512 82
1513 205
1514 1440
1515 496
1516 276
1517 46
1518 4
1519 0
1520 20
1521 50
1522 76
1523 63
1524 595
1525 2105
1526 1485
1527 4202
1528 3127
1529 2112
1530 766
1531 36
1532 344
1533 1153
1534 103
1535 646
1536 407
1537 423
1538 745
1539 495
1540 46
1541 595
1542 149
1543 416
1544 2283
1545 1311
1546 1509
1547 701
1548 224
1549 514
1550 1035
1551 266
1552 243
1553 435
1554 241
1555 278
1556 1297
1557 2361
1558 249
1559 268
1560 479
1561 1453
1562 931
1563 861
1564 27
1565 72
1566 392
1567 401
1568 1116
1569 23
1570 51
1571 222
1572 3092
1573 5988
1574 2014
1575 205
1576 2002
1577 903
1578 611
1579 1387
1580 1673
1581 617
1582 798
1583 613
1584 411
1585 103
1586 22
1587 322
1588 1025
1589 124
1590 2021
1591 698
1592 496
1593 500
1594 530
1595 1646
1596 1109
1597 167
1598 58
1599 166
1600 1501
1601 500
1602 1477
1603 199
1604 136
1605 19
1606 77
1607 236
1608 8
1609 17
1610 29
1611 9
1612 459
1613 522
1614 310
1615 57
1616 717
1617 2584
1618 2033
1619 3666
1620 1668
1621 2695
1622 2243
1623 850
1624 595
1625 102
1626 1737
1627 943
1628 415
1629 999
1630 612
1631 491
1632 588
1633 483
1634 811
1635 275
1636 263
1637 438
1638 462
1639 546
1640 926
1641 226
1642 23
1643 60
1644 85
1645 1670
1646 2924
1647 572
1648 1051
1649 487
1650 327
1651 1036
1652 2578
1653 101
1654 378
1655 1147
1656 1201
1657 318
1658 523
1659 790
1660 396
1661 524
1662 512
1663 141
1664 559
1665 864
1666 600
1667 1369
1668 1211
1669 28
1670 266
1671 302
1672 8
1673 79
1674 19
1675 41
1676 36
1677 2959
1678 1944
1679 1576
1680 1716
1681 614
1682 949
1683 954
1684 523
1685 1180
1686 731
1687 299
1688 436
1689 658
1690 270
1691 685
1692 176
1693 434
1694 693
1695 63
1696 314
1697 82
1698 163
1699 212
1700 95
1701 1428
1702 157
1703 459
1704 7
1705 22
1706 115
1707 367
1708 28
1709 516
1710 2744
1711 838
1712 523
1713 412
1714 416
1715 1196
1716 814
1717 616
1718 185
1719 371
1720 59
1721 430
1722 111
1723 102
1724 181
1725 130
1726 393
1727 284
1728 994
1729 827
1730 61
1731 119
1732 43
1733 351
1734 171
1735 38
1736 269
1737 601
1738 1079
1739 997
1740 669
1741 225
1742 877
1743 105
1744 421
1745 704
1746 335
1747 25
1748 78
1749 135
1750 248
1751 648
1752 951
1753 102
1754 56
1755 314
1756 193
1757 240
1758 369
1759 26
1760 24
1761 985
1762 296
1763 454
1764 463
1765 494
1766 292
1767 1029
1768 564
1769 18
1770 113
1771 268
1772 520
1773 935
1774 425
1775 346
1776 371
1777 500
1778 901
1779 24
1780 152
1781 8
1782 533
1783 45
1784 177
1785 282
1786 41
1787 673
1788 365
1789 161
1790 468
1791 30
1792 689
1793 307
1794 66
1795 3
1796 150
1797 1210
1798 1098
1799 2115
1800 1737
1801 522
1802 651
1803 174
1804 382
1805 1654
1806 1626
1807 373
1808 459
1809 24
1810 562
1811 280
1812 210
1813 244
1814 174
1815 218
1816 135
1817 32
1818 260
1819 83
1820 495
1821 348
1822 252
1823 332
1824 1221
1825 409
1826 122
1827 402
1828 553
1829 946
1830 74
1831 742
1832 193
1833 742
1834 142
1835 943
1836 394
1837 95
1838 355
1839 180
1840 272
1841 272
1842 126
1843 398
1844 1234
1845 873
1846 272
1847 345
1848 786
1849 1292
1850 164
1851 99
1852 168
1853 549
1854 222
1855 643
1856 388
1857 139
1858 1022
1859 1240
1860 329
1861 826
1862 844
1863 44
1864 343
1865 126
1866 380
1867 3243
1868 749
1869 392
1870 106
1871 420
1872 1469
1873 757
1874 237
1875 97
1876 109
1877 354
1878 399
1879 305
1880 34
1881 752
1882 1193
1883 1464
1884 771
1885 325
1886 141
1887 143
1888 29
1889 655
1890 699
1891 235
1892 449
1893 504
1894 2070
1895 2108
1896 894
1897 240
1898 211
1899 174
1900 937
1901 614
1902 115
1903 1321
1904 449
1905 627
1906 437
1907 633
1908 351
1909 402
1910 387
1911 560
1912 1090
1913 525
1914 117
1915 45
1916 79
1917 659
1918 315
1919 703
1920 279
1921 539
1922 130
1923 595
1924 552
1925 611
1926 107
1927 117
1928 138
1929 154
1930 310
1931 541
1932 197
1933 78
1934 247
1935 625
1936 774
1937 110
1938 94
1939 184
1940 714
1941 597
1942 1556
1943 1243
1944 192
1945 236
1946 273
1947 53
1948 302
1949 242
1950 229
1951 742
1952 449
1953 771
1954 407
1955 1158
1956 186
1957 415
1958 599
1959 357
1960 243
1961 89
1962 16
1963 126
1964 1293
1965 1364
1966 136
1967 716
1968 1225
1969 559
1970 281
1971 517
1972 1143
1973 154
1974 298
1975 699
1976 296
1977 5
1978 67
1979 53
1980 659
1981 1180
1982 528
1983 128
1984 234
1985 1106
1986 500
1987 55
1988 84
1989 799
1990 421
1991 537
1992 431
1993 204
1994 478
1995 1087
1996 1712
1997 610
1998 309
1999 724
2000 694
2001 34
2002 132
2003 378
2004 1066
2005 538
2006 275
2007 413
2008 289
2009 449
2010 504
2011 646
2012 132
2013 123
2014 715
2015 575
2016 1076
2017 1371
2018 115
2019 980
2020 349
2021 293
2022 215
2023 1009
2024 1569
2025 43
2026 366
2027 338
2028 366
2029 195
2030 624
2031 895
2032 582
2033 203
2034 579
2035 877
2036 1254
2037 446
2038 390
2039 308
2040 197
2041 160
2042 237
2043 876
2044 184
2045 386
2046 347
2047 361
2048 1049
2049 1280
2050 827
2051 811
2052 77
2053 95
2054 544
2055 1742
2056 266
2057 343
2058 341
2059 390
2060 359
2061 741
2062 538
2063 461
2064 122
2065 88
2066 829
2067 561
2068 34
2069 863
2070 229
2071 457
2072 1029
2073 897
2074 433
2075 646
2076 980
2077 244
2078 20
2079 119
2080 600
2081 1158
2082 773
2083 591
2084 383
2085 280
2086 691
2087 504
2088 759
2089 632
2090 455
2091 315
2092 261
2093 299
2094 492
2095 1692
2096 488
2097 1862
2098 916
2099 524
2100 241
2101 127
2102 31
2103 1287
2104 1207
2105 542
2106 22
2107 27
2108 201
2109 156
2110 929
2111 620
2112 985
2113 523
2114 354
2115 626
2116 417
2117 366
2118 1149
2119 1192
2120 218
2121 248
2122 79
2123 91
2124 1014
2125 119
2126 624
2127 648
2128 939
2129 302
2130 447
2131 1060
2132 1266
2133 163
2134 8
2135 117
2136 36
2137 667
2138 1303
2139 326
2140 118
2141 18
2142 22
2143 31
2144 852
2145 920
2146 363
2147 176
2148 1269
2149 563
2150 1423
2151 200
2152 854
2153 1059
2154 825
2155 267
2156 57
2157 95
2158 62
2159 397
2160 1117
2161 1107
2162 4
2163 45
2164 214
2165 874
2166 453
2167 356
2168 219
2169 547
2170 191
2171 87
2172 716
2173 468
2174 34
2175 294
2176 27
2177 536
2178 101
2179 232
2180 116
2181 300
2182 216
2183 381
2184 125
2185 2
2186 16
2187 642
2188 296
2189 243
2190 734
2191 595
2192 231
2193 873
2194 136
2195 45
2196 16
2197 131
2198 70
2199 414
2200 248
2201 458
2202 593
2203 850
2204 155
2205 848
2206 877
2207 230
2208 36
2209 393
2210 337
2211 709
2212 1346
2213 1122
2214 186
2215 272
2216 49
2217 99
2218 57
2219 122
2220 468
2221 18
2222 25
2223 245
2224 576
2225 122
2226 95
2227 884
2228 709
2229 635
2230 764
2231 84
2232 297
2233 417
2234 24
2235 112
2236 42
2237 300
2238 109
2239 19
2240 5
2241 71
2242 40
2243 994
2244 478
2245 98
2246 177
2247 776
2248 1350
2249 192
2250 1036
2251 479
2252 145
2253 367
2254 1140
2255 532
2256 724
2257 204
2258 36
2259 124
2260 770
2261 132
2262 68
2263 26
2264 27
2265 269
2266 1362
2267 1026
2268 913
2269 1276
2270 1264
2271 706
2272 34
2273 151
2274 1476
2275 1069
2276 518
2277 1153
2278 314
2279 83
2280 64
2281 920
2282 1249
2283 144
2284 0
2285 110
2286 700
2287 157
2288 245
2289 261
2290 1060
2291 1507
2292 134
2293 25
2294 1165
2295 987
2296 261
2297 508
2298 311
2299 40
2300 497
2301 796
2302 398
2303 17
2304 230
2305 57
2306 151
2307 406
2308 1148
2309 373
2310 369
2311 355
2312 270
2313 251
2314 526
2315 277
2316 1330
2317 433
2318 10
2319 168
2320 983
2321 584
2322 494
2323 0
2324 9
2325 133
2326 1135
2327 1867
2328 350
2329 80
2330 123
2331 53
2332 238
2333 233
2334 1746
2335 2206
2336 265
2337 55
2338 267
2339 599
2340 511
2341 159
2342 8
2343 1
2344 409
2345 795
2346 419
2347 649
2348 98
2349 382
2350 534
2351 856
2352 751
2353 1195
2354 675
2355 161
2356 515
2357 189
2358 70
2359 4
2360 28
2361 14
2362 23
2363 1132
2364 975
2365 127
2366 818
2367 638
2368 175
2369 440
2370 762
2371 517
2372 439
2373 265
2374 33
2375 568
2376 819
2377 20
2378 12
2379 111
2380 175
2381 45
2382 1024
2383 575
2384 380
2385 1382
2386 380
2387 988
2388 1674
2389 969
2390 649
2391 1184
2392 163
2393 154
2394 1081
2395 363
2396 127
2397 29
2398 917
2399 28
2400 102
2401 590
2402 2235
2403 172
2404 300
2405 794
2406 1031
2407 723
2408 395
2409 543
2410 368
2411 844
2412 559
2413 127
2414 7
2415 254
2416 72
2417 150
2418 39
2419 625
2420 1143
2421 958
2422 2087
2423 286
2424 525
2425 659
2426 866
2427 1083
2428 1322
2429 264
2430 16
2431 299
2432 731
2433 4
2434 122
2435 345
2436 399
2437 218
2438 1328
2439 143
2440 491
2441 1080
2442 1064
2443 463
2444 521
2445 542
2446 91
2447 9
2448 9
2449 495
2450 49
2451 139
2452 80
2453 47
2454 395
2455 388
2456 582
2457 512
2458 93
2459 351
2460 80
2461 49
2462 5
2463 56
2464 330
2465 2043
2466 300
2467 10
2468 139
2469 164
2470 340
2471 228
2472 226
2473 57
2474 20
2475 21
2476 0
2477 107
2478 517
2479 44
2480 169
2481 245
2482 80
2483 234
2484 366
2485 521
2486 237
2487 750
2488 136
2489 192
2490 29
2491 16
2492 6
2493 17
2494 222
2495 458
2496 167
2497 303
2498 63
2499 333
2500 181
2501 146
2502 197
2503 919
2504 44
2505 10
2506 59
2507 20
2508 25
2509 176
2510 97
2511 154
2512 138
2513 273
2514 0
2515 3
2516 81
2517 7
2518 1
2519 24
2520 129
2521 71
2522 118
2523 328
2524 17
2525 11
2526 497
2527 236
2528 5
2529 95
2530 148
2531 75
2532 32
2533 23
2534 771
2535 986
2536 143
2537 275
2538 396
2539 67
2540 7
2541 73
2542 1120
2543 302
2544 373
2545 957
2546 89
2547 41
2548 279
2549 128
2550 76
2551 44
2552 338
2553 596
2554 230
2555 8
2556 9
2557 70
2558 183
2559 154
2560 521
2561 432
2562 120
2563 331
2564 93
2565 99
2566 185
2567 94
2568 97
2569 39
2570 109
2571 70
2572 1
2573 177
2574 13
2575 433
2576 27
2577 28
2578 35
2579 20
2580 2
2581 4
2582 0
2583 0
2584 0
2585 0
2586 0
2587 0
2588 0
2589 0
2590 0
2591 0
2592 1
2593 0
2594 0
2595 0
2596 0
2597 0
2598 6
