0 50
1 0
2 57
3 101
4 113
5 90
6 68
7 53
8 0
9 131
10 57
11 50
12 58
13 52
14 51
15 91
16 51
17 106
18 52
19 52
20 49
21 52
22 106
23 50
24 0
25 110
26 48
27 51
28 125
29 68
30 52
31 47
32 172
33 56
34 113
35 53
36 111
37 89
38 50
39 50
40 51
41 49
42 53
43 53
44 57
45 114
46 51
47 116
48 95
49 52
50 51
51 93
52 51
53 50
54 51
55 51
56 51
57 52
58 54
59 52
60 93
61 52
62 51
63 124
64 51
65 51
66 106
67 52
68 50
69 126
70 52
71 50
72 144
73 155
74 52
75 52
76 52
77 52
78 106
79 52
80 52
81 126
82 90
83 50
84 108
85 92
86 53
87 50
88 51
89 66
90 49
91 93
92 48
93 88
94 48
95 0
96 49
97 51
98 171
99 51
100 0
101 154
102 63
103 51
104 51
105 117
106 128
107 63
108 74
109 51
110 50
111 118
112 52
113 49
114 54
115 48
116 88
117 51
118 107
119 62
120 48
121 121
122 53
123 48
124 51
125 52
126 62
127 62
128 50
129 49
130 49
131 51
132 69
133 0
134 144
135 106
136 50
137 52
138 52
139 93
140 60
141 51
142 68
143 48
144 50
145 117
146 50
147 61
148 90
149 52
150 94
151 0
152 0
153 50
154 50
155 50
156 52
157 61
158 50
159 52
160 68
161 61
162 107
163 102
164 89
165 51
166 51
167 51
168 93
169 92
170 115
171 52
172 51
173 49
174 54
175 52
176 49
177 48
178 159
179 68
180 51
181 119
182 51
183 107
184 49
185 51
186 91
187 91
188 90
189 52
190 89
191 0
192 0
193 50
194 144
195 0
196 126
197 52
198 101
199 52
200 49
201 144
202 51
203 51
204 52
205 95
206 107
207 91
208 90
209 52
210 93
211 117
212 121
213 111
214 0
215 53
216 51
217 102
218 51
219 94
220 60
221 92
222 61
223 52
224 61
225 51
226 90
227 61
228 51
229 51
230 90
231 114
232 0
233 48
234 0
235 88
236 0
237 67
238 117
239 52
240 110
241 58
242 47
243 52
244 93
245 49
246 53
247 109
248 140
249 170
250 90
251 91
252 90
253 0
254 50
255 51
256 50
257 57
258 120
259 102
260 0
261 0
262 90
263 92
264 127
265 114
266 113
267 101
268 50
269 50
270 90
271 67
272 47
273 0
274 90
275 68
276 51
277 102
278 53
279 66
280 102
281 50
282 49
283 50
284 51
285 52
286 104
287 106
288 91
289 74
290 51
291 49
292 50
293 48
294 57
295 50
296 102
297 51
298 91
299 118
300 87
301 51
302 67
303 171
304 164
305 52
306 52
307 50
308 0
309 50
310 102
311 93
312 69
313 126
314 51
315 51
316 56
317 51
318 130
319 67
320 51
321 48
322 111
323 67
324 0
325 124
326 68
327 127
328 121
329 127
330 124
331 49
332 106
333 51
334 131
335 51
336 52
337 110
338 50
339 50
340 89
341 52
342 110
343 88
344 52
345 91
346 50
347 94
348 92
349 99
350 62
351 49
352 92
353 53
354 0
355 66
356 188
357 101
358 107
359 120
360 125
361 105
362 61
363 50
364 0
365 52
366 100
367 51
368 51
369 99
370 154
371 57
372 99
373 61
374 50
375 53
376 92
377 121
378 67
379 52
380 88
381 67
382 50
383 103
384 94
385 61
386 91
387 92
388 116
389 90
390 122
391 87
392 49
393 90
394 93
395 52
396 69
397 49
398 0
399 53
400 118
401 90
402 89
403 90
404 52
405 112
406 100
407 120
408 109
409 101
410 52
411 50
412 51
413 62
414 60
415 102
416 140
417 115
418 62
419 101
420 91
421 53
422 101
423 116
424 51
425 94
426 84
427 48
428 103
429 50
430 51
431 50
432 51
433 118
434 113
435 67
436 119
437 52
438 49
439 128
440 102
441 119
442 50
443 51
444 49
445 52
446 108
447 52
448 52
449 92
450 52
451 50
452 50
453 52
454 92
455 52
456 50
457 51
458 51
459 0
460 52
461 52
462 52
463 48
464 50
465 51
466 102
467 129
468 51
469 50
470 52
471 110
472 93
473 94
474 52
475 68
476 104
477 51
478 51
479 53
480 51
481 106
482 51
483 95
484 92
485 106
486 105
487 91
488 49
489 107
490 115
491 61
492 51
493 51
494 51
495 60
496 50
497 51
498 52
499 92
500 50
501 49
502 52
503 52
504 52
505 51
506 53
507 97
508 50
509 50
510 94
511 53
512 51
513 52
514 111
515 106
516 52
517 68
518 51
519 53
520 51
521 49
522 50
523 60
524 50
525 98
526 52
527 51
528 52
529 51
530 67
531 52
532 90
533 49
534 51
535 91
536 125
537 76
538 48
539 52
540 51
541 108
542 52
543 51
544 68
545 57
546 50
547 48
548 89
549 53
550 52
551 52
552 77
553 52
554 111
555 60
556 61
557 51
558 68
559 52
560 51
561 51
562 56
563 67
564 51
565 50
566 0
567 52
568 51
569 50
570 79
571 107
572 118
573 124
574 92
575 58
576 60
577 53
578 86
579 51
580 51
581 90
582 52
583 59
584 60
585 60
586 68
587 50
588 66
589 57
590 102
591 51
592 52
593 50
594 91
595 50
596 51
597 90
598 117
599 52
600 49
601 96
602 52
603 106
604 93
605 52
606 53
607 55
608 51
609 51
610 72
611 48
612 60
613 52
614 51
615 51
616 49
617 51
618 51
619 52
620 51
621 51
622 52
623 51
624 52
625 53
626 50
627 101
628 49
629 49
630 66
631 54
632 50
633 51
634 51
635 52
636 52
637 50
638 104
639 60
640 61
641 62
642 52
643 53
644 50
645 52
646 50
647 120
648 51
649 51
650 0
651 52
652 51
653 52
654 130
655 131
656 111
657 110
658 53
659 52
660 172
661 94
662 54
663 59
664 102
665 67
666 61
667 107
668 89
669 53
670 50
671 147
672 64
673 51
674 61
675 55
676 52
677 60
678 60
679 68
680 67
681 53
682 50
683 52
684 52
685 53
686 56
687 51
688 52
689 140
690 121
691 50
692 109
693 48
694 105
695 52
696 92
697 93
698 61
699 51
700 69
701 113
702 68
703 56
704 162
705 93
706 94
707 56
708 51
709 68
710 50
711 67
712 106
713 52
714 0
715 53
716 123
717 50
718 106
719 48
720 50
721 51
722 51
723 61
724 56
725 49
726 68
727 52
728 90
729 110
730 106
731 75
732 49
733 50
734 48
735 52
736 50
737 52
738 56
739 50
740 67
741 53
742 109
743 51
744 52
745 52
746 51
747 0
748 62
749 68
750 82
751 104
752 50
753 67
754 118
755 124
756 99
757 111
758 52
759 66
760 51
761 50
762 50
763 62
764 61
765 50
766 50
767 52
768 55
769 52
770 51
771 52
772 52
773 0
774 51
775 94
776 107
777 109
778 51
779 51
780 52
781 89
782 95
783 106
784 68
785 100
786 50
787 49
788 102
789 65
790 106
791 68
792 51
793 51
794 106
795 0
796 52
797 51
798 61
799 53
800 49
801 0
802 58
803 57
804 68
805 112
806 108
807 89
808 52
809 53
810 110
811 121
812 173
813 48
814 126
815 51
816 0
817 0
818 60
819 67
820 53
821 57
822 50
823 107
824 143
825 128
826 120
827 105
828 51
829 51
830 51
831 51
832 51
833 51
834 105
835 60
836 51
837 51
838 52
839 52
840 68
841 67
842 49
843 0
844 101
845 46
846 107
847 53
848 67
849 168
850 51
851 107
852 103
853 52
854 49
855 106
856 52
857 109
858 109
859 53
860 60
861 51
862 51
863 144
864 50
865 68
866 51
867 51
868 105
869 68
870 51
871 61
872 68
873 61
874 0
875 0
876 106
877 51
878 67
879 118
880 59
881 168
882 106
883 51
884 104
885 164
886 106
887 48
888 105
889 106
890 51
891 68
892 101
893 49
894 51
895 100
896 66
897 50
898 51
899 49
900 0
901 132
902 95
903 115
904 93
905 50
906 106
907 50
908 53
909 411
910 50
911 127
912 107
913 112
914 106
915 109
916 52
917 107
918 52
919 100
920 52
921 51
922 59
923 55
924 51
925 52
926 57
927 85
928 0
929 91
930 51
931 61
932 67
933 105
934 94
935 102
936 94
937 49
938 130
939 105
940 81
941 48
942 0
943 48
944 101
945 106
946 48
947 54
948 0
949 67
950 50
951 49
952 177
953 139
954 104
955 51
956 68
957 139
958 115
959 90
960 52
961 102
962 101
963 112
964 48
965 104
966 106
967 51
968 105
969 61
970 48
971 50
972 102
973 49
974 49
975 52
976 69
977 50
978 101
979 99
980 52
981 50
982 130
983 158
984 52
985 112
986 67
987 93
988 0
989 61
990 52
991 68
992 104
993 93
994 106
995 52
996 48
997 51
998 51
999 121
1000 162
1001 51
1002 67
1003 68
1004 0
1005 50
1006 53
1007 106
1008 56
1009 56
1010 48
1011 143
1012 53
1013 0
1014 0
1015 162
1016 134
1017 101
1018 51
1019 49
1020 90
1021 115
1022 111
1023 67
1024 103
1025 144
1026 121
1027 119
1028 51
1029 51
1030 67
1031 51
1032 50
1033 51
1034 104
1035 159
1036 53
1037 151
1038 51
1039 52
1040 52
1041 68
1042 48
1043 68
1044 168
1045 49
1046 51
1047 52
1048 111
1049 113
1050 50
1051 0
1052 52
1053 61
1054 121
1055 51
1056 101
1057 67
1058 50
1059 105
1060 50
1061 106
1062 0
1063 110
1064 0
1065 88
1066 51
1067 86
1068 171
1069 49
1070 51
1071 51
1072 52
1073 52
1074 53
1075 64
1076 138
1077 108
1078 49
1079 108
1080 119
1081 68
1082 141
1083 61
1084 49
1085 49
1086 0
1087 69
1088 149
1089 130
1090 49
1091 144
1092 51
1093 49
1094 47
1095 48
1096 49
1097 48
1098 147
1099 88
1100 107
1101 94
1102 50
1103 51
1104 48
1105 51
1106 69
1107 49
1108 51
1109 85
1110 49
1111 60
1112 151
1113 150
1114 132
1115 49
1116 57
1117 143
1118 49
1119 52
1120 110
1121 60
1122 52
1123 49
1124 130
1125 61
1126 48
1127 49
1128 53
1129 113
1130 55
1131 60
1132 0
1133 62
1134 52
1135 102
1136 0
1137 0
1138 49
1139 53
1140 90
1141 50
1142 111
1143 123
1144 121
1145 107
1146 51
1147 0
1148 98
1149 123
1150 101
1151 67
1152 53
1153 54
1154 51
1155 140
1156 98
1157 93
1158 48
1159 149
1160 53
1161 52
1162 51
1163 0
1164 104
1165 0
1166 128
1167 52
1168 51
1169 107
1170 67
1171 167
1172 103
1173 48
1174 49
1175 123
1176 113
1177 170
1178 93
1179 122
1180 112
1181 106
1182 48
1183 115
1184 48
1185 68
1186 92
1187 53
1188 50
1189 52
1190 48
1191 62
1192 62
1193 68
1194 50
1195 52
1196 51
1197 50
1198 48
1199 53
1200 48
1201 123
1202 92
1203 52
1204 90
1205 105
1206 106
1207 163
1208 120
1209 102
1210 60
1211 107
1212 108
1213 124
1214 135
1215 51
1216 89
1217 58
1218 52
1219 118
1220 102
1221 104
1222 113
1223 46
1224 57
1225 89
1226 61
1227 48
1228 60
1229 53
1230 52
1231 52
1232 49
1233 68
1234 50
1235 122
1236 63
1237 64
1238 107
1239 67
1240 52
1241 0
1242 52
1243 91
1244 92
1245 50
1246 106
1247 49
1248 51
1249 118
1250 105
1251 52
1252 94
1253 174
1254 98
1255 119
1256 52
1257 118
1258 49
1259 138
1260 51
1261 49
1262 51
1263 49
1264 51
1265 53
1266 51
1267 51
1268 51
1269 50
1270 56
1271 49
1272 68
1273 49
1274 101
1275 52
1276 50
1277 48
1278 68
1279 68
1280 67
1281 134
1282 132
1283 131
1284 131
1285 60
1286 68
1287 86
1288 52
1289 107
1290 170
1291 50
1292 101
1293 102
1294 141
1295 92
1296 60
1297 52
1298 156
1299 49
1300 47
1301 0
1302 52
1303 52
1304 53
1305 51
1306 47
1307 52
1308 52
1309 52
1310 51
1311 107
1312 52
1313 68
1314 50
1315 131
1316 49
1317 67
1318 52
1319 67
1320 48
1321 57
1322 61
1323 106
1324 48
1325 106
1326 109
1327 127
1328 132
1329 105
1330 105
1331 50
1332 106
1333 51
1334 106
1335 53
1336 105
1337 93
1338 110
1339 50
1340 50
1341 52
1342 117
1343 61
1344 91
1345 52
1346 52
1347 52
1348 58
1349 49
1350 57
1351 111
1352 48
1353 51
1354 52
1355 62
1356 52
1357 52
1358 51
1359 106
1360 51
1361 91
1362 51
1363 104
1364 51
1365 51
1366 123
1367 107
1368 127
1369 108
1370 61
1371 65
1372 0
1373 104
1374 109
1375 157
1376 92
1377 106
1378 49
1379 49
1380 106
1381 67
1382 61
1383 107
1384 93
1385 50
1386 95
1387 95
1388 148
1389 97
1390 49
1391 365
1392 89
1393 51
1394 51
1395 106
1396 51
1397 51
1398 0
1399 105
1400 67
1401 52
1402 48
1403 107
1404 52
1405 90
1406 92
1407 68
1408 100
1409 50
1410 50
1411 50
1412 63
1413 0
1414 52
1415 61
1416 107
1417 49
1418 48
1419 93
1420 106
1421 95
1422 105
1423 107
1424 106
1425 140
1426 48
1427 55
1428 92
1429 132
1430 52
1431 50
1432 111
1433 52
1434 53
1435 61
1436 122
1437 92
1438 51
1439 52
1440 90
1441 49
1442 52
1443 53
1444 52
1445 51
1446 52
1447 51
1448 50
1449 68
1450 50
1451 51
1452 118
1453 92
1454 51
1455 159
1456 51
1457 49
1458 48
1459 51
1460 60
1461 68
1462 49
1463 69
1464 60
1465 50
1466 89
1467 48
1468 49
1469 107
1470 105
1471 0
1472 113
1473 50
1474 54
1475 106
1476 100
1477 48
1478 146
1479 109
1480 59
1481 110
1482 139
1483 62
1484 92
1485 122
1486 94
1487 110
1488 100
1489 49
1490 54
1491 52
1492 50
1493 50
1494 52
1495 52
1496 50
1497 52
1498 51
1499 107
1500 51
1501 60
1502 68
1503 48
1504 52
1505 51
1506 48
1507 116
1508 60
1509 49
1510 51
1511 53
1512 49
1513 49
1514 53
1515 90
1516 105
1517 48
1518 0
1519 0
1520 106
1521 105
1522 66
1523 52
1524 51
1525 109
1526 111
1527 155
1528 108
1529 106
1530 92
1531 106
1532 120
1533 118
1534 143
1535 133
1536 48
1537 48
1538 49
1539 52
1540 52
1541 50
1542 53
1543 51
1544 51
1545 57
1546 67
1547 52
1548 49
1549 47
1550 68
1551 51
1552 69
1553 92
1554 68
1555 48
1556 120
1557 67
1558 50
1559 50
1560 50
1561 67
1562 49
1563 61
1564 67
1565 62
1566 100
1567 61
1568 131
1569 108
1570 51
1571 49
1572 105
1573 53
1574 51
1575 52
1576 51
1577 50
1578 57
1579 107
1580 63
1581 65
1582 55
1583 112
1584 90
1585 50
1586 52
1587 51
1588 50
1589 49
1590 52
1591 50
1592 51
1593 51
1594 50
1595 48
1596 48
1597 68
1598 106
1599 50
1600 132
1601 109
1602 63
1603 60
1604 52
1605 48
1606 63
1607 51
1608 48
1609 49
1610 67
1611 0
1612 106
1613 92
1614 49
1615 107
1616 48
1617 107
1618 106
1619 53
1620 107
1621 105
1622 139
1623 49
1624 54
1625 97
1626 90
1627 63
1628 47
1629 121
1630 52
1631 51
1632 53
1633 52
1634 52
1635 61
1636 52
1637 90
1638 52
1639 120
1640 51
1641 51
1642 51
1643 106
1644 106
1645 48
1646 48
1647 49
1648 48
1649 49
1650 108
1651 105
1652 49
1653 107
1654 106
1655 106
1656 93
1657 54
1658 49
1659 53
1660 51
1661 49
1662 51
1663 51
1664 62
1665 68
1666 50
1667 61
1668 105
1669 49
1670 64
1671 67
1672 49
1673 51
1674 107
1675 49
1676 61
1677 143
1678 51
1679 50
1680 61
1681 105
1682 106
1683 127
1684 50
1685 50
1686 72
1687 60
1688 76
1689 100
1690 160
1691 51
1692 51
1693 52
1694 48
1695 52
1696 52
1697 51
1698 52
1699 48
1700 49
1701 49
1702 53
1703 67
1704 0
1705 92
1706 120
1707 62
1708 51
1709 107
1710 107
1711 50
1712 105
1713 157
1714 151
1715 53
1716 48
1717 104
1718 173
1719 50
1720 47
1721 90
1722 122
1723 51
1724 51
1725 52
1726 50
1727 51
1728 48
1729 60
1730 49
1731 68
1732 49
1733 51
1734 106
1735 48
1736 66
1737 162
1738 106
1739 53
1740 48
1741 93
1742 107
1743 50
1744 67
1745 48
1746 61
1747 50
1748 61
1749 100
1750 51
1751 67
1752 51
1753 48
1754 91
1755 105
1756 49
1757 103
1758 93
1759 49
1760 92
1761 162
1762 52
1763 63
1764 105
1765 49
1766 50
1767 105
1768 118
1769 89
1770 50
1771 96
1772 48
1773 94
1774 100
1775 50
1776 110
1777 48
1778 107
1779 53
1780 49
1781 26
1782 49
1783 122
1784 107
1785 155
1786 94
1787 53
1788 94
1789 106
1790 48
1791 50
1792 52
1793 106
1794 92
1795 0
1796 97
1797 107
1798 50
1799 48
1800 52
1801 50
1802 48
1803 108
1804 50
1805 67
1806 50
1807 48
1808 61
1809 88
1810 92
1811 50
1812 48
1813 51
1814 63
1815 93
1816 60
1817 93
1818 105
1819 49
1820 53
1821 52
1822 49
1823 108
1824 105
1825 105
1826 52
1827 106
1828 106
1829 49
1830 91
1831 118
1832 50
1833 93
1834 48
1835 174
1836 50
1837 51
1838 49
1839 50
1840 138
1841 105
1842 50
1843 50
1844 112
1845 91
1846 106
1847 93
1848 100
1849 49
1850 48
1851 111
1852 48
1853 90
1854 49
1855 50
1856 52
1857 105
1858 48
1859 50
1860 51
1861 51
1862 51
1863 49
1864 67
1865 64
1866 94
1867 53
1868 49
1869 63
1870 48
1871 93
1872 107
1873 51
1874 51
1875 52
1876 52
1877 64
1878 49
1879 105
1880 51
1881 52
1882 48
1883 48
1884 53
1885 49
1886 49
1887 48
1888 48
1889 92
1890 49
1891 50
1892 51
1893 94
1894 95
1895 53
1896 49
1897 61
1898 48
1899 94
1900 114
1901 93
1902 91
1903 49
1904 49
1905 60
1906 62
1907 49
1908 49
1909 49
1910 49
1911 62
1912 49
1913 49
1914 49
1915 49
1916 93
1917 50
1918 51
1919 51
1920 49
1921 50
1922 93
1923 51
1924 48
1925 105
1926 49
1927 49
1928 63
1929 101
1930 100
1931 49
1932 64
1933 48
1934 50
1935 49
1936 143
1937 61
1938 50
1939 51
1940 53
1941 64
1942 51
1943 105
1944 52
1945 51
1946 50
1947 48
1948 49
1949 49
1950 48
1951 107
1952 53
1953 90
1954 50
1955 94
1956 93
1957 48
1958 95
1959 92
1960 51
1961 100
1962 48
1963 54
1964 49
1965 49
1966 107
1967 61
1968 50
1969 50
1970 49
1971 48
1972 49
1973 51
1974 48
1975 49
1976 102
1977 0
1978 49
1979 50
1980 102
1981 51
1982 49
1983 48
1984 49
1985 49
1986 49
1987 109
1988 92
1989 50
1990 100
1991 122
1992 105
1993 49
1994 49
1995 49
1996 49
1997 49
1998 50
1999 50
2000 51
2001 53
2002 49
2003 52
2004 52
2005 49
2006 92
2007 93
2008 49
2009 52
2010 50
2011 106
2012 91
2013 107
2014 92
2015 105
2016 53
2017 61
2018 49
2019 51
2020 50
2021 52
2022 49
2023 50
2024 51
2025 52
2026 50
2027 48
2028 48
2029 49
2030 53
2031 49
2032 104
2033 107
2034 92
2035 101
2036 52
2037 52
2038 48
2039 102
2040 58
2041 61
2042 67
2043 106
2044 48
2045 51
2046 49
2047 49
2048 52
2049 52
2050 51
2051 49
2052 49
2053 48
2054 52
2055 54
2056 59
2057 107
2058 94
2059 105
2060 93
2061 92
2062 120
2063 50
2064 62
2065 106
2066 94
2067 50
2068 49
2069 51
2070 53
2071 49
2072 48
2073 49
2074 49
2075 50
2076 52
2077 48
2078 50
2079 48
2080 49
2081 51
2082 63
2083 50
2084 63
2085 64
2086 49
2087 106
2088 93
2089 48
2090 49
2091 48
2092 107
2093 92
2094 51
2095 49
2096 49
2097 47
2098 67
2099 48
2100 48
2101 48
2102 47
2103 49
2104 49
2105 49
2106 51
2107 51
2108 54
2109 49
2110 106
2111 48
2112 94
2113 52
2114 98
2115 64
2116 113
2117 53
2118 49
2119 48
2120 120
2121 57
2122 121
2123 93
2124 51
2125 49
2126 50
2127 49
2128 93
2129 52
2130 54
2131 67
2132 47
2133 91
2134 0
2135 48
2136 93
2137 106
2138 49
2139 94
2140 50
2141 50
2142 50
2143 49
2144 49
2145 53
2146 53
2147 48
2148 60
2149 53
2150 53
2151 62
2152 49
2153 63
2154 92
2155 52
2156 52
2157 94
2158 47
2159 48
2160 68
2161 61
2162 170
2163 48
2164 49
2165 48
2166 50
2167 49
2168 48
2169 51
2170 49
2171 113
2172 53
2173 101
2174 107
2175 54
2176 54
2177 92
2178 48
2179 48
2180 48
2181 47
2182 47
2183 48
2184 50
2185 0
2186 51
2187 62
2188 49
2189 48
2190 48
2191 61
2192 113
2193 48
2194 49
2195 48
2196 49
2197 49
2198 47
2199 97
2200 54
2201 49
2202 48
2203 49
2204 52
2205 49
2206 50
2207 48
2208 104
2209 107
2210 53
2211 114
2212 98
2213 48
2214 48
2215 100
2216 49
2217 51
2218 117
2219 49
2220 48
2221 49
2222 131
2223 54
2224 105
2225 49
2226 48
2227 48
2228 116
2229 49
2230 115
2231 49
2232 121
2233 55
2234 49
2235 125
2236 135
2237 121
2238 54
2239 106
2240 0
2241 52
2242 49
2243 49
2244 49
2245 93
2246 62
2247 112
2248 93
2249 105
2250 90
2251 112
2252 67
2253 54
2254 120
2255 115
2256 116
2257 171
2258 49
2259 54
2260 49
2261 49
2262 49
2263 119
2264 49
2265 67
2266 49
2267 49
2268 48
2269 64
2270 109
2271 93
2272 102
2273 53
2274 51
2275 107
2276 124
2277 109
2278 97
2279 113
2280 49
2281 48
2282 49
2283 47
2284 0
2285 52
2286 53
2287 49
2288 49
2289 48
2290 101
2291 101
2292 61
2293 106
2294 49
2295 51
2296 48
2297 118
2298 99
2299 145
2300 91
2301 49
2302 122
2303 140
2304 176
2305 50
2306 102
2307 113
2308 49
2309 49
2310 61
2311 100
2312 99
2313 98
2314 50
2315 101
2316 47
2317 98
2318 0
2319 99
2320 111
2321 48
2322 48
2323 0
2324 0
2325 48
2326 49
2327 49
2328 49
2329 102
2330 60
2331 50
2332 51
2333 112
2334 111
2335 100
2336 48
2337 50
2338 97
2339 98
2340 48
2341 50
2342 48
2343 0
2344 49
2345 48
2346 49
2347 48
2348 50
2349 50
2350 48
2351 131
2352 120
2353 48
2354 105
2355 48
2356 49
2357 53
2358 63
2359 0
2360 49
2361 0
2362 52
2363 51
2364 50
2365 49
2366 49
2367 105
2368 49
2369 53
2370 103
2371 101
2372 103
2373 113
2374 120
2375 118
2376 116
2377 62
2378 51
2379 103
2380 51
2381 50
2382 123
2383 49
2384 48
2385 49
2386 121
2387 106
2388 168
2389 49
2390 50
2391 121
2392 120
2393 67
2394 113
2395 62
2396 50
2397 48
2398 47
2399 49
2400 95
2401 49
2402 49
2403 172
2404 48
2405 48
2406 169
2407 48
2408 65
2409 50
2410 48
2411 106
2412 50
2413 118
2414 0
2415 53
2416 48
2417 93
2418 64
2419 49
2420 49
2421 48
2422 155
2423 96
2424 48
2425 106
2426 49
2427 53
2428 103
2429 50
2430 117
2431 48
2432 100
2433 0
2434 49
2435 48
2436 48
2437 49
2438 49
2439 49
2440 61
2441 49
2442 49
2443 53
2444 112
2445 50
2446 50
2447 0
2448 49
2449 66
2450 48
2451 49
2452 49
2453 120
2454 123
2455 120
2456 49
2457 101
2458 123
2459 53
2460 119
2461 92
2462 0
2463 48
2464 50
2465 102
2466 48
2467 93
2468 52
2469 94
2470 112
2471 48
2472 94
2473 49
2474 49
2475 121
2476 0
2477 49
2478 52
2479 52
2480 53
2481 118
2482 48
2483 50
2484 48
2485 49
2486 50
2487 101
2488 97
2489 106
2490 171
2491 52
2492 0
2493 53
2494 49
2495 49
2496 47
2497 50
2498 48
2499 49
2500 49
2501 50
2502 48
2503 109
2504 49
2505 0
2506 146
2507 61
2508 48
2509 47
2510 50
2511 51
2512 63
2513 49
2514 0
2515 0
2516 50
2517 0
2518 0
2519 135
2520 49
2521 60
2522 120
2523 55
2524 132
2525 94
2526 92
2527 52
2528 0
2529 132
2530 48
2531 76
2532 95
2533 156
2534 106
2535 165
2536 120
2537 63
2538 48
2539 48
2540 0
2541 61
2542 103
2543 51
2544 51
2545 67
2546 107
2547 47
2548 91
2549 108
2550 111
2551 51
2552 91
2553 48
2554 51
2555 48
2556 0
2557 113
2558 95
2559 52
2560 48
2561 51
2562 52
2563 49
2564 100
2565 48
2566 92
2567 112
2568 49
2569 50
2570 49
2571 52
2572 0
2573 133
2574 51
2575 93
2576 50
2577 49
2578 49
2579 48
2580 0
