0 75
1 0
2 7
3 1
4 25
5 43
6 0
7 1
8 0
9 2
10 22
11 63
12 7
13 44
14 71
15 36
16 74
17 13
18 4
19 156
20 0
21 20
22 9
23 117
24 0
25 43
26 2
27 2
28 1
29 11
30 0
31 7
32 0
33 41
34 1
35 67
36 3
37 16
38 8
39 11
40 18
41 2
42 9
43 4
44 74
45 1
46 2
47 2
48 4
49 77
50 45
51 10
52 74
53 75
54 70
55 5
56 12
57 49
58 77
59 5
60 19
61 71
62 58
63 11
64 13
65 179
66 18
67 62
68 31
69 3
70 16
71 15
72 1
73 0
74 73
75 119
76 1
77 59
78 128
79 114
80 8
81 1
82 51
83 26
84 4
85 0
86 53
87 176
88 161
89 1
90 2
91 2
92 6
93 43
94 17
95 0
96 14
97 79
98 17
99 94
100 0
101 5
102 60
103 73
104 12
105 24
106 93
107 20
108 86
109 72
110 1
111 22
112 36
113 10
114 53
115 26
116 87
117 14
118 6
119 50
120 0
121 34
122 158
123 47
124 15
125 1
126 9
127 12
128 16
129 38
130 16
131 40
132 6
133 0
134 3
135 128
136 53
137 307
138 22
139 23
140 117
141 104
142 15
143 17
144 0
145 2
146 60
147 18
148 83
149 66
150 26
151 0
152 0
153 35
154 25
155 42
156 11
157 30
158 259
159 38
160 17
161 25
162 0
163 52
164 44
165 73
166 94
167 50
168 30
169 15
170 110
171 75
172 33
173 18
174 108
175 213
176 143
177 15
178 41
179 0
180 133
181 9
182 309
183 154
184 70
185 54
186 238
187 223
188 107
189 14
190 27
191 0
192 0
193 2
194 1
195 0
196 115
197 67
198 13
199 104
200 78
201 62
202 22
203 116
204 53
205 168
206 213
207 59
208 26
209 1
210 149
211 3
212 18
213 57
214 0
215 135
216 4
217 39
218 46
219 224
220 27
221 168
222 156
223 136
224 238
225 135
226 100
227 12
228 1
229 24
230 5
231 0
232 0
233 14
234 0
235 25
236 0
237 1
238 80
239 299
240 3
241 282
242 166
243 25
244 182
245 35
246 55
247 1
248 47
249 33
250 23
251 3
252 5
253 0
254 5
255 30
256 419
257 145
258 24
259 0
260 0
261 0
262 11
263 59
264 8
265 34
266 11
267 24
268 11
269 0
270 45
271 95
272 32
273 0
274 14
275 7
276 9
277 2
278 21
279 74
280 8
281 0
282 42
283 277
284 2
285 2
286 26
287 16
288 27
289 15
290 232
291 42
292 340
293 109
294 2
295 68
296 94
297 37
298 45
299 21
300 50
301 46
302 63
303 45
304 274
305 92
306 64
307 144
308 0
309 73
310 55
311 76
312 110
313 12
314 18
315 105
316 93
317 111
318 189
319 4
320 36
321 49
322 7
323 22
324 0
325 1
326 15
327 8
328 0
329 1
330 9
331 66
332 17
333 129
334 151
335 142
336 10
337 50
338 205
339 119
340 0
341 2
342 4
343 0
344 12
345 3
346 38
347 7
348 123
349 34
350 50
351 241
352 32
353 6
354 0
355 1
356 1
357 60
358 1
359 70
360 78
361 196
362 188
363 6
364 0
365 0
366 19
367 35
368 84
369 81
370 39
371 24
372 17
373 35
374 15
375 23
376 51
377 3
378 14
379 66
380 58
381 0
382 53
383 1
384 42
385 88
386 1
387 0
388 73
389 102
390 153
391 108
392 161
393 2
394 97
395 40
396 180
397 51
398 0
399 118
400 6
401 45
402 30
403 27
404 91
405 70
406 131
407 117
408 35
409 0
410 14
411 26
412 58
413 224
414 154
415 5
416 15
417 55
418 4
419 35
420 18
421 5
422 104
423 98
424 130
425 59
426 42
427 19
428 83
429 1
430 180
431 9
432 10
433 34
434 3
435 7
436 156
437 251
438 303
439 119
440 173
441 148
442 70
443 249
444 38
445 35
446 26
447 4
448 125
449 43
450 91
451 44
452 83
453 152
454 164
455 27
456 107
457 214
458 75
459 0
460 4
461 122
462 130
463 74
464 77
465 56
466 10
467 97
468 79
469 163
470 199
471 215
472 137
473 79
474 136
475 46
476 11
477 19
478 5
479 33
480 20
481 33
482 45
483 3
484 115
485 36
486 67
487 101
488 38
489 170
490 42
491 38
492 174
493 318
494 27
495 60
496 30
497 12
498 184
499 53
500 63
501 34
502 41
503 14
504 4
505 52
506 95
507 10
508 9
509 261
510 17
511 33
512 115
513 213
514 71
515 121
516 62
517 37
518 1
519 50
520 218
521 183
522 7
523 33
524 46
525 0
526 2
527 17
528 61
529 17
530 13
531 19
532 156
533 152
534 15
535 96
536 132
537 18
538 13
539 92
540 18
541 29
542 16
543 116
544 123
545 4
546 66
547 0
548 98
549 3
550 47
551 12
552 124
553 131
554 181
555 180
556 36
557 15
558 46
559 72
560 22
561 71
562 29
563 3
564 0
565 0
566 0
567 16
568 4
569 2
570 24
571 93
572 45
573 38
574 14
575 75
576 27
577 43
578 40
579 29
580 7
581 1
582 8
583 50
584 73
585 57
586 44
587 19
588 91
589 234
590 4
591 1
592 50
593 5
594 5
595 28
596 21
597 5
598 131
599 190
600 146
601 303
602 46
603 44
604 35
605 18
606 64
607 65
608 127
609 25
610 90
611 31
612 143
613 89
614 203
615 141
616 125
617 0
618 9
619 3
620 24
621 0
622 43
623 11
624 27
625 167
626 86
627 216
628 138
629 106
630 180
631 25
632 45
633 28
634 52
635 29
636 75
637 2
638 39
639 86
640 10
641 81
642 53
643 160
644 38
645 155
646 80
647 9
648 11
649 0
650 0
651 59
652 72
653 38
654 35
655 45
656 27
657 12
658 157
659 92
660 9
661 73
662 4
663 89
664 19
665 7
666 68
667 62
668 3
669 31
670 65
671 139
672 13
673 8
674 18
675 6
676 102
677 139
678 105
679 61
680 159
681 143
682 3
683 28
684 27
685 65
686 16
687 0
688 1
689 33
690 167
691 99
692 57
693 1
694 16
695 24
696 21
697 11
698 8
699 65
700 38
701 42
702 65
703 5
704 17
705 125
706 187
707 76
708 5
709 79
710 7
711 0
712 13
713 7
714 0
715 10
716 61
717 252
718 91
719 73
720 239
721 53
722 20
723 0
724 36
725 22
726 45
727 35
728 43
729 91
730 55
731 125
732 23
733 41
734 51
735 26
736 82
737 65
738 123
739 167
740 60
741 40
742 1
743 19
744 117
745 4
746 0
747 0
748 74
749 36
750 255
751 7
752 103
753 31
754 90
755 6
756 44
757 22
758 33
759 149
760 66
761 19
762 61
763 17
764 177
765 56
766 52
767 50
768 0
769 29
770 179
771 22
772 11
773 0
774 46
775 72
776 32
777 42
778 32
779 2
780 0
781 11
782 48
783 25
784 67
785 31
786 106
787 70
788 14
789 146
790 13
791 23
792 37
793 99
794 80
795 0
796 92
797 116
798 55
799 20
800 9
801 0
802 21
803 0
804 1
805 1
806 173
807 70
808 43
809 125
810 62
811 18
812 54
813 52
814 16
815 2
816 0
817 0
818 33
819 127
820 147
821 135
822 45
823 83
824 18
825 57
826 26
827 113
828 70
829 35
830 22
831 56
832 74
833 86
834 90
835 37
836 63
837 24
838 18
839 6
840 0
841 11
842 6
843 0
844 31
845 66
846 62
847 112
848 73
849 14
850 97
851 2
852 77
853 18
854 3
855 52
856 13
857 106
858 97
859 12
860 20
861 46
862 94
863 22
864 30
865 56
866 8
867 46
868 8
869 7
870 28
871 8
872 0
873 6
874 0
875 0
876 11
877 129
878 68
879 37
880 229
881 139
882 16
883 14
884 82
885 3
886 10
887 13
888 45
889 203
890 24
891 22
892 53
893 20
894 12
895 43
896 26
897 56
898 13
899 10
900 0
901 0
902 22
903 279
904 137
905 27
906 110
907 156
908 121
909 1
910 11
911 88
912 0
913 3
914 36
915 105
916 5
917 45
918 107
919 24
920 99
921 135
922 46
923 6
924 21
925 2
926 14
927 41
928 0
929 2
930 65
931 201
932 58
933 199
934 95
935 119
936 22
937 14
938 87
939 35
940 103
941 40
942 0
943 9
944 93
945 146
946 44
947 1
948 0
949 98
950 77
951 3
952 48
953 114
954 41
955 200
956 234
957 41
958 20
959 77
960 42
961 4
962 23
963 55
964 69
965 14
966 48
967 38
968 45
969 149
970 66
971 1
972 48
973 117
974 44
975 65
976 12
977 8
978 276
979 41
980 234
981 252
982 43
983 25
984 158
985 128
986 37
987 8
988 0
989 0
990 2
991 23
992 31
993 187
994 92
995 20
996 53
997 15
998 22
999 62
1000 19
1001 65
1002 112
1003 0
1004 0
1005 0
1006 0
1007 93
1008 177
1009 0
1010 20
1011 14
1012 9
1013 0
1014 0
1015 2
1016 34
1017 146
1018 16
1019 114
1020 102
1021 175
1022 89
1023 46
1024 65
1025 22
1026 81
1027 208
1028 41
1029 14
1030 16
1031 109
1032 0
1033 3
1034 32
1035 62
1036 32
1037 19
1038 173
1039 100
1040 144
1041 84
1042 0
1043 40
1044 25
1045 34
1046 73
1047 42
1048 78
1049 9
1050 16
1051 0
1052 1
1053 0
1054 4
1055 28
1056 33
1057 45
1058 83
1059 120
1060 147
1061 27
1062 0
1063 8
1064 0
1065 10
1066 4
1067 38
1068 11
1069 39
1070 33
1071 16
1072 131
1073 51
1074 106
1075 6
1076 16
1077 0
1078 60
1079 7
1080 109
1081 66
1082 29
1083 50
1084 46
1085 17
1086 0
1087 4
1088 1
1089 1
1090 86
1091 171
1092 137
1093 169
1094 90
1095 12
1096 28
1097 10
1098 34
1099 165
1100 2
1101 16
1102 17
1103 30
1104 7
1105 13
1106 195
1107 191
1108 36
1109 0
1110 391
1111 92
1112 9
1113 55
1114 137
1115 9
1116 1
1117 16
1118 11
1119 141
1120 137
1121 113
1122 15
1123 5
1124 30
1125 2
1126 33
1127 0
1128 55
1129 76
1130 0
1131 0
1132 0
1133 52
1134 32
1135 12
1136 0
1137 0
1138 0
1139 56
1140 397
1141 189
1142 96
1143 1
1144 10
1145 0
1146 20
1147 0
1148 4
1149 133
1150 232
1151 22
1152 23
1153 30
1154 61
1155 193
1156 130
1157 87
1158 24
1159 7
1160 27
1161 9
1162 52
1163 0
1164 2
1165 0
1166 46
1167 57
1168 140
1169 18
1170 103
1171 0
1172 0
1173 16
1174 1
1175 9
1176 91
1177 207
1178 32
1179 161
1180 12
1181 104
1182 82
1183 151
1184 61
1185 121
1186 65
1187 46
1188 7
1189 0
1190 1
1191 65
1192 60
1193 3
1194 19
1195 4
1196 12
1197 3
1198 53
1199 41
1200 19
1201 1
1202 0
1203 157
1204 12
1205 1
1206 32
1207 4
1208 38
1209 29
1210 124
1211 99
1212 243
1213 19
1214 61
1215 130
1216 59
1217 239
1218 118
1219 24
1220 77
1221 38
1222 14
1223 54
1224 51
1225 11
1226 24
1227 6
1228 56
1229 113
1230 41
1231 3
1232 29
1233 65
1234 68
1235 217
1236 43
1237 55
1238 78
1239 0
1240 20
1241 0
1242 6
1243 89
1244 1
1245 27
1246 25
1247 85
1248 132
1249 286
1250 16
1251 122
1252 183
1253 241
1254 388
1255 55
1256 51
1257 16
1258 115
1259 13
1260 42
1261 16
1262 50
1263 56
1264 106
1265 102
1266 60
1267 18
1268 2
1269 3
1270 6
1271 24
1272 48
1273 54
1274 329
1275 162
1276 13
1277 31
1278 33
1279 39
1280 2
1281 0
1282 1
1283 2
1284 1
1285 0
1286 89
1287 171
1288 49
1289 156
1290 121
1291 138
1292 63
1293 74
1294 990
1295 359
1296 36
1297 5
1298 43
1299 109
1300 21
1301 0
1302 32
1303 61
1304 197
1305 32
1306 17
1307 86
1308 91
1309 77
1310 15
1311 58
1312 0
1313 0
1314 0
1315 164
1316 138
1317 146
1318 193
1319 184
1320 174
1321 320
1322 183
1323 32
1324 22
1325 48
1326 8
1327 21
1328 0
1329 34
1330 20
1331 49
1332 214
1333 53
1334 13
1335 47
1336 38
1337 133
1338 106
1339 343
1340 452
1341 73
1342 23
1343 118
1344 137
1345 16
1346 26
1347 18
1348 12
1349 31
1350 178
1351 10
1352 5
1353 167
1354 11
1355 89
1356 84
1357 20
1358 29
1359 98
1360 13
1361 0
1362 0
1363 69
1364 249
1365 288
1366 59
1367 78
1368 85
1369 183
1370 137
1371 102
1372 0
1373 19
1374 0
1375 0
1376 6
1377 13
1378 42
1379 149
1380 192
1381 27
1382 35
1383 29
1384 74
1385 44
1386 128
1387 340
1388 66
1389 11
1390 91
1391 105
1392 25
1393 25
1394 14
1395 58
1396 58
1397 38
1398 0
1399 19
1400 130
1401 84
1402 71
1403 87
1404 77
1405 33
1406 28
1407 102
1408 95
1409 123
1410 94
1411 41
1412 33
1413 0
1414 14
1415 11
1416 82
1417 101
1418 76
1419 189
1420 84
1421 187
1422 60
1423 3
1424 23
1425 3
1426 14
1427 90
1428 263
1429 364
1430 214
1431 292
1432 205
1433 76
1434 80
1435 129
1436 106
1437 217
1438 1
1439 0
1440 53
1441 32
1442 330
1443 54
1444 58
1445 127
1446 188
1447 38
1448 50
1449 32
1450 24
1451 210
1452 39
1453 130
1454 82
1455 10
1456 51
1457 219
1458 2
1459 217
1460 54
1461 31
1462 16
1463 41
1464 0
1465 35
1466 67
1467 61
1468 16
1469 13
1470 6
1471 0
1472 14
1473 11
1474 9
1475 75
1476 306
1477 591
1478 248
1479 149
1480 254
1481 194
1482 46
1483 148
1484 106
1485 0
1486 32
1487 12
1488 82
1489 75
1490 388
1491 93
1492 50
1493 99
1494 111
1495 24
1496 170
1497 218
1498 26
1499 78
1500 143
1501 28
1502 57
1503 20
1504 96
1505 174
1506 28
1507 43
1508 122
1509 28
1510 59
1511 7
1512 12
1513 32
1514 227
1515 76
1516 48
1517 6
1518 0
1519 0
1520 0
1521 3
1522 7
1523 4
1524 76
1525 328
1526 231
1527 529
1528 288
1529 259
1530 122
1531 2
1532 55
1533 193
1534 6
1535 84
1536 56
1537 56
1538 114
1539 61
1540 3
1541 92
1542 24
1543 66
1544 369
1545 196
1546 237
1547 123
1548 37
1549 89
1550 154
1551 41
1552 36
1553 64
1554 33
1555 45
1556 145
1557 365
1558 35
1559 42
1560 77
1561 226
1562 116
1563 102
1564 2
1565 9
1566 62
1567 62
1568 132
1569 2
1570 2
1571 34
1572 459
1573 941
1574 244
1575 35
1576 315
1577 149
1578 91
1579 224
1580 207
1581 101
1582 122
1583 101
1584 68
1585 14
1586 3
1587 50
1588 161
1589 19
1590 314
1591 102
1592 76
1593 60
1594 83
1595 247
1596 178
1597 26
1598 7
1599 28
1600 251
1601 74
1602 228
1603 32
1604 19
1605 0
1606 4
1607 39
1608 0
1609 0
1610 2
1611 0
1612 70
1613 93
1614 49
1615 3
1616 110
1617 409
1618 310
1619 485
1620 207
1621 425
1622 355
1623 134
1624 96
1625 13
1626 256
1627 144
1628 58
1629 155
1630 103
1631 80
1632 93
1633 46
1634 130
1635 42
1636 43
1637 64
1638 70
1639 85
1640 144
1641 30
1642 1
1643 6
1644 10
1645 266
1646 391
1647 74
1648 154
1649 70
1650 46
1651 161
1652 401
1653 17
1654 56
1655 181
1656 202
1657 51
1658 84
1659 105
1660 58
1661 76
1662 87
1663 18
1664 79
1665 137
1666 104
1667 221
1668 193
1669 1
1670 41
1671 47
1672 0
1673 12
1674 0
1675 1
1676 2
1677 383
1678 327
1679 247
1680 278
1681 92
1682 152
1683 156
1684 67
1685 187
1686 117
1687 51
1688 54
1689 102
1690 51
1691 112
1692 28
1693 73
1694 105
1695 5
1696 47
1697 12
1698 25
1699 28
1700 15
1701 232
1702 26
1703 73
1704 0
1705 2
1706 11
1707 60
1708 1
1709 85
1710 437
1711 119
1712 90
1713 59
1714 65
1715 151
1716 122
1717 97
1718 30
1719 52
1720 8
1721 73
1722 16
1723 12
1724 29
1725 20
1726 59
1727 48
1728 158
1729 110
1730 4
1731 17
1732 4
1733 59
1734 24
1735 4
1736 37
1737 96
1738 129
1739 154
1740 80
1741 39
1742 107
1743 16
1744 67
1745 88
1746 39
1747 1
1748 11
1749 17
1750 18
1751 104
1752 146
1753 15
1754 9
1755 45
1756 34
1757 34
1758 59
1759 1
1760 0
1761 153
1762 43
1763 70
1764 70
1765 83
1766 50
1767 156
1768 90
1769 0
1770 17
1771 45
1772 82
1773 152
1774 54
1775 53
1776 56
1777 64
1778 145
1779 1
1780 23
1781 0
1782 84
1783 7
1784 18
1785 42
1786 4
1787 101
1788 60
1789 25
1790 69
1791 3
1792 114
1793 45
1794 8
1795 0
1796 27
1797 198
1798 129
1799 322
1800 280
1801 78
1802 99
1803 25
1804 58
1805 261
1806 257
1807 55
1808 53
1809 1
1810 87
1811 38
1812 32
1813 40
1814 30
1815 33
1816 17
1817 3
1818 41
1819 10
1820 76
1821 50
1822 38
1823 40
1824 204
1825 69
1826 16
1827 70
1828 79
1829 144
1830 8
1831 115
1832 29
1833 117
1834 20
1835 152
1836 59
1837 11
1838 58
1839 19
1840 42
1841 31
1842 16
1843 62
1844 194
1845 130
1846 28
1847 60
1848 123
1849 209
1850 23
1851 14
1852 22
1853 91
1854 34
1855 104
1856 64
1857 20
1858 171
1859 200
1860 46
1861 127
1862 128
1863 7
1864 49
1865 18
1866 49
1867 504
1868 99
1869 54
1870 20
1871 70
1872 187
1873 98
1874 38
1875 10
1876 12
1877 59
1878 65
1879 49
1880 2
1881 125
1882 188
1883 220
1884 130
1885 55
1886 20
1887 20
1888 4
1889 84
1890 83
1891 32
1892 64
1893 77
1894 332
1895 267
1896 134
1897 33
1898 30
1899 25
1900 154
1901 99
1902 18
1903 214
1904 67
1905 97
1906 73
1907 102
1908 58
1909 63
1910 59
1911 95
1912 176
1913 79
1914 17
1915 7
1916 7
1917 107
1918 49
1919 92
1920 35
1921 88
1922 20
1923 91
1924 81
1925 100
1926 15
1927 12
1928 15
1929 20
1930 41
1931 91
1932 31
1933 6
1934 38
1935 100
1936 126
1937 18
1938 13
1939 27
1940 122
1941 99
1942 254
1943 162
1944 31
1945 33
1946 43
1947 4
1948 44
1949 35
1950 33
1951 115
1952 70
1953 132
1954 58
1955 174
1956 29
1957 67
1958 99
1959 45
1960 34
1961 6
1962 0
1963 16
1964 202
1965 209
1966 23
1967 90
1968 144
1969 85
1970 47
1971 84
1972 183
1973 18
1974 49
1975 113
1976 43
1977 0
1978 3
1979 5
1980 104
1981 182
1982 85
1983 18
1984 37
1985 186
1986 82
1987 6
1988 5
1989 131
1990 66
1991 68
1992 64
1993 26
1994 68
1995 160
1996 253
1997 101
1998 50
1999 118
2000 116
2001 1
2002 19
2003 61
2004 167
2005 81
2006 43
2007 56
2008 50
2009 72
2010 85
2011 78
2012 11
2013 17
2014 111
2015 89
2016 165
2017 217
2018 18
2019 142
2020 44
2021 41
2022 26
2023 152
2024 188
2025 2
2026 61
2027 40
2028 63
2029 31
2030 93
2031 138
2032 79
2033 35
2034 91
2035 139
2036 202
2037 59
2038 54
2039 42
2040 20
2041 22
2042 40
2043 138
2044 25
2045 48
2046 54
2047 53
2048 175
2049 205
2050 105
2051 127
2052 6
2053 15
2054 94
2055 262
2056 40
2057 52
2058 53
2059 59
2060 46
2061 120
2062 89
2063 76
2064 19
2065 6
2066 124
2067 70
2068 3
2069 138
2070 35
2071 74
2072 170
2073 144
2074 65
2075 95
2076 156
2077 37
2078 0
2079 21
2080 86
2081 172
2082 120
2083 92
2084 59
2085 33
2086 106
2087 78
2088 120
2089 96
2090 67
2091 49
2092 35
2093 51
2094 78
2095 277
2096 72
2097 299
2098 117
2099 86
2100 41
2101 18
2102 2
2103 196
2104 158
2105 69
2106 0
2107 0
2108 29
2109 28
2110 135
2111 79
2112 154
2113 86
2114 59
2115 93
2116 67
2117 58
2118 187
2119 112
2120 36
2121 31
2122 10
2123 10
2124 163
2125 14
2126 98
2127 97
2128 137
2129 47
2130 67
2131 130
2132 161
2133 27
2134 0
2135 21
2136 1
2137 108
2138 211
2139 48
2140 19
2141 0
2142 0
2143 1
2144 109
2145 142
2146 54
2147 27
2148 208
2149 85
2150 226
2151 32
2152 135
2153 168
2154 123
2155 39
2156 7
2157 14
2158 9
2159 55
2160 183
2161 181
2162 0
2163 3
2164 35
2165 153
2166 78
2167 45
2168 36
2169 89
2170 29
2171 13
2172 108
2173 79
2174 4
2175 48
2176 2
2177 86
2178 15
2179 34
2180 18
2181 45
2182 32
2183 64
2184 20
2185 0
2186 0
2187 102
2188 34
2189 44
2190 115
2191 92
2192 33
2193 137
2194 20
2195 3
2196 0
2197 14
2198 8
2199 68
2200 40
2201 63
2202 72
2203 140
2204 19
2205 138
2206 123
2207 35
2208 1
2209 64
2210 53
2211 110
2212 220
2213 133
2214 28
2215 43
2216 4
2217 10
2218 8
2219 21
2220 69
2221 0
2222 0
2223 37
2224 89
2225 17
2226 15
2227 144
2228 111
2229 101
2230 128
2231 17
2232 48
2233 65
2234 0
2235 16
2236 4
2237 47
2238 14
2239 0
2240 0
2241 8
2242 3
2243 160
2244 72
2245 16
2246 27
2247 115
2248 215
2249 24
2250 168
2251 67
2252 17
2253 57
2254 178
2255 79
2256 113
2257 22
2258 1
2259 18
2260 119
2261 17
2262 14
2263 0
2264 2
2265 45
2266 212
2267 164
2268 158
2269 195
2270 198
2271 68
2272 1
2273 24
2274 229
2275 159
2276 82
2277 191
2278 50
2279 7
2280 9
2281 148
2282 198
2283 15
2284 0
2285 13
2286 107
2287 23
2288 34
2289 41
2290 165
2291 231
2292 19
2293 2
2294 192
2295 147
2296 40
2297 86
2298 39
2299 3
2300 77
2301 116
2302 52
2303 0
2304 29
2305 7
2306 25
2307 63
2308 182
2309 64
2310 58
2311 53
2312 42
2313 46
2314 80
2315 37
2316 207
2317 63
2318 0
2319 25
2320 148
2321 77
2322 72
2323 0
2324 0
2325 20
2326 178
2327 230
2328 53
2329 14
2330 20
2331 6
2332 35
2333 34
2334 264
2335 343
2336 28
2337 3
2338 34
2339 97
2340 67
2341 27
2342 0
2343 0
2344 61
2345 135
2346 49
2347 104
2348 16
2349 62
2350 85
2351 91
2352 118
2353 177
2354 106
2355 19
2356 78
2357 29
2358 9
2359 0
2360 4
2361 0
2362 0
2363 175
2364 158
2365 20
2366 134
2367 97
2368 26
2369 74
2370 126
2371 76
2372 69
2373 42
2374 3
2375 96
2376 130
2377 0
2378 0
2379 12
2380 31
2381 2
2382 162
2383 83
2384 59
2385 212
2386 60
2387 125
2388 258
2389 152
2390 115
2391 189
2392 27
2393 21
2394 167
2395 60
2396 19
2397 1
2398 143
2399 1
2400 15
2401 95
2402 352
2403 24
2404 34
2405 86
2406 129
2407 110
2408 55
2409 87
2410 56
2411 113
2412 93
2413 17
2414 0
2415 41
2416 4
2417 24
2418 3
2419 88
2420 181
2421 154
2422 317
2423 50
2424 80
2425 99
2426 134
2427 174
2428 225
2429 44
2430 0
2431 47
2432 129
2433 0
2434 19
2435 54
2436 66
2437 33
2438 211
2439 16
2440 81
2441 174
2442 158
2443 81
2444 74
2445 80
2446 12
2447 0
2448 0
2449 72
2450 5
2451 19
2452 13
2453 4
2454 59
2455 60
2456 90
2457 80
2458 17
2459 54
2460 9
2461 5
2462 0
2463 5
2464 50
2465 338
2466 43
2467 0
2468 16
2469 24
2470 55
2471 30
2472 28
2473 8
2474 2
2475 1
2476 0
2477 20
2478 85
2479 5
2480 15
2481 32
2482 13
2483 37
2484 54
2485 86
2486 31
2487 118
2488 22
2489 24
2490 0
2491 0
2492 0
2493 0
2494 30
2495 71
2496 28
2497 44
2498 7
2499 56
2500 30
2501 19
2502 30
2503 135
2504 6
2505 0
2506 6
2507 0
2508 1
2509 28
2510 11
2511 20
2512 21
2513 42
2514 0
2515 0
2516 11
2517 0
2518 0
2519 1
2520 16
2521 5
2522 15
2523 57
2524 0
2525 0
2526 79
2527 39
2528 0
2529 15
2530 20
2531 10
2532 2
2533 0
2534 101
2535 152
2536 23
2537 36
2538 65
2539 7
2540 0
2541 9
2542 167
2543 44
2544 57
2545 147
2546 14
2547 1
2548 45
2549 13
2550 8
2551 2
2552 51
2553 102
2554 34
2555 0
2556 0
2557 8
2558 30
2559 27
2560 79
2561 71
2562 17
2563 56
2564 11
2565 14
2566 33
2567 12
2568 9
2569 2
2570 14
2571 9
2572 0
2573 23
2574 0
2575 73
2576 1
2577 1
2578 1
2579 0
2580 0
2581 0
2582 0
2583 0
2584 0
2585 0
2586 0
2587 0
2588 0
2589 0
2590 0
2591 0
2592 0
2593 0
2594 0
2595 0
2596 0
2597 0
2598 0
