0 17
1 0
2 1
3 0
4 2
5 8
6 0
7 0
8 0
9 0
10 3
11 11
12 1
13 5
14 23
15 8
16 16
17 3
18 0
19 32
20 0
21 7
22 2
23 27
24 0
25 9
26 0
27 0
28 0
29 0
30 0
31 1
32 0
33 8
34 0
35 14
36 0
37 1
38 3
39 2
40 4
41 0
42 0
43 2
44 19
45 0
46 1
47 0
48 0
49 16
50 9
51 2
52 0
53 13
54 13
55 0
56 2
57 8
58 17
59 0
60 2
61 18
62 15
63 2
64 0
65 37
66 4
67 16
68 7
69 0
70 3
71 3
72 0
73 0
74 18
75 0
76 1
77 12
78 27
79 23
80 3
81 0
82 11
83 3
84 2
85 0
86 13
87 39
88 32
89 0
90 0
91 0
92 0
93 11
94 3
95 0
96 2
97 15
98 3
99 18
100 0
101 2
102 0
103 9
104 2
105 5
106 23
107 5
108 16
109 17
110 0
111 5
112 7
113 4
114 8
115 6
116 19
117 2
118 1
119 9
120 0
121 7
122 27
123 7
124 2
125 0
126 2
127 2
128 4
129 7
130 3
131 7
132 0
133 0
134 1
135 0
136 12
137 60
138 3
139 5
140 25
141 18
142 3
143 3
144 0
145 0
146 16
147 0
148 22
149 14
150 4
151 0
152 0
153 6
154 3
155 8
156 3
157 7
158 54
159 7
160 3
161 4
162 0
163 8
164 10
165 13
166 19
167 9
168 4
169 3
170 23
171 16
172 6
173 0
174 25
175 41
176 30
177 3
178 0
179 0
180 27
181 1
182 57
183 33
184 0
185 9
186 51
187 43
188 19
189 3
190 5
191 0
192 0
193 1
194 0
195 0
196 23
197 15
198 1
199 18
200 0
201 12
202 4
203 26
204 0
205 34
206 57
207 14
208 6
209 0
210 39
211 0
212 5
213 10
214 0
215 28
216 2
217 5
218 10
219 41
220 12
221 29
222 30
223 26
224 51
225 30
226 27
227 5
228 0
229 6
230 0
231 0
232 0
233 2
234 0
235 3
236 0
237 0
238 10
239 56
240 1
241 52
242 29
243 4
244 41
245 9
246 15
247 0
248 12
249 5
250 5
251 2
252 1
253 0
254 1
255 6
256 80
257 28
258 4
259 0
260 0
261 0
262 1
263 0
264 2
265 6
266 1
267 4
268 2
269 0
270 10
271 22
272 6
273 0
274 2
275 2
276 2
277 2
278 5
279 10
280 0
281 0
282 7
283 51
284 1
285 0
286 4
287 4
288 7
289 0
290 50
291 11
292 58
293 22
294 0
295 13
296 15
297 7
298 9
299 4
300 11
301 7
302 13
303 11
304 50
305 18
306 11
307 26
308 0
309 17
310 13
311 14
312 25
313 3
314 4
315 20
316 15
317 24
318 51
319 2
320 7
321 10
322 1
323 3
324 0
325 0
326 3
327 1
328 0
329 0
330 1
331 10
332 2
333 26
334 29
335 33
336 3
337 12
338 49
339 24
340 0
341 0
342 2
343 0
344 1
345 0
346 0
347 0
348 25
349 9
350 12
351 43
352 7
353 1
354 0
355 0
356 0
357 13
358 0
359 14
360 18
361 34
362 52
363 1
364 0
365 0
366 3
367 7
368 19
369 19
370 7
371 4
372 5
373 7
374 2
375 4
376 8
377 1
378 2
379 13
380 11
381 0
382 10
383 0
384 13
385 11
386 0
387 0
388 19
389 21
390 29
391 0
392 39
393 0
394 11
395 6
396 33
397 12
398 0
399 21
400 0
401 10
402 5
403 6
404 17
405 18
406 32
407 0
408 7
409 0
410 2
411 5
412 11
413 49
414 34
415 2
416 3
417 10
418 0
419 7
420 4
421 1
422 21
423 19
424 23
425 8
426 5
427 2
428 17
429 1
430 36
431 1
432 2
433 6
434 0
435 2
436 33
437 51
438 59
439 23
440 36
441 28
442 12
443 43
444 10
445 5
446 0
447 0
448 19
449 5
450 15
451 11
452 17
453 33
454 32
455 3
456 21
457 43
458 27
459 0
460 0
461 35
462 23
463 0
464 14
465 11
466 1
467 23
468 14
469 32
470 41
471 47
472 21
473 13
474 31
475 12
476 2
477 2
478 1
479 5
480 2
481 8
482 6
483 0
484 23
485 6
486 12
487 21
488 8
489 32
490 8
491 6
492 30
493 60
494 6
495 14
496 7
497 3
498 34
499 0
500 12
501 12
502 9
503 4
504 0
505 12
506 20
507 0
508 0
509 53
510 4
511 6
512 23
513 39
514 16
515 26
516 15
517 10
518 0
519 9
520 45
521 34
522 0
523 6
524 7
525 0
526 0
527 4
528 13
529 5
530 3
531 5
532 28
533 28
534 3
535 17
536 23
537 5
538 3
539 18
540 1
541 5
542 2
543 18
544 28
545 0
546 13
547 0
548 21
549 0
550 9
551 0
552 23
553 29
554 39
555 37
556 8
557 4
558 9
559 23
560 4
561 17
562 6
563 0
564 0
565 0
566 0
567 4
568 0
569 1
570 4
571 18
572 8
573 6
574 2
575 22
576 3
577 0
578 11
579 7
580 3
581 0
582 0
583 8
584 14
585 13
586 12
587 5
588 23
589 47
590 0
591 0
592 9
593 1
594 1
595 3
596 3
597 2
598 27
599 38
600 27
601 60
602 12
603 10
604 7
605 4
606 12
607 10
608 25
609 6
610 16
611 10
612 28
613 15
614 43
615 28
616 24
617 0
618 2
619 0
620 3
621 0
622 10
623 5
624 0
625 37
626 16
627 37
628 0
629 21
630 36
631 4
632 8
633 8
634 11
635 5
636 16
637 1
638 5
639 17
640 3
641 16
642 17
643 41
644 6
645 30
646 16
647 0
648 2
649 0
650 0
651 7
652 11
653 6
654 7
655 9
656 4
657 2
658 30
659 23
660 1
661 15
662 0
663 20
664 3
665 0
666 14
667 13
668 0
669 7
670 15
671 26
672 2
673 1
674 4
675 0
676 20
677 24
678 19
679 10
680 36
681 27
682 2
683 0
684 4
685 11
686 0
687 0
688 0
689 6
690 34
691 23
692 12
693 0
694 4
695 7
696 4
697 2
698 2
699 10
700 5
701 5
702 16
703 0
704 4
705 30
706 36
707 14
708 0
709 16
710 1
711 0
712 1
713 0
714 0
715 1
716 13
717 48
718 23
719 18
720 43
721 11
722 5
723 0
724 7
725 4
726 12
727 7
728 6
729 15
730 8
731 22
732 4
733 8
734 11
735 6
736 16
737 11
738 34
739 33
740 10
741 6
742 0
743 4
744 20
745 0
746 0
747 0
748 20
749 8
750 54
751 0
752 0
753 6
754 14
755 2
756 9
757 2
758 6
759 29
760 16
761 4
762 0
763 3
764 39
765 8
766 12
767 9
768 0
769 6
770 39
771 5
772 0
773 0
774 10
775 13
776 7
777 9
778 9
779 1
780 0
781 2
782 11
783 5
784 13
785 5
786 23
787 15
788 4
789 30
790 2
791 5
792 8
793 21
794 17
795 0
796 17
797 22
798 11
799 6
800 4
801 0
802 5
803 0
804 0
805 0
806 35
807 18
808 7
809 0
810 13
811 1
812 9
813 12
814 3
815 1
816 0
817 0
818 5
819 28
820 25
821 29
822 9
823 14
824 2
825 11
826 6
827 29
828 15
829 9
830 6
831 11
832 16
833 17
834 16
835 6
836 9
837 5
838 0
839 0
840 0
841 3
842 1
843 0
844 7
845 17
846 0
847 22
848 15
849 5
850 20
851 0
852 14
853 2
854 0
855 11
856 4
857 21
858 20
859 3
860 3
861 7
862 21
863 3
864 6
865 12
866 3
867 12
868 0
869 2
870 6
871 2
872 0
873 1
874 0
875 0
876 2
877 30
878 11
879 12
880 42
881 31
882 4
883 4
884 15
885 1
886 3
887 3
888 8
889 53
890 4
891 5
892 13
893 5
894 4
895 8
896 3
897 10
898 2
899 2
900 0
901 0
902 3
903 53
904 24
905 5
906 21
907 32
908 24
909 0
910 2
911 18
912 0
913 0
914 5
915 21
916 0
917 8
918 20
919 3
920 22
921 30
922 7
923 0
924 4
925 0
926 4
927 10
928 0
929 0
930 10
931 37
932 12
933 0
934 17
935 27
936 4
937 3
938 20
939 0
940 25
941 10
942 0
943 0
944 18
945 34
946 11
947 1
948 0
949 19
950 15
951 0
952 10
953 26
954 9
955 40
956 44
957 7
958 3
959 11
960 7
961 0
962 4
963 15
964 15
965 4
966 14
967 8
968 12
969 29
970 10
971 0
972 10
973 24
974 9
975 13
976 3
977 2
978 47
979 8
980 43
981 53
982 10
983 4
984 30
985 28
986 8
987 2
988 0
989 0
990 1
991 3
992 5
993 0
994 17
995 4
996 11
997 2
998 6
999 11
1000 5
1001 10
1002 23
1003 0
1004 0
1005 0
1006 0
1007 20
1008 31
1009 0
1010 6
1011 3
1012 1
1013 0
1014 0
1015 0
1016 9
1017 31
1018 2
1019 21
1020 20
1021 33
1022 21
1023 10
1024 9
1025 4
1026 14
1027 43
1028 8
1029 1
1030 3
1031 21
1032 0
1033 2
1034 8
1035 11
1036 7
1037 4
1038 35
1039 19
1040 27
1041 16
1042 0
1043 10
1044 6
1045 7
1046 15
1047 10
1048 15
1049 3
1050 4
1051 0
1052 0
1053 0
1054 3
1055 5
1056 8
1057 9
1058 19
1059 28
1060 0
1061 8
1062 0
1063 2
1064 0
1065 0
1066 1
1067 8
1068 1
1069 6
1070 8
1071 3
1072 28
1073 7
1074 20
1075 3
1076 3
1077 0
1078 0
1079 1
1080 21
1081 12
1082 4
1083 10
1084 7
1085 5
1086 0
1087 2
1088 0
1089 0
1090 19
1091 41
1092 25
1093 33
1094 16
1095 0
1096 6
1097 1
1098 7
1099 38
1100 1
1101 2
1102 0
1103 0
1104 2
1105 0
1106 38
1107 36
1108 7
1109 0
1110 81
1111 21
1112 2
1113 19
1114 26
1115 0
1116 0
1117 5
1118 2
1119 28
1120 26
1121 29
1122 2
1123 2
1124 7
1125 0
1126 6
1127 0
1128 8
1129 15
1130 1
1131 0
1132 0
1133 14
1134 8
1135 4
1136 0
1137 0
1138 0
1139 19
1140 87
1141 46
1142 18
1143 0
1144 2
1145 0
1146 4
1147 0
1148 0
1149 28
1150 47
1151 4
1152 5
1153 6
1154 14
1155 34
1156 29
1157 17
1158 4
1159 0
1160 5
1161 0
1162 8
1163 0
1164 0
1165 0
1166 9
1167 13
1168 31
1169 5
1170 24
1171 0
1172 0
1173 4
1174 1
1175 1
1176 16
1177 40
1178 8
1179 33
1180 2
1181 0
1182 13
1183 26
1184 11
1185 26
1186 16
1187 11
1188 2
1189 0
1190 1
1191 13
1192 10
1193 0
1194 2
1195 0
1196 3
1197 0
1198 10
1199 9
1200 8
1201 0
1202 0
1203 31
1204 2
1205 0
1206 6
1207 0
1208 8
1209 5
1210 19
1211 18
1212 50
1213 0
1214 11
1215 28
1216 13
1217 46
1218 25
1219 5
1220 17
1221 10
1222 2
1223 10
1224 8
1225 2
1226 5
1227 1
1228 11
1229 21
1230 5
1231 0
1232 7
1233 9
1234 12
1235 0
1236 7
1237 11
1238 11
1239 0
1240 5
1241 0
1242 0
1243 16
1244 0
1245 6
1246 4
1247 14
1248 38
1249 48
1250 2
1251 19
1252 39
1253 45
1254 73
1255 0
1256 9
1257 3
1258 25
1259 3
1260 8
1261 4
1262 11
1263 8
1264 28
1265 20
1266 13
1267 2
1268 0
1269 0
1270 1
1271 6
1272 9
1273 8
1274 69
1275 32
1276 0
1277 5
1278 6
1279 9
1280 0
1281 1
1282 0
1283 0
1284 0
1285 0
1286 16
1287 33
1288 8
1289 27
1290 26
1291 27
1292 9
1293 16
1294 212
1295 68
1296 10
1297 0
1298 12
1299 20
1300 3
1301 0
1302 4
1303 13
1304 36
1305 6
1306 4
1307 18
1308 18
1309 18
1310 4
1311 10
1312 0
1313 0
1314 0
1315 35
1316 29
1317 33
1318 42
1319 38
1320 43
1321 68
1322 33
1323 5
1324 4
1325 8
1326 0
1327 4
1328 0
1329 9
1330 3
1331 9
1332 0
1333 12
1334 5
1335 7
1336 9
1337 21
1338 19
1339 68
1340 91
1341 20
1342 4
1343 22
1344 26
1345 4
1346 3
1347 3
1348 2
1349 8
1350 36
1351 2
1352 0
1353 38
1354 4
1355 18
1356 15
1357 4
1358 8
1359 0
1360 1
1361 0
1362 0
1363 13
1364 50
1365 56
1366 10
1367 23
1368 17
1369 39
1370 30
1371 30
1372 0
1373 3
1374 0
1375 0
1376 1
1377 3
1378 9
1379 37
1380 45
1381 3
1382 7
1383 5
1384 17
1385 7
1386 24
1387 68
1388 21
1389 4
1390 24
1391 19
1392 4
1393 7
1394 3
1395 12
1396 0
1397 8
1398 0
1399 0
1400 27
1401 16
1402 15
1403 18
1404 16
1405 6
1406 6
1407 21
1408 19
1409 22
1410 16
1411 8
1412 4
1413 0
1414 2
1415 3
1416 20
1417 25
1418 16
1419 34
1420 20
1421 47
1422 11
1423 1
1424 6
1425 1
1426 5
1427 18
1428 53
1429 61
1430 0
1431 58
1432 44
1433 18
1434 22
1435 24
1436 19
1437 43
1438 1
1439 0
1440 11
1441 10
1442 65
1443 10
1444 9
1445 30
1446 39
1447 7
1448 10
1449 5
1450 5
1451 43
1452 9
1453 24
1454 13
1455 0
1456 10
1457 47
1458 1
1459 53
1460 13
1461 9
1462 0
1463 8
1464 0
1465 8
1466 9
1467 11
1468 0
1469 3
1470 0
1471 0
1472 2
1473 3
1474 2
1475 15
1476 65
1477 119
1478 46
1479 33
1480 49
1481 36
1482 8
1483 31
1484 20
1485 0
1486 5
1487 4
1488 20
1489 15
1490 82
1491 20
1492 14
1493 19
1494 20
1495 6
1496 36
1497 52
1498 5
1499 13
1500 25
1501 10
1502 12
1503 4
1504 18
1505 35
1506 5
1507 13
1508 27
1509 7
1510 12
1511 2
1512 3
1513 5
1514 45
1515 13
1516 11
1517 2
1518 0
1519 0
1520 0
1521 0
1522 2
1523 2
1524 17
1525 68
1526 54
1527 128
1528 98
1529 72
1530 26
1531 0
1532 11
1533 42
1534 3
1535 20
1536 12
1537 13
1538 22
1539 15
1540 0
1541 16
1542 3
1543 10
1544 72
1545 41
1546 46
1547 22
1548 0
1549 16
1550 34
1551 6
1552 5
1553 14
1554 6
1555 9
1556 39
1557 67
1558 9
1559 7
1560 15
1561 50
1562 31
1563 30
1564 0
1565 0
1566 14
1567 11
1568 32
1569 0
1570 1
1571 7
1572 94
1573 0
1574 66
1575 5
1576 58
1577 0
1578 18
1579 43
1580 53
1581 17
1582 25
1583 20
1584 8
1585 4
1586 0
1587 12
1588 32
1589 3
1590 59
1591 22
1592 16
1593 18
1594 15
1595 51
1596 38
1597 4
1598 1
1599 5
1600 43
1601 18
1602 45
1603 7
1604 4
1605 0
1606 0
1607 7
1608 0
1609 0
1610 0
1611 0
1612 13
1613 19
1614 9
1615 2
1616 23
1617 87
1618 59
1619 116
1620 50
1621 81
1622 59
1623 27
1624 20
1625 4
1626 50
1627 32
1628 11
1629 36
1630 19
1631 13
1632 16
1633 13
1634 23
1635 10
1636 9
1637 10
1638 16
1639 14
1640 29
1641 6
1642 0
1643 0
1644 1
1645 61
1646 97
1647 19
1648 31
1649 17
1650 9
1651 34
1652 82
1653 3
1654 13
1655 35
1656 36
1657 10
1658 16
1659 22
1660 12
1661 15
1662 17
1663 3
1664 18
1665 25
1666 18
1667 40
1668 33
1669 0
1670 8
1671 7
1672 0
1673 2
1674 0
1675 0
1676 0
1677 86
1678 58
1679 52
1680 52
1681 20
1682 28
1683 27
1684 17
1685 34
1686 26
1687 7
1688 14
1689 14
1690 9
1691 24
1692 7
1693 14
1694 22
1695 1
1696 10
1697 2
1698 5
1699 4
1700 2
1701 47
1702 5
1703 14
1704 0
1705 0
1706 0
1707 15
1708 0
1709 17
1710 87
1711 21
1712 18
1713 12
1714 13
1715 35
1716 20
1717 16
1718 4
1719 14
1720 2
1721 12
1722 3
1723 1
1724 7
1725 3
1726 13
1727 9
1728 33
1729 31
1730 2
1731 0
1732 0
1733 11
1734 5
1735 0
1736 10
1737 21
1738 31
1739 25
1740 22
1741 5
1742 25
1743 2
1744 13
1745 23
1746 9
1747 0
1748 1
1749 4
1750 7
1751 21
1752 29
1753 2
1754 3
1755 11
1756 5
1757 5
1758 10
1759 0
1760 0
1761 37
1762 9
1763 17
1764 15
1765 16
1766 11
1767 28
1768 18
1769 0
1770 4
1771 11
1772 20
1773 30
1774 14
1775 9
1776 12
1777 15
1778 30
1779 0
1780 4
1781 0
1782 17
1783 1
1784 4
1785 7
1786 2
1787 24
1788 10
1789 6
1790 16
1791 1
1792 22
1793 10
1794 2
1795 0
1796 6
1797 34
1798 37
1799 77
1800 51
1801 15
1802 18
1803 5
1804 10
1805 47
1806 45
1807 10
1808 15
1809 0
1810 20
1811 8
1812 6
1813 7
1814 6
1815 7
1816 4
1817 1
1818 6
1819 2
1820 0
1821 9
1822 9
1823 8
1824 41
1825 13
1826 4
1827 12
1828 13
1829 32
1830 0
1831 21
1832 6
1833 23
1834 4
1835 31
1836 15
1837 3
1838 14
1839 9
1840 7
1841 7
1842 2
1843 13
1844 44
1845 24
1846 11
1847 12
1848 22
1849 0
1850 5
1851 3
1852 5
1853 15
1854 5
1855 19
1856 10
1857 6
1858 26
1859 44
1860 10
1861 0
1862 28
1863 0
1864 11
1865 4
1866 14
1867 94
1868 22
1869 13
1870 2
1871 12
1872 44
1873 20
1874 7
1875 2
1876 5
1877 9
1878 17
1879 7
1880 0
1881 21
1882 41
1883 43
1884 26
1885 11
1886 5
1887 4
1888 1
1889 20
1890 23
1891 5
1892 12
1893 17
1894 57
1895 64
1896 26
1897 5
1898 5
1899 6
1900 31
1901 18
1902 3
1903 46
1904 11
1905 19
1906 16
1907 19
1908 9
1909 12
1910 10
1911 16
1912 34
1913 19
1914 4
1915 1
1916 2
1917 21
1918 11
1919 21
1920 8
1921 16
1922 4
1923 23
1924 18
1925 17
1926 5
1927 5
1928 3
1929 0
1930 11
1931 18
1932 6
1933 3
1934 9
1935 17
1936 23
1937 3
1938 1
1939 6
1940 19
1941 19
1942 48
1943 35
1944 7
1945 5
1946 7
1947 0
1948 9
1949 0
1950 8
1951 22
1952 14
1953 22
1954 13
1955 32
1956 4
1957 15
1958 18
1959 10
1960 7
1961 2
1962 0
1963 3
1964 40
1965 40
1966 5
1967 21
1968 37
1969 16
1970 7
1971 13
1972 34
1973 4
1974 9
1975 22
1976 10
1977 0
1978 2
1979 1
1980 20
1981 39
1982 17
1983 3
1984 6
1985 34
1986 17
1987 2
1988 2
1989 24
1990 13
1991 18
1992 14
1993 7
1994 13
1995 38
1996 56
1997 21
1998 11
1999 19
2000 23
2001 0
2002 4
2003 13
2004 30
2005 16
2006 7
2007 13
2008 9
2009 14
2010 16
2011 22
2012 4
2013 4
2014 22
2015 17
2016 39
2017 44
2018 0
2019 29
2020 11
2021 7
2022 5
2023 32
2024 0
2025 1
2026 11
2027 11
2028 9
2029 7
2030 21
2031 32
2032 21
2033 6
2034 17
2035 28
2036 41
2037 17
2038 0
2039 9
2040 5
2041 0
2042 5
2043 24
2044 5
2045 12
2046 14
2047 12
2048 33
2049 40
2050 25
2051 22
2052 0
2053 4
2054 15
2055 54
2056 6
2057 11
2058 11
2059 10
2060 11
2061 24
2062 17
2063 0
2064 3
2065 2
2066 24
2067 17
2068 0
2069 28
2070 6
2071 12
2072 31
2073 27
2074 14
2075 14
2076 26
2077 8
2078 0
2079 2
2080 18
2081 39
2082 24
2083 18
2084 12
2085 8
2086 23
2087 16
2088 25
2089 18
2090 15
2091 9
2092 8
2093 8
2094 15
2095 49
2096 12
2097 55
2098 30
2099 16
2100 9
2101 3
2102 0
2103 42
2104 42
2105 19
2106 0
2107 0
2108 6
2109 5
2110 30
2111 19
2112 28
2113 19
2114 11
2115 20
2116 14
2117 10
2118 33
2119 39
2120 7
2121 10
2122 1
2123 4
2124 35
2125 2
2126 24
2127 18
2128 24
2129 9
2130 12
2131 31
2132 38
2133 5
2134 0
2135 4
2136 0
2137 20
2138 36
2139 12
2140 3
2141 0
2142 0
2143 0
2144 30
2145 27
2146 11
2147 0
2148 35
2149 17
2150 46
2151 6
2152 23
2153 35
2154 26
2155 9
2156 1
2157 2
2158 4
2159 11
2160 35
2161 35
2162 0
2163 1
2164 5
2165 25
2166 11
2167 10
2168 7
2169 18
2170 5
2171 3
2172 0
2173 12
2174 0
2175 9
2176 1
2177 16
2178 2
2179 8
2180 3
2181 9
2182 4
2183 10
2184 3
2185 0
2186 0
2187 21
2188 9
2189 5
2190 25
2191 17
2192 5
2193 24
2194 4
2195 2
2196 0
2197 3
2198 2
2199 0
2200 9
2201 14
2202 21
2203 23
2204 5
2205 25
2206 28
2207 9
2208 1
2209 9
2210 10
2211 0
2212 41
2213 39
2214 3
2215 10
2216 1
2217 3
2218 1
2219 0
2220 11
2221 0
2222 0
2223 8
2224 16
2225 3
2226 2
2227 26
2228 20
2229 20
2230 21
2231 2
2232 10
2233 14
2234 0
2235 3
2236 0
2237 11
2238 3
2239 0
2240 0
2241 2
2242 0
2243 26
2244 16
2245 0
2246 3
2247 26
2248 39
2249 8
2250 31
2251 18
2252 4
2253 11
2254 34
2255 16
2256 23
2257 7
2258 0
2259 3
2260 21
2261 6
2262 3
2263 0
2264 0
2265 10
2266 43
2267 34
2268 31
2269 40
2270 40
2271 20
2272 0
2273 5
2274 46
2275 31
2276 13
2277 38
2278 9
2279 2
2280 1
2281 26
2282 40
2283 4
2284 0
2285 3
2286 20
2287 0
2288 5
2289 9
2290 37
2291 50
2292 2
2293 0
2294 38
2295 28
2296 9
2297 0
2298 9
2299 1
2300 20
2301 26
2302 12
2303 0
2304 6
2305 1
2306 0
2307 15
2308 34
2309 14
2310 13
2311 8
2312 6
2313 7
2314 15
2315 8
2316 43
2317 15
2318 0
2319 5
2320 36
2321 18
2322 13
2323 0
2324 0
2325 3
2326 35
2327 65
2328 10
2329 5
2330 4
2331 0
2332 7
2333 8
2334 51
2335 75
2336 9
2337 0
2338 7
2339 18
2340 17
2341 4
2342 0
2343 0
2344 15
2345 31
2346 12
2347 24
2348 2
2349 14
2350 16
2351 26
2352 23
2353 36
2354 22
2355 5
2356 14
2357 5
2358 2
2359 0
2360 0
2361 0
2362 0
2363 35
2364 31
2365 4
2366 26
2367 22
2368 4
2369 14
2370 26
2371 0
2372 12
2373 8
2374 0
2375 19
2376 27
2377 0
2378 0
2379 3
2380 5
2381 0
2382 34
2383 19
2384 9
2385 44
2386 11
2387 33
2388 49
2389 28
2390 19
2391 35
2392 5
2393 4
2394 36
2395 10
2396 2
2397 0
2398 31
2399 0
2400 3
2401 19
2402 78
2403 6
2404 0
2405 29
2406 31
2407 22
2408 13
2409 17
2410 9
2411 27
2412 0
2413 5
2414 0
2415 8
2416 1
2417 5
2418 0
2419 20
2420 37
2421 27
2422 63
2423 11
2424 20
2425 20
2426 30
2427 35
2428 38
2429 9
2430 0
2431 10
2432 24
2433 0
2434 0
2435 10
2436 17
2437 7
2438 39
2439 4
2440 17
2441 35
2442 36
2443 18
2444 19
2445 17
2446 2
2447 0
2448 0
2449 15
2450 1
2451 0
2452 0
2453 0
2454 13
2455 15
2456 18
2457 14
2458 0
2459 8
2460 3
2461 1
2462 0
2463 0
2464 11
2465 67
2466 0
2467 0
2468 3
2469 6
2470 11
2471 6
2472 7
2473 2
2474 0
2475 0
2476 0
2477 4
2478 14
2479 0
2480 6
2481 9
2482 3
2483 7
2484 10
2485 16
2486 7
2487 20
2488 4
2489 4
2490 0
2491 0
2492 0
2493 0
2494 7
2495 16
2496 4
2497 11
2498 3
2499 9
2500 7
2501 7
2502 6
2503 27
2504 1
2505 0
2506 2
2507 0
2508 0
2509 4
2510 3
2511 5
2512 3
2513 7
2514 0
2515 0
2516 1
2517 0
2518 0
2519 0
2520 3
2521 3
2522 3
2523 10
2524 0
2525 0
2526 16
2527 8
2528 0
2529 3
2530 5
2531 2
2532 0
2533 0
2534 27
2535 29
2536 4
2537 5
2538 14
2539 2
2540 0
2541 4
2542 36
2543 7
2544 12
2545 30
2546 5
2547 0
2548 9
2549 2
2550 2
2551 0
2552 12
2553 19
2554 8
2555 0
2556 0
2557 1
2558 9
2559 6
2560 15
2561 14
2562 3
2563 11
2564 3
2565 2
2566 5
2567 4
2568 1
2569 0
2570 0
2571 2
2572 0
2573 7
2574 0
2575 11
2576 0
2577 0
2578 0
2579 1
2580 0
2581 0
2582 0
2583 0
2584 0
2585 0
2586 0
2587 0
2588 0
2589 0
2590 0
2591 0
2592 0
2593 0
2594 0
2595 0
2596 0
2597 0
2598 0
