0 786
1 15
2 79
3 33
4 244
5 465
6 25
7 31
8 15
9 39
10 189
11 657
12 105
13 432
14 1160
15 454
16 818
17 157
18 86
19 1932
20 14
21 266
22 142
23 1277
24 9
25 464
26 43
27 53
28 40
29 147
30 27
31 76
32 16
33 424
34 75
35 733
36 63
37 202
38 113
39 146
40 266
41 70
42 95
43 80
44 977
45 19
46 71
47 44
48 80
49 846
50 450
51 118
52 770
53 799
54 718
55 72
56 153
57 526
58 815
59 74
60 173
61 970
62 753
63 92
64 129
65 1917
66 211
67 669
68 344
69 33
70 143
71 157
72 49
73 30
74 750
75 1273
76 63
77 597
78 1318
79 1269
80 139
81 32
82 517
83 275
84 94
85 41
86 555
87 1872
88 1615
89 60
90 50
91 51
92 98
93 560
94 154
95 8
96 163
97 874
98 227
99 1007
100 24
101 82
102 642
103 723
104 156
105 292
106 985
107 299
108 851
109 790
110 57
111 321
112 432
113 163
114 584
115 296
116 945
117 145
118 100
119 454
120 23
121 382
122 1610
123 458
124 163
125 45
126 122
127 159
128 227
129 403
130 178
131 423
132 110
133 7
134 69
135 1396
136 717
137 3253
138 234
139 225
140 1199
141 1050
142 186
143 182
144 24
145 65
146 868
147 202
148 1122
149 691
150 298
151 0
152 18
153 321
154 257
155 418
156 174
157 319
158 2978
159 427
160 192
161 221
162 21
163 510
164 508
165 713
166 1003
167 553
168 308
169 217
170 1352
171 767
172 299
173 217
174 1159
175 2285
176 1452
177 187
178 424
179 21
180 1400
181 122
182 3293
183 1624
184 679
185 519
186 2573
187 2356
188 1234
189 162
190 250
191 16
192 23
193 62
194 34
195 16
196 1247
197 730
198 106
199 1024
200 815
201 710
202 271
203 1274
204 814
205 1784
206 2798
207 658
208 389
209 25
210 1977
211 57
212 259
213 633
214 6
215 1510
216 97
217 383
218 482
219 2239
220 500
221 1746
222 1674
223 1517
224 2610
225 1426
226 1262
227 224
228 22
229 252
230 59
231 30
232 3
233 157
234 2
235 230
236 3
237 24
238 768
239 3061
240 120
241 3024
242 1791
243 278
244 1884
245 428
246 762
247 38
248 487
249 343
250 273
251 79
252 172
253 4
254 72
255 316
256 4508
257 1490
258 262
259 39
260 7
261 8
262 108
263 771
264 127
265 315
266 95
267 275
268 118
269 17
270 486
271 1040
272 305
273 4
274 141
275 117
276 134
277 80
278 233
279 798
280 97
281 30
282 397
283 2891
284 80
285 95
286 316
287 253
288 303
289 174
290 2455
291 584
292 3434
293 1182
294 48
295 670
296 958
297 372
298 470
299 233
300 596
301 477
302 725
303 604
304 3011
305 933
306 677
307 1534
308 14
309 803
310 593
311 840
312 1131
313 174
314 189
315 1084
316 935
317 1206
318 2505
319 98
320 406
321 517
322 143
323 229
324 16
325 61
326 227
327 108
328 47
329 20
330 117
331 648
332 190
333 1348
334 1659
335 1517
336 160
337 625
338 2164
339 1295
340 21
341 72
342 100
343 29
344 121
345 63
346 421
347 85
348 1223
349 385
350 581
351 2507
352 416
353 82
354 13
355 46
356 43
357 659
358 17
359 741
360 804
361 2035
362 2762
363 89
364 4
365 18
366 226
367 409
368 901
369 1035
370 395
371 249
372 247
373 379
374 195
375 252
376 580
377 35
378 141
379 655
380 667
381 23
382 607
383 43
384 537
385 880
386 14
387 29
388 772
389 1059
390 1653
391 1097
392 1816
393 52
394 1013
395 447
396 1922
397 635
398 8
399 1265
400 81
401 571
402 308
403 339
404 958
405 755
406 1736
407 1317
408 390
409 41
410 152
411 331
412 597
413 2475
414 1575
415 99
416 294
417 584
418 97
419 428
420 197
421 100
422 1059
423 980
424 1374
425 610
426 498
427 200
428 856
429 55
430 1992
431 121
432 180
433 341
434 51
435 119
436 1674
437 2434
438 3180
439 1196
440 1849
441 1554
442 704
443 2589
444 440
445 385
446 294
447 77
448 1252
449 450
450 946
451 543
452 925
453 1599
454 1745
455 283
456 1092
457 2241
458 1418
459 13
460 69
461 1650
462 1291
463 779
464 831
465 626
466 130
467 1311
468 800
469 1737
470 2128
471 2267
472 1439
473 841
474 1576
475 541
476 114
477 199
478 81
479 295
480 193
481 335
482 464
483 92
484 1229
485 407
486 679
487 981
488 402
489 1797
490 491
491 345
492 1819
493 3305
494 307
495 725
496 407
497 209
498 1901
499 611
500 598
501 565
502 466
503 206
504 82
505 629
506 1001
507 145
508 117
509 2818
510 242
511 376
512 1301
513 2164
514 858
515 1352
516 683
517 517
518 32
519 497
520 2280
521 1920
522 79
523 355
524 429
525 55
526 39
527 197
528 772
529 205
530 135
531 235
532 1615
533 1528
534 189
535 1279
536 1349
537 215
538 212
539 1050
540 166
541 336
542 153
543 1240
544 1333
545 73
546 725
547 8
548 1007
549 53
550 495
551 136
552 1371
553 1388
554 2041
555 1835
556 367
557 200
558 512
559 969
560 276
561 755
562 311
563 43
564 29
565 29
566 1
567 255
568 113
569 43
570 215
571 946
572 607
573 406
574 146
575 1031
576 310
577 496
578 569
579 360
580 140
581 49
582 96
583 493
584 869
585 746
586 607
587 216
588 1249
589 2607
590 80
591 53
592 556
593 68
594 93
595 262
596 218
597 138
598 1483
599 2063
600 1400
601 3052
602 612
603 482
604 341
605 220
606 681
607 682
608 1277
609 373
610 915
611 484
612 1467
613 939
614 2237
615 1508
616 1365
617 37
618 132
619 74
620 231
621 34
622 466
623 235
624 279
625 1787
626 849
627 2231
628 1451
629 1153
630 1855
631 266
632 460
633 349
634 546
635 323
636 846
637 52
638 417
639 969
640 135
641 855
642 759
643 2035
644 411
645 1539
646 860
647 111
648 130
649 15
650 8
651 583
652 781
653 404
654 382
655 485
656 316
657 126
658 1570
659 1131
660 109
661 761
662 99
663 1064
664 197
665 112
666 888
667 694
668 62
669 390
670 652
671 1503
672 181
673 114
674 218
675 56
676 1114
677 1448
678 1049
679 624
680 1687
681 1443
682 77
683 351
684 232
685 649
686 165
687 25
688 36
689 394
690 1715
691 1032
692 643
693 26
694 188
695 250
696 255
697 173
698 139
699 592
700 363
701 436
702 730
703 72
704 203
705 1292
706 1908
707 808
708 76
709 888
710 65
711 11
712 150
713 129
714 3
715 132
716 661
717 2596
718 1205
719 1000
720 2443
721 532
722 295
723 33
724 405
725 258
726 571
727 386
728 372
729 922
730 567
731 1272
732 218
733 534
734 687
735 283
736 875
737 673
738 1592
739 1717
740 636
741 416
742 40
743 287
744 1212
745 49
746 22
747 12
748 1018
749 417
750 2759
751 113
752 1219
753 328
754 961
755 88
756 471
757 232
758 402
759 1563
760 755
761 245
762 692
763 256
764 1944
765 612
766 626
767 550
768 32
769 311
770 1942
771 281
772 130
773 0
774 454
775 779
776 439
777 476
778 449
779 63
780 15
781 140
782 466
783 239
784 669
785 321
786 1154
787 760
788 163
789 1615
790 202
791 219
792 412
793 943
794 868
795 0
796 897
797 1164
798 559
799 304
800 165
801 8
802 303
803 25
804 67
805 55
806 1828
807 763
808 448
809 1249
810 721
811 180
812 568
813 611
814 167
815 64
816 1
817 3
818 317
819 1379
820 1497
821 1480
822 626
823 863
824 177
825 611
826 257
827 1147
828 738
829 397
830 327
831 546
832 748
833 925
834 951
835 431
836 628
837 277
838 264
839 101
840 21
841 130
842 107
843 0
844 384
845 665
846 678
847 1135
848 730
849 199
850 956
851 36
852 862
853 192
854 82
855 587
856 220
857 1144
858 1033
859 181
860 207
861 469
862 973
863 268
864 401
865 597
866 166
867 546
868 157
869 133
870 265
871 95
872 30
873 102
874 5
875 16
876 148
877 1714
878 666
879 528
880 2267
881 1475
882 223
883 175
884 828
885 97
886 182
887 139
888 510
889 2650
890 251
891 225
892 595
893 269
894 229
895 469
896 282
897 598
898 187
899 106
900 1
901 22
902 221
903 2890
904 1308
905 264
906 1270
907 1698
908 1287
909 57
910 130
911 932
912 40
913 63
914 377
915 1107
916 72
917 430
918 1092
919 307
920 1069
921 1370
922 441
923 89
924 238
925 63
926 203
927 522
928 0
929 50
930 704
931 2157
932 739
933 2188
934 989
935 1606
936 266
937 185
938 944
939 363
940 1389
941 552
942 5
943 108
944 1200
945 1514
946 526
947 43
948 15
949 1008
950 698
951 77
952 562
953 1267
954 550
955 2173
956 2363
957 481
958 299
959 794
960 447
961 68
962 262
963 743
964 877
965 211
966 663
967 514
968 620
969 1578
970 620
971 36
972 559
973 1248
974 408
975 713
976 145
977 85
978 2833
979 432
980 2443
981 2628
982 513
983 254
984 1620
985 1346
986 393
987 120
988 6
989 30
990 82
991 230
992 312
993 1943
994 1009
995 278
996 554
997 169
998 295
999 567
1000 250
1001 674
1002 1167
1003 23
1004 11
1005 33
1006 16
1007 1068
1008 1930
1009 9
1010 306
1011 167
1012 96
1013 3
1014 14
1015 34
1016 530
1017 1500
1018 155
1019 1245
1020 1049
1021 1769
1022 1135
1023 447
1024 644
1025 217
1026 828
1027 2164
1028 444
1029 153
1030 173
1031 1127
1032 47
1033 92
1034 341
1035 652
1036 340
1037 171
1038 1761
1039 1045
1040 1543
1041 879
1042 59
1043 535
1044 221
1045 391
1046 744
1047 574
1048 788
1049 128
1050 145
1051 15
1052 33
1053 37
1054 85
1055 281
1056 389
1057 608
1058 960
1059 1593
1060 1551
1061 350
1062 5
1063 92
1064 0
1065 122
1066 93
1067 427
1068 142
1069 372
1070 370
1071 213
1072 1426
1073 533
1074 1101
1075 120
1076 169
1077 17
1078 649
1079 107
1080 1214
1081 710
1082 269
1083 528
1084 466
1085 185
1086 19
1087 100
1088 29
1089 49
1090 1182
1091 1825
1092 1407
1093 1978
1094 968
1095 161
1096 349
1097 120
1098 407
1099 2147
1100 68
1101 151
1102 167
1103 353
1104 110
1105 194
1106 2116
1107 2055
1108 398
1109 35
1110 4147
1111 1055
1112 123
1113 759
1114 1371
1115 130
1116 32
1117 197
1118 189
1119 1501
1120 1382
1121 1215
1122 177
1123 73
1124 352
1125 59
1126 407
1127 18
1128 513
1129 801
1130 42
1131 36
1132 11
1133 609
1134 370
1135 226
1136 4
1137 5
1138 20
1139 1013
1140 4292
1141 2513
1142 988
1143 35
1144 130
1145 13
1146 271
1147 7
1148 72
1149 1591
1150 2519
1151 224
1152 261
1153 346
1154 622
1155 2041
1156 1347
1157 968
1158 264
1159 120
1160 288
1161 101
1162 523
1163 7
1164 53
1165 16
1166 433
1167 614
1168 1407
1169 218
1170 1438
1171 25
1172 22
1173 241
1174 67
1175 98
1176 965
1177 2068
1178 286
1179 1676
1180 162
1181 1147
1182 840
1183 1575
1184 599
1185 1300
1186 744
1187 513
1188 90
1189 34
1190 32
1191 657
1192 665
1193 45
1194 182
1195 64
1196 191
1197 57
1198 571
1199 571
1200 311
1201 50
1202 26
1203 1694
1204 140
1205 68
1206 290
1207 62
1208 467
1209 277
1210 1185
1211 1065
1212 2536
1213 203
1214 673
1215 1378
1216 608
1217 2526
1218 1217
1219 250
1220 824
1221 462
1222 198
1223 597
1224 513
1225 161
1226 401
1227 128
1228 603
1229 1101
1230 415
1231 62
1232 336
1233 641
1234 777
1235 2245
1236 464
1237 536
1238 836
1239 33
1240 302
1241 10
1242 92
1243 891
1244 39
1245 440
1246 268
1247 828
1248 1913
1249 2862
1250 181
1251 1183
1252 1958
1253 2553
1254 4106
1255 592
1256 490
1257 186
1258 1178
1259 142
1260 459
1261 163
1262 471
1263 518
1264 1377
1265 1025
1266 634
1267 200
1268 59
1269 61
1270 101
1271 282
1272 539
1273 546
1274 3528
1275 1596
1276 141
1277 304
1278 336
1279 425
1280 45
1281 64
1282 46
1283 34
1284 22
1285 15
1286 931
1287 1839
1288 549
1289 1545
1290 1330
1291 1359
1292 673
1293 775
1294 10499
1295 3686
1296 413
1297 104
1298 475
1299 1263
1300 212
1301 16
1302 327
1303 649
1304 1962
1305 413
1306 249
1307 1189
1308 904
1309 794
1310 184
1311 655
1312 20
1313 19
1314 33
1315 1733
1316 1517
1317 1602
1318 2060
1319 1895
1320 1838
1321 3396
1322 1914
1323 272
1324 225
1325 537
1326 121
1327 217
1328 13
1329 403
1330 197
1331 533
1332 2185
1333 587
1334 176
1335 503
1336 439
1337 1370
1338 1072
1339 3700
1340 4819
1341 769
1342 316
1343 1246
1344 1517
1345 327
1346 245
1347 190
1348 134
1349 384
1350 1926
1351 163
1352 71
1353 1745
1354 209
1355 929
1356 856
1357 243
1358 304
1359 994
1360 151
1361 21
1362 31
1363 742
1364 2584
1365 3035
1366 641
1367 892
1368 883
1369 1996
1370 1428
1371 1416
1372 15
1373 200
1374 27
1375 29
1376 100
1377 168
1378 488
1379 1988
1380 2154
1381 289
1382 342
1383 419
1384 940
1385 472
1386 1324
1387 3707
1388 1132
1389 188
1390 1266
1391 1068
1392 251
1393 288
1394 160
1395 617
1396 619
1397 486
1398 14
1399 194
1400 1343
1401 869
1402 712
1403 938
1404 800
1405 340
1406 378
1407 1071
1408 1034
1409 1165
1410 1006
1411 412
1412 372
1413 3
1414 220
1415 122
1416 905
1417 1285
1418 839
1419 2096
1420 953
1421 2506
1422 652
1423 51
1424 248
1425 55
1426 230
1427 947
1428 2751
1429 3809
1430 2266
1431 3081
1432 2154
1433 899
1434 1076
1435 1374
1436 973
1437 2244
1438 53
1439 14
1440 629
1441 617
1442 3549
1443 616
1444 619
1445 1354
1446 1949
1447 428
1448 582
1449 320
1450 272
1451 2256
1452 444
1453 1361
1454 803
1455 124
1456 600
1457 2427
1458 85
1459 2363
1460 724
1461 390
1462 224
1463 434
1464 27
1465 404
1466 665
1467 587
1468 176
1469 172
1470 67
1471 14
1472 124
1473 149
1474 130
1475 735
1476 3403
1477 6218
1478 2448
1479 1897
1480 2569
1481 2155
1482 446
1483 1546
1484 1124
1485 23
1486 350
1487 135
1488 1080
1489 907
1490 4017
1491 1007
1492 537
1493 1063
1494 1167
1495 305
1496 1822
1497 2266
1498 300
1499 797
1500 1405
1501 403
1502 591
1503 257
1504 1008
1505 1828
1506 286
1507 642
1508 1597
1509 355
1510 636
1511 94
1512 143
1513 339
1514 2397
1515 816
1516 468
1517 83
1518 7
1519 2
1520 32
1521 87
1522 125
1523 107
1524 990
1525 3524
1526 2454
1527 7055
1528 5187
1529 3496
1530 1266
1531 61
1532 562
1533 1945
1534 163
1535 1104
1536 658
1537 701
1538 1249
1539 832
1540 76
1541 985
1542 246
1543 705
1544 3830
1545 2158
1546 2535
1547 1173
1548 374
1549 873
1550 1698
1551 446
1552 408
1553 731
1554 393
1555 459
1556 2149
1557 3884
1558 406
1559 453
1560 806
1561 2447
1562 1581
1563 1433
1564 41
1565 117
1566 651
1567 663
1568 1853
1569 39
1570 83
1571 373
1572 5133
1573 9937
1574 3407
1575 344
1576 3342
1577 1520
1578 1030
1579 2307
1580 2814
1581 1046
1582 1322
1583 1008
1584 697
1585 185
1586 37
1587 543
1588 1705
1589 200
1590 3378
1591 1174
1592 823
1593 814
1594 888
1595 2733
1596 1891
1597 271
1598 104
1599 279
1600 2498
1601 840
1602 2481
1603 329
1604 220
1605 30
1606 126
1607 393
1608 13
1609 30
1610 47
1611 16
1612 780
1613 902
1614 511
1615 91
1616 1216
1617 4321
1618 3411
1619 6096
1620 2784
1621 4439
1622 3754
1623 1410
1624 996
1625 170
1626 2922
1627 1571
1628 719
1629 1663
1630 989
1631 816
1632 996
1633 806
1634 1344
1635 450
1636 432
1637 717
1638 757
1639 890
1640 1566
1641 356
1642 40
1643 104
1644 143
1645 2781
1646 4909
1647 960
1648 1749
1649 804
1650 538
1651 1738
1652 4259
1653 164
1654 638
1655 1905
1656 2026
1657 547
1658 857
1659 1314
1660 647
1661 881
1662 881
1663 243
1664 925
1665 1415
1666 1012
1667 2285
1668 2004
1669 49
1670 454
1671 505
1672 17
1673 128
1674 36
1675 70
1676 60
1677 4956
1678 3283
1679 2636
1680 2829
1681 1021
1682 1576
1683 1559
1684 880
1685 1944
1686 1224
1687 499
1688 727
1689 1086
1690 448
1691 1152
1692 296
1693 721
1694 1129
1695 106
1696 528
1697 135
1698 275
1699 361
1700 164
1701 2414
1702 266
1703 762
1704 12
1705 37
1706 185
1707 611
1708 44
1709 869
1710 4570
1711 1395
1712 871
1713 672
1714 707
1715 1978
1716 1367
1717 1030
1718 310
1719 611
1720 96
1721 727
1722 185
1723 169
1724 312
1725 222
1726 657
1727 463
1728 1679
1729 1358
1730 98
1731 201
1732 74
1733 588
1734 286
1735 58
1736 452
1737 986
1738 1761
1739 1663
1740 1121
1741 391
1742 1455
1743 177
1744 712
1745 1162
1746 547
1747 41
1748 125
1749 229
1750 407
1751 1073
1752 1576
1753 169
1754 97
1755 525
1756 314
1757 401
1758 638
1759 43
1760 37
1761 1644
1762 492
1763 743
1764 801
1765 820
1766 490
1767 1720
1768 949
1769 33
1770 189
1771 453
1772 878
1773 1544
1774 719
1775 587
1776 601
1777 824
1778 1542
1779 42
1780 250
1781 14
1782 906
1783 79
1784 312
1785 452
1786 66
1787 1119
1788 597
1789 267
1790 790
1791 49
1792 1134
1793 524
1794 110
1795 5
1796 244
1797 1980
1798 1823
1799 3545
1800 2887
1801 857
1802 1054
1803 283
1804 641
1805 2749
1806 2668
1807 617
1808 765
1809 41
1810 947
1811 468
1812 345
1813 405
1814 294
1815 369
1816 228
1817 52
1818 422
1819 135
1820 837
1821 562
1822 427
1823 533
1824 2036
1825 689
1826 198
1827 659
1828 920
1829 1572
1830 114
1831 1252
1832 334
1833 1237
1834 240
1835 1607
1836 673
1837 163
1838 590
1839 300
1840 465
1841 454
1842 205
1843 663
1844 2065
1845 1473
1846 461
1847 581
1848 1306
1849 2183
1850 275
1851 167
1852 264
1853 927
1854 367
1855 1087
1856 641
1857 236
1858 1714
1859 2061
1860 569
1861 1370
1862 1381
1863 72
1864 564
1865 212
1866 628
1867 5403
1868 1250
1869 653
1870 183
1871 713
1872 2423
1873 1264
1874 397
1875 162
1876 187
1877 579
1878 668
1879 498
1880 60
1881 1261
1882 2032
1883 2464
1884 1293
1885 552
1886 223
1887 238
1888 49
1889 1085
1890 1198
1891 388
1892 762
1893 840
1894 3424
1895 3497
1896 1474
1897 382
1898 347
1899 294
1900 1586
1901 1027
1902 200
1903 2223
1904 722
1905 1046
1906 748
1907 1043
1908 564
1909 669
1910 660
1911 932
1912 1818
1913 871
1914 188
1915 75
1916 132
1917 1115
1918 506
1919 1188
1920 477
1921 898
1922 216
1923 986
1924 919
1925 1009
1926 177
1927 202
1928 217
1929 259
1930 524
1931 881
1932 331
1933 135
1934 433
1935 1022
1936 1279
1937 180
1938 153
1939 303
1940 1185
1941 990
1942 2565
1943 2097
1944 329
1945 395
1946 458
1947 86
1948 503
1949 412
1950 384
1951 1240
1952 759
1953 1294
1954 695
1955 1950
1956 308
1957 703
1958 1000
1959 586
1960 396
1961 146
1962 25
1963 211
1964 2153
1965 2277
1966 223
1967 1184
1968 2052
1969 931
1970 463
1971 888
1972 1908
1973 244
1974 509
1975 1175
1976 493
1977 6
1978 105
1979 90
1980 1090
1981 2008
1982 867
1983 211
1984 381
1985 1855
1986 827
1987 95
1988 150
1989 1326
1990 692
1991 891
1992 734
1993 354
1994 812
1995 1799
1996 2854
1997 1014
1998 515
1999 1204
2000 1180
2001 55
2002 214
2003 620
2004 1760
2005 903
2006 450
2007 694
2008 485
2009 735
2010 840
2011 1063
2012 221
2013 204
2014 1192
2015 971
2016 1791
2017 2285
2018 194
2019 1609
2020 562
2021 480
2022 362
2023 1687
2024 2593
2025 72
2026 608
2027 560
2028 605
2029 329
2030 1049
2031 1465
2032 966
2033 343
2034 967
2035 1443
2036 2100
2037 760
2038 649
2039 512
2040 330
2041 273
2042 400
2043 1470
2044 311
2045 636
2046 571
2047 596
2048 1769
2049 2102
2050 1363
2051 1339
2052 126
2053 163
2054 892
2055 2937
2056 441
2057 565
2058 569
2059 652
2060 597
2061 1266
2062 900
2063 763
2064 208
2065 148
2066 1376
2067 933
2068 55
2069 1432
2070 380
2071 748
2072 1718
2073 1486
2074 739
2075 1061
2076 1625
2077 406
2078 32
2079 201
2080 996
2081 1898
2082 1318
2083 994
2084 632
2085 458
2086 1155
2087 830
2088 1283
2089 1075
2090 762
2091 529
2092 426
2093 502
2094 832
2095 2805
2096 801
2097 3120
2098 1544
2099 866
2100 405
2101 216
2102 55
2103 2173
2104 2031
2105 907
2106 38
2107 44
2108 329
2109 259
2110 1549
2111 1042
2112 1613
2113 882
2114 608
2115 1055
2116 685
2117 606
2118 1901
2119 1963
2120 360
2121 408
2122 131
2123 150
2124 1693
2125 203
2126 1044
2127 1070
2128 1563
2129 511
2130 733
2131 1770
2132 2140
2133 271
2134 13
2135 211
2136 57
2137 1102
2138 2171
2139 558
2140 187
2141 26
2142 38
2143 52
2144 1435
2145 1554
2146 589
2147 296
2148 2134
2149 938
2150 2339
2151 338
2152 1420
2153 1775
2154 1367
2155 443
2156 96
2157 157
2158 101
2159 656
2160 1845
2161 1852
2162 11
2163 77
2164 354
2165 1473
2166 743
2167 589
2168 355
2169 915
2170 328
2171 151
2172 1174
2173 784
2174 58
2175 509
2176 46
2177 900
2178 167
2179 391
2180 190
2181 498
2182 367
2183 637
2184 216
2185 4
2186 27
2187 1061
2188 493
2189 390
2190 1245
2191 983
2192 385
2193 1422
2194 234
2195 71
2196 25
2197 225
2198 127
2199 676
2200 408
2201 736
2202 980
2203 1428
2204 251
2205 1470
2206 1430
2207 378
2208 59
2209 650
2210 565
2211 1190
2212 2230
2213 1838
2214 321
2215 442
2216 79
2217 173
2218 96
2219 200
2220 788
2221 27
2222 42
2223 400
2224 951
2225 215
2226 161
2227 1453
2228 1190
2229 1069
2230 1273
2231 134
2232 496
2233 686
2234 43
2235 186
2236 73
2237 488
2238 182
2239 30
2240 8
2241 113
2242 67
2243 1659
2244 805
2245 166
2246 309
2247 1279
2248 2253
2249 326
2250 1745
2251 803
2252 230
2253 597
2254 1845
2255 894
2256 1209
2257 333
2258 64
2259 198
2260 1297
2261 216
2262 112
2263 43
2264 43
2265 452
2266 2260
2267 1699
2268 1518
2269 2086
2270 2078
2271 1158
2272 58
2273 251
2274 2469
2275 1799
2276 859
2277 1903
2278 522
2279 145
2280 102
2281 1554
2282 2081
2283 240
2284 1
2285 182
2286 1148
2287 268
2288 410
2289 424
2290 1774
2291 2512
2292 220
2293 42
2294 1962
2295 1627
2296 422
2297 856
2298 530
2299 65
2300 822
2301 1304
2302 671
2303 28
2304 373
2305 94
2306 254
2307 668
2308 1913
2309 617
2310 602
2311 596
2312 440
2313 421
2314 886
2315 476
2316 2227
2317 730
2318 15
2319 281
2320 1612
2321 988
2322 818
2323 1
2324 14
2325 223
2326 1900
2327 3095
2328 586
2329 133
2330 205
2331 91
2332 388
2333 384
2334 2930
2335 3668
2336 434
2337 92
2338 437
2339 995
2340 852
2341 248
2342 14
2343 3
2344 676
2345 1351
2346 709
2347 1088
2348 165
2349 614
2350 868
2351 1420
2352 1251
2353 1982
2354 1099
2355 274
2356 854
2357 313
2358 117
2359 8
2360 44
2361 23
2362 37
2363 1893
2364 1641
2365 215
2366 1342
2367 1074
2368 292
2369 729
2370 1282
2371 861
2372 712
2373 462
2374 57
2375 944
2376 1373
2377 32
2378 22
2379 180
2380 289
2381 69
2382 1709
2383 945
2384 625
2385 2272
2386 630
2387 1620
2388 2778
2389 1628
2390 1078
2391 1984
2392 271
2393 260
2394 1793
2395 614
2396 215
2397 47
2398 1519
2399 48
2400 168
2401 985
2402 3807
2403 289
2404 502
2405 1310
2406 1715
2407 1209
2408 648
2409 920
2410 603
2411 1391
2412 945
2413 210
2414 12
2415 416
2416 121
2417 256
2418 65
2419 1052
2420 1879
2421 1562
2422 3436
2423 487
2424 885
2425 1075
2426 1423
2427 1821
2428 2185
2429 437
2430 25
2431 480
2432 1225
2433 10
2434 204
2435 575
2436 674
2437 375
2438 2215
2439 247
2440 824
2441 1777
2442 1764
2443 773
2444 864
2445 915
2446 155
2447 15
2448 14
2449 801
2450 81
2451 237
2452 136
2453 82
2454 661
2455 639
2456 972
2457 872
2458 157
2459 574
2460 129
2461 78
2462 9
2463 95
2464 546
2465 3423
2466 489
2467 19
2468 231
2469 271
2470 559
2471 387
2472 375
2473 96
2474 36
2475 36
2476 2
2477 183
2478 875
2479 72
2480 281
2481 426
2482 143
2483 403
2484 602
2485 853
2486 397
2487 1253
2488 223
2489 304
2490 54
2491 27
2492 11
2493 29
2494 376
2495 764
2496 261
2497 499
2498 109
2499 559
2500 303
2501 240
2502 330
2503 1567
2504 77
2505 17
2506 107
2507 32
2508 38
2509 297
2510 164
2511 253
2512 228
2513 465
2514 2
2515 4
2516 137
2517 11
2518 2
2519 45
2520 212
2521 117
2522 189
2523 539
2524 27
2525 20
2526 833
2527 390
2528 8
2529 161
2530 251
2531 128
2532 52
2533 38
2534 1311
2535 1624
2536 236
2537 464
2538 654
2539 115
2540 13
2541 118
2542 1845
2543 506
2544 632
2545 1580
2546 146
2547 67
2548 455
2549 223
2550 131
2551 71
2552 557
2553 996
2554 377
2555 14
2556 15
2557 114
2558 297
2559 261
2560 851
2561 741
2562 201
2563 540
2564 159
2565 166
2566 331
2567 159
2568 162
2569 67
2570 173
2571 118
2572 2
2573 287
2574 22
2575 712
2576 45
2577 53
2578 57
2579 32
2580 3
2581 7
2582 0
2583 0
2584 0
2585 2
2586 0
2587 2
2588 2
2589 1
2590 0
2591 0
2592 1
2593 0
2594 0
2595 1
2596 0
2597 1
2598 10
