0 6
1 0
2 0
3 0
4 1
5 2
6 0
7 0
8 0
9 0
10 1
11 8
12 0
13 1
14 12
15 2
16 8
17 0
18 0
19 27
20 0
21 1
22 0
23 16
24 0
25 0
26 0
27 0
28 0
29 0
30 0
31 0
32 0
33 6
34 0
35 8
36 0
37 0
38 0
39 0
40 0
41 0
42 0
43 0
44 10
45 0
46 0
47 0
48 0
49 10
50 6
51 0
52 8
53 11
54 5
55 0
56 0
57 3
58 8
59 0
60 0
61 13
62 10
63 0
64 0
65 23
66 0
67 8
68 1
69 0
70 0
71 0
72 0
73 0
74 8
75 13
76 0
77 7
78 18
79 21
80 0
81 0
82 2
83 2
84 0
85 0
86 3
87 23
88 24
89 0
90 0
91 0
92 0
93 4
94 0
95 0
96 0
97 10
98 1
99 12
100 0
101 0
102 5
103 8
104 0
105 0
106 13
107 3
108 9
109 6
110 0
111 2
112 2
113 0
114 4
115 1
116 12
117 0
118 0
119 1
120 0
121 0
122 19
123 2
124 0
125 0
126 0
127 0
128 1
129 4
130 1
131 4
132 0
133 0
134 0
135 16
136 5
137 45
138 0
139 0
140 15
141 9
142 0
143 0
144 0
145 0
146 10
147 0
148 16
149 6
150 1
151 0
152 0
153 1
154 1
155 4
156 0
157 1
158 41
159 2
160 0
161 0
162 0
163 5
164 5
165 5
166 10
167 2
168 1
169 0
170 15
171 9
172 2
173 1
174 11
175 30
176 15
177 0
178 2
179 0
180 14
181 0
182 43
183 19
184 6
185 3
186 34
187 34
188 14
189 0
190 0
191 0
192 0
193 0
194 0
195 0
196 19
197 6
198 0
199 9
200 7
201 10
202 1
203 19
204 13
205 21
206 38
207 5
208 3
209 0
210 24
211 0
212 0
213 7
214 0
215 22
216 0
217 3
218 3
219 32
220 5
221 24
222 20
223 15
224 32
225 15
226 16
227 0
228 0
229 1
230 0
231 0
232 0
233 0
234 0
235 2
236 0
237 0
238 5
239 42
240 0
241 43
242 19
243 3
244 25
245 2
246 7
247 0
248 2
249 2
250 1
251 0
252 1
253 0
254 0
255 0
256 48
257 22
258 0
259 0
260 0
261 0
262 0
263 8
264 0
265 0
266 0
267 0
268 0
269 0
270 1
271 11
272 3
273 0
274 0
275 0
276 0
277 0
278 0
279 8
280 0
281 0
282 1
283 37
284 0
285 0
286 1
287 2
288 0
289 0
290 33
291 3
292 45
293 10
294 0
295 14
296 7
297 2
298 6
299 0
300 5
301 2
302 11
303 2
304 35
305 9
306 6
307 19
308 0
309 5
310 5
311 9
312 15
313 0
314 0
315 11
316 9
317 16
318 33
319 0
320 1
321 3
322 0
323 3
324 0
325 0
326 0
327 0
328 0
329 0
330 0
331 8
332 0
333 13
334 21
335 20
336 0
337 7
338 32
339 11
340 0
341 0
342 0
343 0
344 0
345 0
346 2
347 0
348 15
349 2
350 5
351 27
352 2
353 0
354 0
355 0
356 0
357 8
358 0
359 7
360 12
361 25
362 35
363 0
364 0
365 0
366 0
367 1
368 10
369 10
370 1
371 0
372 1
373 1
374 0
375 1
376 6
377 0
378 0
379 5
380 4
381 0
382 7
383 0
384 1
385 14
386 0
387 0
388 9
389 12
390 14
391 10
392 22
393 0
394 13
395 2
396 25
397 4
398 0
399 17
400 0
401 5
402 2
403 2
404 9
405 7
406 21
407 15
408 3
409 0
410 0
411 3
412 7
413 27
414 20
415 0
416 2
417 6
418 0
419 2
420 0
421 0
422 15
423 11
424 12
425 6
426 2
427 0
428 13
429 0
430 25
431 0
432 0
433 2
434 0
435 0
436 24
437 35
438 37
439 15
440 27
441 21
442 6
443 41
444 3
445 3
446 0
447 0
448 16
449 3
450 9
451 3
452 9
453 21
454 21
455 1
456 12
457 28
458 21
459 0
460 0
461 20
462 13
463 3
464 6
465 2
466 0
467 14
468 12
469 26
470 28
471 30
472 21
473 10
474 18
475 6
476 0
477 0
478 0
479 2
480 0
481 1
482 4
483 0
484 14
485 2
486 3
487 14
488 2
489 24
490 4
491 1
492 22
493 50
494 2
495 8
496 0
497 0
498 27
499 7
500 7
501 4
502 6
503 0
504 0
505 7
506 13
507 0
508 0
509 28
510 0
511 3
512 14
513 27
514 13
515 15
516 9
517 3
518 0
519 5
520 31
521 27
522 0
523 2
524 4
525 0
526 0
527 0
528 4
529 1
530 0
531 1
532 18
533 21
534 1
535 20
536 18
537 0
538 0
539 11
540 0
541 2
542 0
543 19
544 19
545 0
546 4
547 0
548 12
549 0
550 4
551 0
552 20
553 14
554 26
555 21
556 0
557 2
558 7
559 9
560 2
561 11
562 0
563 0
564 0
565 0
566 0
567 0
568 0
569 0
570 2
571 8
572 5
573 3
574 0
575 14
576 1
577 4
578 5
579 2
580 0
581 0
582 0
583 0
584 9
585 5
586 4
587 0
588 18
589 36
590 0
591 0
592 4
593 0
594 0
595 1
596 1
597 0
598 22
599 23
600 21
601 39
602 2
603 4
604 2
605 1
606 12
607 11
608 14
609 2
610 12
611 5
612 16
613 10
614 28
615 20
616 19
617 0
618 0
619 0
620 0
621 0
622 4
623 0
624 2
625 22
626 10
627 27
628 18
629 16
630 19
631 0
632 5
633 1
634 5
635 3
636 9
637 0
638 1
639 7
640 0
641 10
642 5
643 28
644 2
645 15
646 9
647 0
648 0
649 0
650 0
651 1
652 8
653 3
654 1
655 3
656 1
657 0
658 19
659 12
660 0
661 7
662 0
663 15
664 1
665 0
666 6
667 8
668 0
669 2
670 4
671 15
672 0
673 0
674 1
675 0
676 8
677 21
678 12
679 4
680 22
681 20
682 0
683 0
684 1
685 1
686 0
687 0
688 0
689 4
690 20
691 9
692 5
693 0
694 0
695 0
696 0
697 1
698 0
699 7
700 0
701 2
702 4
703 0
704 0
705 12
706 21
707 7
708 0
709 8
710 0
711 0
712 0
713 0
714 0
715 0
716 6
717 34
718 11
719 11
720 28
721 2
722 2
723 0
724 4
725 2
726 5
727 3
728 3
729 9
730 5
731 12
732 1
733 5
734 10
735 1
736 11
737 5
738 20
739 22
740 4
741 2
742 0
743 1
744 18
745 0
746 0
747 0
748 11
749 3
750 35
751 1
752 17
753 1
754 15
755 0
756 1
757 0
758 1
759 22
760 10
761 3
762 8
763 0
764 30
765 5
766 7
767 4
768 0
769 4
770 18
771 0
772 0
773 0
774 5
775 7
776 3
777 3
778 5
779 0
780 0
781 0
782 3
783 0
784 2
785 3
786 3
787 9
788 0
789 24
790 1
791 1
792 2
793 14
794 7
795 0
796 12
797 14
798 9
799 0
800 0
801 0
802 2
803 0
804 0
805 0
806 25
807 10
808 3
809 12
810 9
811 0
812 1
813 4
814 0
815 0
816 0
817 0
818 2
819 9
820 20
821 19
822 7
823 12
824 0
825 5
826 1
827 18
828 5
829 2
830 2
831 4
832 5
833 11
834 11
835 4
836 5
837 1
838 1
839 0
840 0
841 0
842 0
843 0
844 2
845 8
846 3
847 9
848 6
849 0
850 12
851 0
852 7
853 0
854 0
855 1
856 1
857 10
858 14
859 0
860 0
861 8
862 7
863 2
864 2
865 3
866 0
867 4
868 0
869 0
870 0
871 0
872 0
873 0
874 0
875 0
876 0
877 22
878 9
879 5
880 25
881 15
882 2
883 1
884 8
885 0
886 0
887 0
888 0
889 35
890 0
891 0
892 5
893 1
894 1
895 3
896 2
897 2
898 0
899 0
900 0
901 0
902 2
903 33
904 16
905 1
906 17
907 26
908 12
909 0
910 0
911 5
912 0
913 0
914 4
915 15
916 0
917 3
918 11
919 2
920 11
921 16
922 5
923 0
924 1
925 0
926 0
927 5
928 0
929 0
930 10
931 25
932 8
933 26
934 12
935 20
936 1
937 0
938 7
939 2
940 16
941 2
942 0
943 0
944 16
945 20
946 5
947 0
948 0
949 11
950 8
951 0
952 3
953 17
954 4
955 27
956 32
957 4
958 1
959 10
960 4
961 0
962 1
963 10
964 9
965 0
966 5
967 7
968 6
969 14
970 6
971 0
972 6
973 13
974 2
975 11
976 0
977 0
978 32
979 4
980 34
981 32
982 1
983 2
984 22
985 13
986 2
987 0
988 0
989 0
990 0
991 3
992 0
993 20
994 7
995 2
996 4
997 0
998 1
999 4
1000 1
1001 6
1002 18
1003 0
1004 0
1005 0
1006 0
1007 15
1008 25
1009 0
1010 1
1011 1
1012 0
1013 0
1014 0
1015 0
1016 2
1017 14
1018 0
1019 16
1020 9
1021 20
1022 13
1023 3
1024 7
1025 0
1026 8
1027 29
1028 2
1029 1
1030 0
1031 14
1032 0
1033 0
1034 2
1035 5
1036 1
1037 0
1038 23
1039 12
1040 24
1041 9
1042 0
1043 6
1044 0
1045 2
1046 9
1047 6
1048 10
1049 0
1050 1
1051 0
1052 0
1053 0
1054 0
1055 1
1056 0
1057 1
1058 12
1059 22
1060 16
1061 0
1062 0
1063 0
1064 0
1065 0
1066 0
1067 1
1068 0
1069 1
1070 1
1071 1
1072 19
1073 1
1074 14
1075 1
1076 1
1077 0
1078 3
1079 0
1080 15
1081 6
1082 2
1083 1
1084 2
1085 0
1086 0
1087 0
1088 0
1089 0
1090 16
1091 25
1092 21
1093 30
1094 11
1095 0
1096 1
1097 0
1098 4
1099 30
1100 0
1101 0
1102 0
1103 0
1104 0
1105 1
1106 29
1107 26
1108 1
1109 0
1110 57
1111 9
1112 0
1113 8
1114 18
1115 0
1116 0
1117 1
1118 1
1119 19
1120 16
1121 13
1122 0
1123 0
1124 4
1125 0
1126 1
1127 0
1128 1
1129 2
1130 0
1131 0
1132 0
1133 4
1134 3
1135 1
1136 0
1137 0
1138 0
1139 14
1140 56
1141 37
1142 9
1143 0
1144 0
1145 0
1146 2
1147 0
1148 0
1149 18
1150 31
1151 0
1152 2
1153 4
1154 5
1155 26
1156 17
1157 8
1158 1
1159 0
1160 1
1161 0
1162 3
1163 0
1164 0
1165 0
1166 1
1167 4
1168 22
1169 0
1170 13
1171 0
1172 0
1173 2
1174 0
1175 0
1176 5
1177 29
1178 0
1179 22
1180 0
1181 11
1182 9
1183 21
1184 5
1185 17
1186 5
1187 5
1188 0
1189 0
1190 0
1191 10
1192 7
1193 0
1194 0
1195 0
1196 0
1197 0
1198 4
1199 7
1200 4
1201 0
1202 0
1203 21
1204 0
1205 0
1206 0
1207 0
1208 3
1209 1
1210 17
1211 11
1212 32
1213 0
1214 2
1215 19
1216 6
1217 31
1218 15
1219 0
1220 8
1221 4
1222 2
1223 4
1224 0
1225 0
1226 4
1227 0
1228 10
1229 14
1230 3
1231 0
1232 2
1233 7
1234 8
1235 29
1236 2
1237 6
1238 11
1239 0
1240 1
1241 0
1242 0
1243 7
1244 0
1245 4
1246 2
1247 7
1248 25
1249 29
1250 0
1251 18
1252 17
1253 34
1254 57
1255 6
1256 1
1257 1
1258 17
1259 0
1260 3
1261 0
1262 4
1263 1
1264 18
1265 9
1266 7
1267 0
1268 0
1269 0
1270 0
1271 2
1272 7
1273 1
1274 50
1275 22
1276 0
1277 0
1278 0
1279 1
1280 0
1281 0
1282 0
1283 0
1284 0
1285 0
1286 9
1287 22
1288 7
1289 18
1290 18
1291 20
1292 6
1293 7
1294 142
1295 39
1296 3
1297 0
1298 4
1299 11
1300 1
1301 0
1302 2
1303 5
1304 22
1305 0
1306 1
1307 11
1308 9
1309 12
1310 0
1311 5
1312 0
1313 0
1314 0
1315 22
1316 20
1317 20
1318 28
1319 25
1320 29
1321 46
1322 22
1323 2
1324 0
1325 4
1326 0
1327 0
1328 0
1329 7
1330 0
1331 7
1332 21
1333 4
1334 0
1335 3
1336 1
1337 15
1338 9
1339 49
1340 45
1341 11
1342 0
1343 14
1344 13
1345 4
1346 1
1347 0
1348 1
1349 3
1350 24
1351 0
1352 0
1353 22
1354 0
1355 7
1356 12
1357 1
1358 2
1359 15
1360 0
1361 0
1362 0
1363 7
1364 29
1365 41
1366 2
1367 10
1368 7
1369 24
1370 18
1371 20
1372 0
1373 0
1374 0
1375 0
1376 0
1377 0
1378 5
1379 26
1380 21
1381 0
1382 2
1383 2
1384 9
1385 2
1386 16
1387 55
1388 12
1389 0
1390 12
1391 12
1392 1
1393 4
1394 0
1395 4
1396 7
1397 2
1398 0
1399 1
1400 18
1401 4
1402 7
1403 8
1404 11
1405 2
1406 2
1407 11
1408 7
1409 8
1410 12
1411 1
1412 0
1413 0
1414 0
1415 0
1416 8
1417 14
1418 6
1419 22
1420 9
1421 35
1422 8
1423 0
1424 0
1425 0
1426 0
1427 10
1428 30
1429 49
1430 33
1431 40
1432 30
1433 9
1434 13
1435 12
1436 12
1437 29
1438 0
1439 0
1440 4
1441 7
1442 43
1443 3
1444 3
1445 14
1446 26
1447 4
1448 4
1449 2
1450 1
1451 29
1452 2
1453 19
1454 9
1455 0
1456 3
1457 35
1458 0
1459 32
1460 5
1461 1
1462 1
1463 1
1464 0
1465 5
1466 8
1467 6
1468 0
1469 0
1470 0
1471 0
1472 0
1473 0
1474 0
1475 6
1476 38
1477 74
1478 39
1479 26
1480 26
1481 29
1482 4
1483 21
1484 15
1485 0
1486 1
1487 0
1488 13
1489 10
1490 49
1491 12
1492 5
1493 15
1494 15
1495 0
1496 24
1497 31
1498 1
1499 8
1500 19
1501 2
1502 5
1503 0
1504 12
1505 26
1506 1
1507 5
1508 24
1509 0
1510 5
1511 0
1512 0
1513 1
1514 30
1515 4
1516 2
1517 0
1518 0
1519 0
1520 0
1521 0
1522 0
1523 0
1524 8
1525 42
1526 28
1527 88
1528 67
1529 38
1530 12
1531 0
1532 1
1533 27
1534 1
1535 11
1536 4
1537 5
1538 13
1539 5
1540 0
1541 9
1542 1
1543 5
1544 51
1545 23
1546 21
1547 15
1548 2
1549 11
1550 21
1551 6
1552 2
1553 5
1554 1
1555 3
1556 29
1557 52
1558 4
1559 5
1560 7
1561 34
1562 22
1563 18
1564 0
1565 0
1566 6
1567 9
1568 26
1569 0
1570 0
1571 0
1572 73
1573 133
1574 45
1575 1
1576 45
1577 17
1578 9
1579 29
1580 38
1581 11
1582 14
1583 11
1584 5
1585 1
1586 0
1587 2
1588 22
1589 0
1590 47
1591 11
1592 7
1593 9
1594 9
1595 42
1596 23
1597 0
1598 0
1599 1
1600 28
1601 11
1602 31
1603 1
1604 2
1605 0
1606 0
1607 2
1608 0
1609 0
1610 0
1611 0
1612 8
1613 12
1614 4
1615 0
1616 11
1617 60
1618 51
1619 77
1620 36
1621 42
1622 49
1623 20
1624 7
1625 0
1626 39
1627 17
1628 11
1629 18
1630 9
1631 6
1632 3
1633 8
1634 20
1635 2
1636 1
1637 9
1638 6
1639 14
1640 21
1641 3
1642 0
1643 0
1644 0
1645 27
1646 59
1647 8
1648 19
1649 9
1650 6
1651 19
1652 57
1653 0
1654 5
1655 26
1656 20
1657 6
1658 10
1659 11
1660 4
1661 8
1662 3
1663 0
1664 9
1665 16
1666 7
1667 22
1668 31
1669 0
1670 4
1671 3
1672 0
1673 0
1674 0
1675 0
1676 0
1677 72
1678 42
1679 39
1680 34
1681 11
1682 17
1683 18
1684 10
1685 22
1686 16
1687 5
1688 9
1689 11
1690 4
1691 10
1692 0
1693 8
1694 13
1695 1
1696 4
1697 0
1698 2
1699 1
1700 0
1701 32
1702 1
1703 5
1704 0
1705 0
1706 1
1707 10
1708 0
1709 10
1710 60
1711 19
1712 11
1713 2
1714 6
1715 23
1716 14
1717 10
1718 2
1719 7
1720 0
1721 10
1722 0
1723 0
1724 0
1725 0
1726 6
1727 3
1728 23
1729 19
1730 0
1731 0
1732 0
1733 3
1734 0
1735 0
1736 5
1737 15
1738 22
1739 14
1740 14
1741 1
1742 13
1743 0
1744 9
1745 17
1746 6
1747 0
1748 0
1749 0
1750 3
1751 12
1752 20
1753 0
1754 0
1755 6
1756 2
1757 3
1758 8
1759 0
1760 0
1761 19
1762 5
1763 9
1764 11
1765 13
1766 4
1767 20
1768 6
1769 0
1770 0
1771 3
1772 10
1773 24
1774 10
1775 5
1776 1
1777 9
1778 25
1779 0
1780 1
1781 0
1782 8
1783 0
1784 0
1785 3
1786 0
1787 12
1788 4
1789 1
1790 8
1791 0
1792 10
1793 4
1794 0
1795 0
1796 1
1797 25
1798 23
1799 45
1800 31
1801 12
1802 3
1803 0
1804 5
1805 42
1806 33
1807 6
1808 6
1809 0
1810 6
1811 3
1812 3
1813 2
1814 0
1815 3
1816 0
1817 0
1818 1
1819 0
1820 5
1821 1
1822 4
1823 5
1824 23
1825 6
1826 0
1827 7
1828 6
1829 16
1830 0
1831 20
1832 1
1833 12
1834 0
1835 24
1836 4
1837 0
1838 3
1839 1
1840 1
1841 4
1842 0
1843 7
1844 28
1845 16
1846 1
1847 4
1848 13
1849 23
1850 1
1851 0
1852 2
1853 9
1854 2
1855 7
1856 5
1857 0
1858 19
1859 29
1860 8
1861 16
1862 18
1863 0
1864 5
1865 0
1866 4
1867 67
1868 18
1869 4
1870 0
1871 7
1872 33
1873 15
1874 3
1875 0
1876 0
1877 6
1878 6
1879 1
1880 0
1881 17
1882 28
1883 32
1884 19
1885 5
1886 0
1887 0
1888 0
1889 15
1890 15
1891 5
1892 8
1893 10
1894 45
1895 50
1896 19
1897 0
1898 3
1899 0
1900 21
1901 8
1902 0
1903 22
1904 10
1905 7
1906 11
1907 4
1908 4
1909 7
1910 9
1911 11
1912 23
1913 7
1914 0
1915 0
1916 0
1917 11
1918 0
1919 12
1920 2
1921 7
1922 1
1923 14
1924 9
1925 11
1926 0
1927 0
1928 0
1929 1
1930 4
1931 7
1932 2
1933 1
1934 3
1935 16
1936 15
1937 1
1938 0
1939 2
1940 16
1941 17
1942 34
1943 31
1944 0
1945 2
1946 2
1947 0
1948 2
1949 2
1950 0
1951 15
1952 10
1953 12
1954 7
1955 26
1956 0
1957 3
1958 11
1959 5
1960 2
1961 0
1962 0
1963 1
1964 30
1965 29
1966 1
1967 16
1968 25
1969 9
1970 3
1971 7
1972 22
1973 0
1974 3
1975 15
1976 4
1977 0
1978 0
1979 0
1980 15
1981 29
1982 8
1983 0
1984 0
1985 21
1986 7
1987 0
1988 0
1989 16
1990 10
1991 6
1992 4
1993 2
1994 6
1995 30
1996 36
1997 17
1998 2
1999 11
2000 12
2001 0
2002 1
2003 4
2004 27
2005 9
2006 2
2007 8
2008 5
2009 11
2010 6
2011 12
2012 0
2013 0
2014 11
2015 10
2016 19
2017 30
2018 0
2019 18
2020 8
2021 1
2022 2
2023 17
2024 33
2025 0
2026 7
2027 2
2028 7
2029 1
2030 13
2031 19
2032 7
2033 1
2034 9
2035 17
2036 33
2037 6
2038 8
2039 3
2040 5
2041 1
2042 3
2043 20
2044 1
2045 2
2046 5
2047 7
2048 21
2049 26
2050 21
2051 15
2052 0
2053 0
2054 5
2055 40
2056 5
2057 4
2058 7
2059 2
2060 6
2061 11
2062 12
2063 12
2064 0
2065 0
2066 18
2067 12
2068 0
2069 20
2070 1
2071 7
2072 24
2073 22
2074 7
2075 12
2076 16
2077 1
2078 0
2079 0
2080 9
2081 26
2082 16
2083 12
2084 8
2085 3
2086 8
2087 10
2088 9
2089 10
2090 6
2091 6
2092 3
2093 6
2094 9
2095 40
2096 7
2097 44
2098 18
2099 8
2100 3
2101 3
2102 0
2103 26
2104 25
2105 6
2106 0
2107 0
2108 1
2109 1
2110 16
2111 10
2112 19
2113 12
2114 6
2115 16
2116 6
2117 5
2118 26
2119 20
2120 0
2121 3
2122 0
2123 0
2124 22
2125 0
2126 15
2127 13
2128 20
2129 6
2130 8
2131 24
2132 33
2133 1
2134 0
2135 0
2136 0
2137 14
2138 27
2139 6
2140 0
2141 0
2142 0
2143 0
2144 21
2145 13
2146 4
2147 1
2148 28
2149 13
2150 20
2151 1
2152 22
2153 20
2154 16
2155 3
2156 0
2157 1
2158 0
2159 4
2160 19
2161 28
2162 0
2163 0
2164 4
2165 18
2166 6
2167 8
2168 1
2169 12
2170 0
2171 0
2172 14
2173 10
2174 0
2175 5
2176 0
2177 10
2178 0
2179 4
2180 0
2181 5
2182 4
2183 6
2184 1
2185 0
2186 0
2187 11
2188 1
2189 2
2190 16
2191 7
2192 2
2193 20
2194 1
2195 0
2196 0
2197 0
2198 0
2199 4
2200 0
2201 11
2202 11
2203 21
2204 1
2205 15
2206 14
2207 1
2208 0
2209 7
2210 3
2211 14
2212 29
2213 26
2214 0
2215 3
2216 0
2217 1
2218 0
2219 0
2220 5
2221 0
2222 0
2223 1
2224 10
2225 0
2226 0
2227 20
2228 17
2229 9
2230 13
2231 0
2232 4
2233 4
2234 0
2235 0
2236 0
2237 4
2238 0
2239 0
2240 0
2241 0
2242 0
2243 20
2244 7
2245 1
2246 2
2247 15
2248 18
2249 1
2250 25
2251 12
2252 1
2253 6
2254 29
2255 7
2256 10
2257 2
2258 0
2259 0
2260 16
2261 0
2262 0
2263 0
2264 0
2265 4
2266 31
2267 24
2268 22
2269 31
2270 26
2271 10
2272 0
2273 1
2274 32
2275 22
2276 11
2277 23
2278 0
2279 0
2280 0
2281 25
2282 29
2283 0
2284 0
2285 1
2286 18
2287 0
2288 3
2289 1
2290 26
2291 41
2292 0
2293 0
2294 28
2295 12
2296 2
2297 7
2298 3
2299 0
2300 12
2301 8
2302 4
2303 0
2304 3
2305 0
2306 0
2307 6
2308 27
2309 3
2310 8
2311 4
2312 3
2313 3
2314 10
2315 3
2316 24
2317 7
2318 0
2319 1
2320 18
2321 12
2322 9
2323 0
2324 0
2325 1
2326 23
2327 37
2328 4
2329 0
2330 0
2331 0
2332 2
2333 1
2334 36
2335 47
2336 1
2337 0
2338 1
2339 10
2340 12
2341 0
2342 0
2343 0
2344 9
2345 15
2346 6
2347 12
2348 0
2349 4
2350 10
2351 16
2352 17
2353 29
2354 10
2355 1
2356 12
2357 2
2358 0
2359 0
2360 0
2361 0
2362 0
2363 21
2364 24
2365 0
2366 18
2367 17
2368 0
2369 5
2370 16
2371 14
2372 8
2373 3
2374 0
2375 9
2376 17
2377 0
2378 0
2379 1
2380 0
2381 0
2382 21
2383 14
2384 6
2385 28
2386 5
2387 22
2388 38
2389 14
2390 10
2391 27
2392 3
2393 1
2394 27
2395 8
2396 0
2397 0
2398 20
2399 0
2400 0
2401 14
2402 46
2403 2
2404 3
2405 20
2406 20
2407 13
2408 9
2409 8
2410 6
2411 14
2412 4
2413 1
2414 0
2415 5
2416 0
2417 0
2418 0
2419 13
2420 22
2421 27
2422 38
2423 4
2424 8
2425 13
2426 20
2427 26
2428 29
2429 3
2430 0
2431 5
2432 16
2433 0
2434 1
2435 8
2436 10
2437 3
2438 30
2439 1
2440 8
2441 18
2442 18
2443 7
2444 10
2445 7
2446 0
2447 0
2448 0
2449 9
2450 0
2451 0
2452 0
2453 0
2454 4
2455 4
2456 2
2457 6
2458 0
2459 8
2460 0
2461 0
2462 0
2463 0
2464 4
2465 46
2466 3
2467 0
2468 0
2469 2
2470 4
2471 3
2472 0
2473 0
2474 0
2475 0
2476 0
2477 1
2478 12
2479 0
2480 1
2481 3
2482 0
2483 3
2484 6
2485 12
2486 5
2487 14
2488 1
2489 4
2490 0
2491 0
2492 0
2493 0
2494 0
2495 9
2496 1
2497 6
2498 0
2499 9
2500 1
2501 0
2502 0
2503 16
2504 0
2505 0
2506 0
2507 0
2508 0
2509 1
2510 0
2511 0
2512 0
2513 2
2514 0
2515 0
2516 0
2517 0
2518 0
2519 0
2520 0
2521 0
2522 1
2523 5
2524 0
2525 0
2526 7
2527 4
2528 0
2529 0
2530 1
2531 0
2532 0
2533 0
2534 18
2535 21
2536 0
2537 3
2538 5
2539 0
2540 0
2541 0
2542 18
2543 1
2544 5
2545 18
2546 0
2547 0
2548 2
2549 0
2550 0
2551 0
2552 4
2553 10
2554 2
2555 0
2556 0
2557 0
2558 2
2559 2
2560 7
2561 2
2562 0
2563 5
2564 0
2565 0
2566 1
2567 0
2568 0
2569 0
2570 0
2571 0
2572 0
2573 1
2574 0
2575 5
2576 0
2577 0
2578 0
2579 0
2580 0
2581 0
2582 0
2583 0
2584 0
2585 0
2586 0
2587 0
2588 0
2589 0
2590 0
2591 0
2592 0
2593 0
2594 0
2595 0
2596 0
2597 0
2598 0
