0 36
1 0
2 3
3 0
4 10
5 21
6 0
7 1
8 0
9 2
10 10
11 35
12 5
13 22
14 52
15 16
16 41
17 9
18 4
19 98
20 0
21 13
22 5
23 0
24 0
25 26
26 1
27 1
28 2
29 6
30 1
31 4
32 0
33 21
34 2
35 40
36 0
37 7
38 6
39 5
40 14
41 3
42 0
43 3
44 52
45 0
46 3
47 1
48 3
49 40
50 23
51 8
52 41
53 33
54 34
55 3
56 5
57 29
58 0
59 3
60 10
61 0
62 35
63 6
64 6
65 90
66 11
67 32
68 17
69 3
70 7
71 7
72 2
73 1
74 34
75 60
76 2
77 30
78 59
79 63
80 7
81 1
82 29
83 14
84 4
85 1
86 33
87 85
88 80
89 4
90 0
91 1
92 5
93 32
94 7
95 0
96 7
97 40
98 9
99 48
100 1
101 4
102 28
103 32
104 6
105 13
106 44
107 14
108 39
109 38
110 3
111 15
112 19
113 0
114 28
115 17
116 42
117 6
118 5
119 18
120 0
121 15
122 78
123 20
124 5
125 0
126 5
127 9
128 12
129 22
130 10
131 19
132 8
133 0
134 3
135 73
136 36
137 162
138 12
139 13
140 56
141 50
142 8
143 7
144 0
145 5
146 42
147 9
148 54
149 34
150 14
151 0
152 0
153 17
154 13
155 23
156 0
157 13
158 145
159 16
160 0
161 11
162 0
163 24
164 0
165 33
166 47
167 24
168 15
169 8
170 70
171 36
172 17
173 0
174 51
175 112
176 66
177 11
178 20
179 0
180 73
181 6
182 151
183 73
184 31
185 26
186 124
187 120
188 57
189 7
190 12
191 1
192 0
193 0
194 1
195 0
196 57
197 38
198 6
199 50
200 46
201 35
202 13
203 62
204 45
205 86
206 136
207 33
208 17
209 0
210 99
211 2
212 12
213 35
214 0
215 75
216 3
217 18
218 22
219 103
220 25
221 86
222 79
223 65
224 132
225 65
226 58
227 14
228 0
229 10
230 3
231 1
232 0
233 0
234 0
235 11
236 0
237 0
238 42
239 148
240 4
241 153
242 87
243 14
244 88
245 19
246 39
247 2
248 21
249 15
250 10
251 3
252 6
253 0
254 0
255 16
256 224
257 70
258 9
259 2
260 0
261 0
262 3
263 40
264 7
265 16
266 3
267 11
268 7
269 0
270 22
271 48
272 12
273 0
274 9
275 5
276 6
277 0
278 8
279 40
280 4
281 0
282 15
283 145
284 3
285 3
286 0
287 13
288 13
289 9
290 115
291 23
292 169
293 62
294 2
295 33
296 43
297 17
298 23
299 10
300 27
301 26
302 39
303 27
304 156
305 47
306 38
307 74
308 0
309 31
310 25
311 36
312 61
313 6
314 5
315 49
316 46
317 55
318 123
319 2
320 21
321 26
322 5
323 14
324 0
325 1
326 9
327 5
328 2
329 1
330 4
331 33
332 8
333 66
334 81
335 71
336 6
337 31
338 106
339 59
340 0
341 2
342 0
343 0
344 5
345 3
346 18
347 3
348 68
349 19
350 31
351 125
352 21
353 3
354 0
355 0
356 2
357 34
358 0
359 38
360 39
361 105
362 138
363 3
364 0
365 0
366 10
367 21
368 43
369 50
370 22
371 10
372 11
373 15
374 9
375 11
376 28
377 0
378 9
379 30
380 32
381 0
382 35
383 2
384 25
385 48
386 0
387 1
388 39
389 50
390 68
391 51
392 87
393 2
394 49
395 20
396 91
397 27
398 0
399 62
400 4
401 32
402 17
403 0
404 48
405 40
406 85
407 62
408 14
409 1
410 8
411 16
412 28
413 122
414 79
415 4
416 15
417 27
418 5
419 22
420 7
421 4
422 46
423 50
424 68
425 31
426 22
427 6
428 39
429 0
430 99
431 5
432 0
433 14
434 1
435 4
436 79
437 116
438 161
439 55
440 79
441 80
442 33
443 125
444 21
445 18
446 14
447 3
448 59
449 19
450 0
451 24
452 47
453 74
454 90
455 16
456 50
457 115
458 67
459 0
460 4
461 79
462 60
463 37
464 40
465 34
466 5
467 57
468 38
469 86
470 108
471 0
472 71
473 42
474 0
475 24
476 6
477 9
478 6
479 13
480 11
481 17
482 23
483 5
484 61
485 21
486 33
487 47
488 20
489 85
490 21
491 15
492 86
493 167
494 16
495 34
496 0
497 11
498 92
499 29
500 28
501 29
502 23
503 9
504 4
505 30
506 49
507 0
508 5
509 137
510 12
511 0
512 59
513 101
514 42
515 66
516 33
517 24
518 2
519 22
520 109
521 93
522 5
523 20
524 21
525 0
526 0
527 9
528 37
529 10
530 5
531 13
532 71
533 73
534 11
535 64
536 61
537 12
538 9
539 51
540 8
541 16
542 8
543 62
544 64
545 4
546 36
547 0
548 47
549 3
550 28
551 6
552 69
553 67
554 94
555 91
556 18
557 10
558 24
559 45
560 13
561 37
562 15
563 2
564 1
565 1
566 0
567 11
568 6
569 2
570 9
571 53
572 34
573 19
574 8
575 50
576 15
577 23
578 26
579 17
580 7
581 0
582 3
583 25
584 41
585 38
586 31
587 9
588 67
589 125
590 4
591 3
592 28
593 3
594 3
595 10
596 0
597 5
598 68
599 96
600 72
601 139
602 26
603 24
604 0
605 11
606 30
607 32
608 63
609 21
610 49
611 21
612 75
613 44
614 111
615 77
616 66
617 1
618 6
619 2
620 12
621 2
622 21
623 9
624 10
625 88
626 0
627 108
628 76
629 62
630 89
631 14
632 22
633 14
634 31
635 17
636 40
637 3
638 23
639 43
640 7
641 36
642 37
643 98
644 20
645 75
646 44
647 5
648 5
649 0
650 0
651 28
652 37
653 17
654 18
655 0
656 14
657 7
658 77
659 58
660 4
661 37
662 2
663 54
664 10
665 4
666 0
667 37
668 3
669 18
670 30
671 69
672 8
673 0
674 12
675 0
676 51
677 72
678 46
679 31
680 87
681 69
682 3
683 20
684 11
685 28
686 9
687 0
688 2
689 0
690 76
691 45
692 31
693 0
694 9
695 15
696 13
697 7
698 6
699 25
700 18
701 21
702 32
703 2
704 10
705 63
706 98
707 32
708 3
709 47
710 3
711 0
712 8
713 5
714 0
715 6
716 33
717 132
718 53
719 45
720 118
721 28
722 13
723 1
724 19
725 12
726 31
727 17
728 20
729 42
730 27
731 63
732 9
733 25
734 37
735 16
736 0
737 33
738 81
739 84
740 34
741 21
742 2
743 13
744 62
745 0
746 0
747 0
748 51
749 20
750 140
751 4
752 53
753 14
754 49
755 3
756 21
757 10
758 22
759 78
760 40
761 10
762 32
763 13
764 97
765 31
766 26
767 26
768 0
769 16
770 87
771 12
772 7
773 0
774 22
775 39
776 24
777 24
778 23
779 3
780 0
781 7
782 24
783 9
784 32
785 16
786 59
787 38
788 0
789 84
790 9
791 9
792 18
793 49
794 42
795 0
796 46
797 60
798 27
799 17
800 7
801 0
802 15
803 0
804 3
805 2
806 88
807 38
808 23
809 67
810 34
811 7
812 24
813 34
814 7
815 1
816 0
817 0
818 13
819 66
820 67
821 66
822 34
823 49
824 10
825 29
826 12
827 58
828 34
829 21
830 17
831 32
832 35
833 47
834 49
835 14
836 35
837 13
838 0
839 6
840 0
841 5
842 4
843 0
844 17
845 30
846 33
847 53
848 39
849 8
850 55
851 2
852 39
853 10
854 3
855 32
856 9
857 49
858 49
859 7
860 7
861 23
862 44
863 13
864 21
865 25
866 8
867 23
868 11
869 6
870 10
871 3
872 1
873 4
874 0
875 1
876 8
877 89
878 0
879 26
880 110
881 79
882 14
883 11
884 0
885 5
886 7
887 5
888 25
889 130
890 12
891 13
892 28
893 12
894 15
895 27
896 14
897 29
898 8
899 5
900 0
901 0
902 12
903 139
904 63
905 14
906 61
907 86
908 61
909 3
910 6
911 48
912 2
913 3
914 17
915 59
916 2
917 23
918 54
919 13
920 54
921 70
922 22
923 6
924 10
925 0
926 6
927 23
928 0
929 1
930 34
931 100
932 36
933 101
934 44
935 79
936 13
937 11
938 50
939 18
940 64
941 28
942 0
943 6
944 52
945 0
946 27
947 2
948 0
949 50
950 35
951 2
952 27
953 65
954 21
955 97
956 119
957 23
958 15
959 42
960 20
961 2
962 12
963 39
964 46
965 10
966 30
967 26
968 30
969 80
970 31
971 3
972 27
973 58
974 20
975 37
976 6
977 4
978 148
979 18
980 120
981 128
982 21
983 13
984 84
985 65
986 21
987 4
988 0
989 2
990 4
991 10
992 14
993 95
994 44
995 12
996 26
997 6
998 14
999 26
1000 12
1001 37
1002 60
1003 1
1004 0
1005 0
1006 0
1007 55
1008 83
1009 0
1010 16
1011 8
1012 3
1013 0
1014 0
1015 1
1016 22
1017 64
1018 8
1019 62
1020 53
1021 95
1022 52
1023 26
1024 35
1025 7
1026 41
1027 101
1028 18
1029 8
1030 8
1031 52
1032 2
1033 3
1034 16
1035 28
1036 13
1037 8
1038 79
1039 53
1040 79
1041 42
1042 2
1043 28
1044 13
1045 17
1046 37
1047 25
1048 32
1049 6
1050 8
1051 0
1052 1
1053 1
1054 4
1055 11
1056 20
1057 32
1058 43
1059 69
1060 77
1061 19
1062 0
1063 6
1064 0
1065 5
1066 3
1067 23
1068 4
1069 17
1070 0
1071 10
1072 68
1073 30
1074 53
1075 5
1076 7
1077 0
1078 30
1079 6
1080 67
1081 36
1082 12
1083 25
1084 21
1085 6
1086 0
1087 5
1088 0
1089 0
1090 58
1091 91
1092 69
1093 95
1094 51
1095 7
1096 19
1097 5
1098 18
1099 97
1100 3
1101 5
1102 8
1103 16
1104 5
1105 10
1106 111
1107 99
1108 18
1109 2
1110 199
1111 49
1112 7
1113 38
1114 59
1115 6
1116 1
1117 9
1118 10
1119 76
1120 70
1121 55
1122 8
1123 3
1124 17
1125 2
1126 18
1127 1
1128 21
1129 33
1130 0
1131 0
1132 0
1133 29
1134 19
1135 8
1136 0
1137 0
1138 0
1139 48
1140 201
1141 125
1142 46
1143 0
1144 6
1145 0
1146 12
1147 0
1148 4
1149 81
1150 126
1151 11
1152 10
1153 15
1154 31
1155 101
1156 58
1157 48
1158 12
1159 6
1160 12
1161 3
1162 27
1163 0
1164 2
1165 0
1166 21
1167 33
1168 70
1169 11
1170 0
1171 2
1172 0
1173 10
1174 0
1175 7
1176 45
1177 99
1178 12
1179 80
1180 9
1181 56
1182 40
1183 72
1184 31
1185 63
1186 38
1187 25
1188 4
1189 1
1190 0
1191 34
1192 36
1193 0
1194 9
1195 3
1196 8
1197 3
1198 25
1199 32
1200 15
1201 2
1202 0
1203 79
1204 7
1205 2
1206 16
1207 1
1208 19
1209 12
1210 48
1211 58
1212 124
1213 11
1214 30
1215 68
1216 29
1217 121
1218 56
1219 11
1220 36
1221 23
1222 9
1223 22
1224 27
1225 8
1226 19
1227 8
1228 30
1229 60
1230 23
1231 0
1232 16
1233 31
1234 39
1235 114
1236 21
1237 25
1238 38
1239 2
1240 15
1241 0
1242 5
1243 44
1244 1
1245 16
1246 13
1247 40
1248 92
1249 0
1250 8
1251 54
1252 0
1253 122
1254 202
1255 30
1256 28
1257 11
1258 0
1259 5
1260 23
1261 7
1262 21
1263 19
1264 69
1265 55
1266 35
1267 7
1268 2
1269 2
1270 4
1271 12
1272 25
1273 27
1274 165
1275 77
1276 6
1277 17
1278 0
1279 0
1280 0
1281 4
1282 0
1283 0
1284 1
1285 0
1286 48
1287 92
1288 26
1289 83
1290 65
1291 72
1292 27
1293 43
1294 529
1295 176
1296 17
1297 5
1298 22
1299 64
1300 12
1301 0
1302 18
1303 28
1304 94
1305 21
1306 13
1307 58
1308 39
1309 39
1310 10
1311 36
1312 1
1313 0
1314 0
1315 80
1316 73
1317 79
1318 96
1319 92
1320 98
1321 172
1322 97
1323 13
1324 14
1325 28
1326 4
1327 10
1328 0
1329 21
1330 9
1331 29
1332 104
1333 29
1334 8
1335 23
1336 24
1337 71
1338 51
1339 183
1340 238
1341 39
1342 14
1343 59
1344 73
1345 16
1346 13
1347 8
1348 6
1349 19
1350 91
1351 7
1352 3
1353 84
1354 11
1355 40
1356 43
1357 11
1358 14
1359 45
1360 8
1361 0
1362 0
1363 37
1364 127
1365 149
1366 35
1367 41
1368 46
1369 97
1370 72
1371 71
1372 1
1373 10
1374 1
1375 1
1376 4
1377 7
1378 26
1379 100
1380 113
1381 14
1382 16
1383 19
1384 44
1385 21
1386 58
1387 182
1388 57
1389 6
1390 62
1391 57
1392 0
1393 13
1394 8
1395 29
1396 34
1397 24
1398 1
1399 10
1400 65
1401 38
1402 40
1403 44
1404 35
1405 20
1406 17
1407 50
1408 50
1409 59
1410 50
1411 17
1412 17
1413 0
1414 10
1415 5
1416 48
1417 65
1418 36
1419 104
1420 42
1421 123
1422 29
1423 0
1424 10
1425 3
1426 10
1427 43
1428 140
1429 0
1430 107
1431 141
1432 102
1433 45
1434 50
1435 60
1436 49
1437 106
1438 0
1439 0
1440 0
1441 26
1442 184
1443 33
1444 29
1445 68
1446 100
1447 23
1448 28
1449 14
1450 0
1451 103
1452 18
1453 58
1454 39
1455 7
1456 30
1457 113
1458 3
1459 0
1460 35
1461 20
1462 12
1463 18
1464 0
1465 19
1466 32
1467 30
1468 9
1469 10
1470 4
1471 0
1472 5
1473 7
1474 0
1475 39
1476 174
1477 291
1478 122
1479 98
1480 114
1481 94
1482 26
1483 78
1484 56
1485 0
1486 15
1487 6
1488 50
1489 0
1490 195
1491 46
1492 31
1493 48
1494 64
1495 13
1496 89
1497 108
1498 13
1499 39
1500 0
1501 15
1502 29
1503 11
1504 45
1505 88
1506 13
1507 29
1508 83
1509 17
1510 32
1511 5
1512 6
1513 17
1514 119
1515 38
1516 20
1517 4
1518 0
1519 0
1520 1
1521 5
1522 5
1523 4
1524 47
1525 162
1526 113
1527 358
1528 259
1529 167
1530 64
1531 2
1532 0
1533 100
1534 8
1535 53
1536 30
1537 32
1538 63
1539 40
1540 5
1541 46
1542 10
1543 35
1544 197
1545 100
1546 132
1547 54
1548 17
1549 42
1550 78
1551 21
1552 19
1553 34
1554 16
1555 21
1556 106
1557 182
1558 20
1559 27
1560 37
1561 134
1562 70
1563 71
1564 1
1565 0
1566 34
1567 33
1568 89
1569 1
1570 0
1571 16
1572 256
1573 488
1574 160
1575 16
1576 170
1577 72
1578 54
1579 113
1580 141
1581 48
1582 63
1583 50
1584 32
1585 10
1586 1
1587 30
1588 83
1589 11
1590 162
1591 53
1592 42
1593 42
1594 47
1595 127
1596 95
1597 12
1598 5
1599 13
1600 119
1601 41
1602 118
1603 17
1604 9
1605 1
1606 6
1607 16
1608 0
1609 2
1610 3
1611 0
1612 34
1613 48
1614 24
1615 0
1616 0
1617 206
1618 175
1619 301
1620 137
1621 221
1622 165
1623 70
1624 49
1625 8
1626 145
1627 75
1628 34
1629 80
1630 47
1631 36
1632 51
1633 37
1634 0
1635 20
1636 23
1637 38
1638 37
1639 45
1640 76
1641 12
1642 2
1643 4
1644 7
1645 144
1646 243
1647 47
1648 83
1649 37
1650 27
1651 91
1652 206
1653 9
1654 28
1655 88
1656 0
1657 25
1658 44
1659 64
1660 35
1661 42
1662 40
1663 9
1664 45
1665 69
1666 51
1667 110
1668 102
1669 2
1670 20
1671 21
1672 0
1673 5
1674 0
1675 2
1676 2
1677 240
1678 165
1679 137
1680 139
1681 51
1682 73
1683 76
1684 43
1685 101
1686 59
1687 24
1688 33
1689 52
1690 20
1691 51
1692 15
1693 37
1694 50
1695 0
1696 16
1697 5
1698 12
1699 14
1700 8
1701 0
1702 10
1703 38
1704 0
1705 1
1706 7
1707 27
1708 0
1709 43
1710 227
1711 70
1712 45
1713 0
1714 27
1715 102
1716 61
1717 50
1718 13
1719 21
1720 3
1721 37
1722 8
1723 8
1724 13
1725 11
1726 29
1727 24
1728 76
1729 67
1730 5
1731 10
1732 3
1733 28
1734 12
1735 0
1736 21
1737 52
1738 82
1739 79
1740 56
1741 18
1742 75
1743 11
1744 35
1745 52
1746 26
1747 3
1748 7
1749 13
1750 18
1751 52
1752 82
1753 0
1754 7
1755 25
1756 13
1757 20
1758 33
1759 0
1760 1
1761 79
1762 22
1763 36
1764 40
1765 39
1766 19
1767 0
1768 46
1769 1
1770 8
1771 24
1772 39
1773 75
1774 32
1775 27
1776 27
1777 39
1778 74
1779 1
1780 15
1781 0
1782 47
1783 4
1784 16
1785 25
1786 3
1787 0
1788 25
1789 11
1790 41
1791 2
1792 53
1793 23
1794 6
1795 0
1796 9
1797 95
1798 89
1799 174
1800 141
1801 43
1802 55
1803 14
1804 34
1805 134
1806 122
1807 23
1808 39
1809 0
1810 44
1811 22
1812 19
1813 17
1814 15
1815 17
1816 11
1817 3
1818 21
1819 5
1820 40
1821 23
1822 24
1823 23
1824 88
1825 40
1826 10
1827 29
1828 40
1829 79
1830 5
1831 58
1832 18
1833 63
1834 10
1835 0
1836 30
1837 8
1838 26
1839 13
1840 19
1841 24
1842 11
1843 30
1844 103
1845 66
1846 21
1847 28
1848 60
1849 105
1850 10
1851 6
1852 14
1853 45
1854 15
1855 48
1856 37
1857 10
1858 81
1859 109
1860 36
1861 60
1862 68
1863 5
1864 31
1865 11
1866 26
1867 262
1868 57
1869 29
1870 7
1871 34
1872 106
1873 63
1874 16
1875 7
1876 11
1877 30
1878 32
1879 21
1880 2
1881 70
1882 97
1883 116
1884 64
1885 28
1886 10
1887 14
1888 2
1889 0
1890 62
1891 17
1892 35
1893 40
1894 163
1895 174
1896 64
1897 20
1898 14
1899 15
1900 80
1901 51
1902 0
1903 109
1904 30
1905 43
1906 39
1907 47
1908 28
1909 36
1910 33
1911 44
1912 81
1913 41
1914 9
1915 3
1916 7
1917 58
1918 26
1919 63
1920 25
1921 50
1922 9
1923 48
1924 44
1925 47
1926 10
1927 9
1928 10
1929 12
1930 23
1931 42
1932 17
1933 6
1934 23
1935 49
1936 58
1937 10
1938 6
1939 14
1940 60
1941 46
1942 127
1943 103
1944 20
1945 19
1946 24
1947 3
1948 21
1949 23
1950 18
1951 58
1952 40
1953 64
1954 37
1955 98
1956 19
1957 34
1958 47
1959 28
1960 17
1961 8
1962 1
1963 10
1964 106
1965 119
1966 7
1967 64
1968 99
1969 42
1970 25
1971 46
1972 88
1973 13
1974 23
1975 62
1976 0
1977 0
1978 6
1979 2
1980 55
1981 101
1982 39
1983 10
1984 19
1985 89
1986 39
1987 5
1988 6
1989 64
1990 35
1991 41
1992 40
1993 19
1994 37
1995 80
1996 134
1997 56
1998 25
1999 54
2000 57
2001 4
2002 0
2003 33
2004 93
2005 45
2006 20
2007 34
2008 22
2009 36
2010 39
2011 48
2012 10
2013 8
2014 62
2015 49
2016 85
2017 106
2018 9
2019 79
2020 27
2021 21
2022 20
2023 86
2024 133
2025 4
2026 30
2027 27
2028 28
2029 16
2030 49
2031 73
2032 0
2033 14
2034 44
2035 69
2036 103
2037 43
2038 32
2039 23
2040 20
2041 11
2042 22
2043 70
2044 17
2045 26
2046 0
2047 25
2048 79
2049 99
2050 0
2051 66
2052 6
2053 8
2054 44
2055 144
2056 21
2057 29
2058 27
2059 35
2060 30
2061 62
2062 39
2063 37
2064 12
2065 7
2066 67
2067 48
2068 2
2069 63
2070 18
2071 38
2072 79
2073 68
2074 37
2075 51
2076 68
2077 18
2078 0
2079 10
2080 47
2081 92
2082 74
2083 44
2084 31
2085 29
2086 53
2087 42
2088 62
2089 55
2090 41
2091 26
2092 17
2093 23
2094 37
2095 135
2096 0
2097 152
2098 73
2099 41
2100 19
2101 9
2102 2
2103 97
2104 97
2105 49
2106 2
2107 0
2108 17
2109 13
2110 0
2111 49
2112 74
2113 0
2114 27
2115 46
2116 35
2117 26
2118 83
2119 98
2120 21
2121 19
2122 5
2123 7
2124 74
2125 9
2126 49
2127 58
2128 77
2129 24
2130 34
2131 88
2132 101
2133 11
2134 0
2135 0
2136 0
2137 58
2138 107
2139 25
2140 9
2141 1
2142 1
2143 2
2144 68
2145 77
2146 28
2147 13
2148 105
2149 46
2150 125
2151 18
2152 65
2153 87
2154 69
2155 19
2156 4
2157 7
2158 4
2159 31
2160 98
2161 93
2162 0
2163 2
2164 13
2165 74
2166 39
2167 30
2168 17
2169 46
2170 17
2171 9
2172 47
2173 36
2174 2
2175 19
2176 1
2177 51
2178 8
2179 16
2180 11
2181 26
2182 16
2183 31
2184 13
2185 0
2186 0
2187 54
2188 23
2189 20
2190 60
2191 49
2192 21
2193 66
2194 9
2195 2
2196 1
2197 10
2198 6
2199 31
2200 20
2201 33
2202 44
2203 69
2204 11
2205 68
2206 75
2207 19
2208 2
2209 29
2210 25
2211 58
2212 110
2213 95
2214 15
2215 19
2216 1
2217 8
2218 2
2219 9
2220 41
2221 2
2222 2
2223 16
2224 47
2225 11
2226 7
2227 71
2228 58
2229 57
2230 70
2231 7
2232 24
2233 0
2234 1
2235 8
2236 4
2237 27
2238 7
2239 0
2240 0
2241 8
2242 2
2243 83
2244 0
2245 0
2246 16
2247 64
2248 116
2249 17
2250 79
2251 0
2252 13
2253 32
2254 92
2255 40
2256 54
2257 18
2258 3
2259 10
2260 64
2261 11
2262 6
2263 2
2264 2
2265 23
2266 109
2267 0
2268 72
2269 93
2270 106
2271 59
2272 2
2273 9
2274 123
2275 92
2276 38
2277 96
2278 24
2279 6
2280 5
2281 73
2282 102
2283 10
2284 0
2285 6
2286 53
2287 14
2288 20
2289 22
2290 84
2291 130
2292 10
2293 2
2294 90
2295 86
2296 21
2297 41
2298 27
2299 2
2300 38
2301 57
2302 32
2303 1
2304 16
2305 6
2306 11
2307 31
2308 83
2309 31
2310 21
2311 29
2312 20
2313 18
2314 41
2315 23
2316 105
2317 41
2318 0
2319 13
2320 79
2321 55
2322 44
2323 0
2324 1
2325 10
2326 93
2327 146
2328 32
2329 6
2330 10
2331 4
2332 20
2333 18
2334 154
2335 180
2336 20
2337 3
2338 24
2339 51
2340 45
2341 14
2342 0
2343 0
2344 33
2345 63
2346 30
2347 58
2348 8
2349 31
2350 45
2351 70
2352 59
2353 97
2354 53
2355 13
2356 41
2357 14
2358 5
2359 0
2360 2
2361 1
2362 1
2363 91
2364 75
2365 0
2366 67
2367 58
2368 11
2369 38
2370 68
2371 43
2372 37
2373 21
2374 2
2375 41
2376 62
2377 0
2378 0
2379 9
2380 13
2381 3
2382 77
2383 40
2384 26
2385 115
2386 28
2387 72
2388 137
2389 80
2390 47
2391 92
2392 12
2393 11
2394 79
2395 33
2396 10
2397 0
2398 69
2399 0
2400 7
2401 49
2402 189
2403 13
2404 24
2405 59
2406 85
2407 62
2408 32
2409 45
2410 32
2411 70
2412 47
2413 8
2414 0
2415 22
2416 5
2417 17
2418 2
2419 58
2420 95
2421 75
2422 161
2423 23
2424 43
2425 45
2426 68
2427 89
2428 114
2429 18
2430 0
2431 25
2432 60
2433 0
2434 10
2435 31
2436 30
2437 16
2438 104
2439 10
2440 43
2441 93
2442 94
2443 37
2444 42
2445 47
2446 7
2447 0
2448 1
2449 40
2450 4
2451 11
2452 6
2453 4
2454 31
2455 29
2456 44
2457 47
2458 7
2459 28
2460 7
2461 3
2462 0
2463 4
2464 23
2465 169
2466 24
2467 0
2468 14
2469 13
2470 0
2471 15
2472 15
2473 3
2474 0
2475 0
2476 0
2477 8
2478 42
2479 2
2480 12
2481 22
2482 8
2483 19
2484 28
2485 40
2486 19
2487 60
2488 8
2489 14
2490 2
2491 0
2492 0
2493 0
2494 20
2495 31
2496 10
2497 21
2498 4
2499 25
2500 15
2501 11
2502 16
2503 77
2504 3
2505 1
2506 4
2507 2
2508 0
2509 13
2510 9
2511 14
2512 9
2513 21
2514 0
2515 0
2516 5
2517 0
2518 0
2519 2
2520 8
2521 4
2522 9
2523 25
2524 1
2525 0
2526 43
2527 20
2528 0
2529 8
2530 13
2531 0
2532 3
2533 2
2534 61
2535 74
2536 10
2537 0
2538 32
2539 5
2540 0
2541 5
2542 91
2543 22
2544 30
2545 73
2546 6
2547 4
2548 22
2549 10
2550 6
2551 3
2552 29
2553 50
2554 18
2555 0
2556 0
2557 4
2558 0
2559 10
2560 38
2561 32
2562 10
2563 26
2564 6
2565 10
2566 15
2567 7
2568 7
2569 3
2570 7
2571 6
2572 0
2573 16
2574 0
2575 30
2576 1
2577 0
2578 1
2579 0
2580 0
2581 0
2582 0
2583 0
2584 0
2585 0
2586 0
2587 0
2588 0
2589 0
2590 0
2591 0
2592 0
2593 0
2594 0
2595 0
2596 0
2597 0
2598 0
