0 4
1 0
2 0
3 0
4 1
5 2
6 0
7 0
8 0
9 0
10 1
11 3
12 0
13 2
14 6
15 2
16 5
17 0
18 0
19 11
20 0
21 1
22 0
23 7
24 0
25 2
26 0
27 0
28 0
29 0
30 0
31 0
32 0
33 2
34 0
35 4
36 0
37 1
38 0
39 0
40 1
41 0
42 0
43 0
44 6
45 0
46 0
47 0
48 0
49 5
50 2
51 0
52 4
53 4
54 4
55 0
56 0
57 3
58 4
59 0
60 1
61 5
62 4
63 0
64 0
65 11
66 1
67 4
68 2
69 0
70 0
71 0
72 0
73 0
74 4
75 7
76 0
77 3
78 8
79 7
80 0
81 0
82 3
83 1
84 0
85 0
86 3
87 11
88 10
89 0
90 0
91 0
92 0
93 3
94 1
95 0
96 0
97 5
98 1
99 6
100 0
101 0
102 3
103 4
104 0
105 1
106 5
107 1
108 5
109 4
110 0
111 1
112 2
113 1
114 3
115 1
116 5
117 0
118 0
119 2
120 0
121 2
122 10
123 2
124 1
125 0
126 0
127 0
128 1
129 2
130 1
131 2
132 0
133 0
134 0
135 8
136 4
137 20
138 1
139 1
140 7
141 6
142 1
143 1
144 0
145 0
146 5
147 0
148 6
149 4
150 1
151 0
152 0
153 2
154 1
155 2
156 1
157 1
158 17
159 2
160 1
161 1
162 0
163 2
164 2
165 3
166 6
167 3
168 1
169 1
170 8
171 4
172 1
173 1
174 6
175 13
176 8
177 1
178 2
179 0
180 7
181 0
182 19
183 10
184 4
185 3
186 15
187 14
188 6
189 0
190 1
191 0
192 0
193 0
194 0
195 0
196 7
197 4
198 0
199 6
200 5
201 4
202 1
203 7
204 4
205 11
206 16
207 4
208 2
209 0
210 11
211 0
212 1
213 3
214 0
215 9
216 0
217 2
218 2
219 13
220 3
221 10
222 10
223 9
224 16
225 8
226 7
227 1
228 0
229 1
230 0
231 0
232 0
233 0
234 0
235 1
236 0
237 0
238 4
239 19
240 0
241 18
242 10
243 1
244 11
245 2
246 4
247 0
248 2
249 2
250 1
251 0
252 0
253 0
254 0
255 1
256 27
257 8
258 1
259 0
260 0
261 0
262 0
263 4
264 0
265 1
266 0
267 1
268 0
269 0
270 2
271 6
272 1
273 0
274 0
275 0
276 0
277 0
278 1
279 4
280 0
281 0
282 2
283 17
284 0
285 0
286 1
287 1
288 1
289 1
290 14
291 3
292 21
293 7
294 0
295 4
296 5
297 2
298 2
299 1
300 3
301 2
302 4
303 3
304 18
305 5
306 4
307 8
308 0
309 5
310 3
311 5
312 6
313 1
314 1
315 6
316 5
317 7
318 14
319 0
320 2
321 3
322 0
323 1
324 0
325 0
326 1
327 0
328 0
329 0
330 0
331 4
332 1
333 7
334 10
335 9
336 1
337 3
338 12
339 7
340 0
341 0
342 0
343 0
344 0
345 0
346 2
347 0
348 7
349 2
350 3
351 14
352 2
353 0
354 0
355 0
356 0
357 3
358 0
359 4
360 4
361 12
362 17
363 0
364 0
365 0
366 1
367 2
368 4
369 6
370 2
371 1
372 1
373 2
374 0
375 1
376 3
377 0
378 0
379 3
380 3
381 0
382 3
383 0
384 3
385 5
386 0
387 0
388 4
389 6
390 10
391 6
392 11
393 0
394 6
395 2
396 11
397 3
398 0
399 7
400 0
401 3
402 1
403 2
404 5
405 4
406 10
407 8
408 2
409 0
410 0
411 1
412 3
413 14
414 9
415 0
416 1
417 3
418 0
419 2
420 1
421 0
422 6
423 6
424 8
425 3
426 2
427 1
428 4
429 0
430 11
431 0
432 1
433 2
434 0
435 0
436 10
437 14
438 19
439 7
440 11
441 9
442 4
443 15
444 2
445 2
446 1
447 0
448 7
449 2
450 5
451 3
452 5
453 9
454 10
455 1
456 6
457 13
458 8
459 0
460 0
461 10
462 7
463 4
464 4
465 3
466 0
467 7
468 4
469 10
470 11
471 13
472 8
473 4
474 9
475 3
476 0
477 1
478 0
479 1
480 1
481 2
482 2
483 0
484 7
485 2
486 4
487 6
488 2
489 11
490 2
491 1
492 11
493 20
494 1
495 4
496 2
497 1
498 11
499 3
500 3
501 3
502 2
503 1
504 0
505 3
506 6
507 0
508 0
509 17
510 1
511 2
512 7
513 13
514 4
515 8
516 4
517 2
518 0
519 3
520 13
521 11
522 0
523 2
524 2
525 0
526 0
527 1
528 4
529 1
530 0
531 1
532 9
533 8
534 1
535 7
536 7
537 1
538 1
539 6
540 1
541 2
542 0
543 7
544 8
545 0
546 4
547 0
548 6
549 0
550 3
551 0
552 8
553 8
554 12
555 11
556 2
557 1
558 3
559 5
560 1
561 4
562 1
563 0
564 0
565 0
566 0
567 1
568 0
569 0
570 1
571 5
572 3
573 2
574 0
575 6
576 1
577 2
578 3
579 2
580 0
581 0
582 0
583 2
584 5
585 4
586 3
587 1
588 7
589 16
590 0
591 0
592 3
593 0
594 0
595 1
596 1
597 0
598 8
599 12
600 8
601 18
602 3
603 2
604 1
605 1
606 3
607 4
608 7
609 2
610 5
611 3
612 8
613 5
614 13
615 9
616 8
617 0
618 0
619 0
620 1
621 0
622 2
623 1
624 1
625 11
626 5
627 13
628 8
629 7
630 10
631 1
632 2
633 2
634 3
635 1
636 5
637 0
638 2
639 5
640 0
641 5
642 4
643 11
644 2
645 9
646 5
647 0
648 0
649 0
650 0
651 3
652 4
653 2
654 1
655 2
656 1
657 0
658 9
659 7
660 0
661 4
662 0
663 6
664 1
665 0
666 5
667 4
668 0
669 2
670 3
671 8
672 1
673 0
674 1
675 0
676 6
677 8
678 6
679 3
680 9
681 8
682 0
683 2
684 1
685 3
686 1
687 0
688 0
689 2
690 10
691 6
692 3
693 0
694 1
695 1
696 1
697 0
698 0
699 3
700 2
701 2
702 4
703 0
704 1
705 7
706 11
707 4
708 0
709 5
710 0
711 0
712 0
713 0
714 0
715 0
716 3
717 15
718 7
719 6
720 14
721 3
722 1
723 0
724 2
725 1
726 3
727 2
728 2
729 5
730 3
731 7
732 1
733 3
734 4
735 1
736 5
737 3
738 9
739 10
740 3
741 2
742 0
743 1
744 7
745 0
746 0
747 0
748 6
749 2
750 15
751 0
752 7
753 1
754 5
755 0
756 2
757 1
758 2
759 8
760 4
761 1
762 4
763 1
764 12
765 3
766 3
767 2
768 0
769 1
770 12
771 1
772 0
773 0
774 2
775 4
776 2
777 2
778 2
779 0
780 0
781 0
782 2
783 1
784 4
785 2
786 6
787 4
788 0
789 9
790 1
791 1
792 2
793 5
794 5
795 0
796 5
797 7
798 3
799 1
800 0
801 0
802 1
803 0
804 0
805 0
806 11
807 4
808 2
809 7
810 4
811 1
812 3
813 3
814 0
815 0
816 0
817 0
818 1
819 8
820 8
821 9
822 3
823 4
824 0
825 3
826 1
827 6
828 4
829 2
830 2
831 3
832 4
833 5
834 5
835 2
836 3
837 1
838 1
839 0
840 0
841 0
842 0
843 0
844 2
845 3
846 4
847 7
848 4
849 1
850 5
851 0
852 4
853 1
854 0
855 3
856 1
857 6
858 6
859 1
860 1
861 2
862 5
863 1
864 1
865 3
866 1
867 3
868 0
869 0
870 1
871 0
872 0
873 0
874 0
875 0
876 0
877 10
878 4
879 3
880 13
881 8
882 1
883 1
884 4
885 0
886 1
887 0
888 3
889 16
890 1
891 1
892 3
893 1
894 1
895 2
896 1
897 3
898 0
899 0
900 0
901 0
902 1
903 17
904 7
905 1
906 7
907 10
908 7
909 0
910 0
911 5
912 0
913 0
914 1
915 6
916 0
917 2
918 6
919 1
920 6
921 8
922 2
923 0
924 1
925 0
926 1
927 3
928 0
929 0
930 3
931 13
932 3
933 13
934 6
935 9
936 1
937 1
938 5
939 2
940 8
941 3
942 0
943 0
944 7
945 9
946 2
947 0
948 0
949 6
950 4
951 0
952 3
953 6
954 3
955 12
956 14
957 2
958 1
959 4
960 2
961 0
962 1
963 4
964 4
965 1
966 3
967 2
968 3
969 9
970 3
971 0
972 3
973 7
974 2
975 4
976 0
977 0
978 17
979 2
980 15
981 16
982 2
983 1
984 9
985 7
986 2
987 0
988 0
989 0
990 0
991 1
992 1
993 11
994 5
995 1
996 3
997 1
998 1
999 3
1000 1
1001 4
1002 7
1003 0
1004 0
1005 0
1006 0
1007 6
1008 11
1009 0
1010 1
1011 1
1012 0
1013 0
1014 0
1015 0
1016 3
1017 9
1018 0
1019 7
1020 5
1021 9
1022 7
1023 2
1024 3
1025 0
1026 5
1027 13
1028 2
1029 0
1030 1
1031 6
1032 0
1033 0
1034 2
1035 4
1036 2
1037 1
1038 10
1039 6
1040 9
1041 5
1042 0
1043 3
1044 1
1045 2
1046 4
1047 3
1048 4
1049 0
1050 0
1051 0
1052 0
1053 0
1054 0
1055 1
1056 2
1057 3
1058 5
1059 9
1060 9
1061 2
1062 0
1063 0
1064 0
1065 0
1066 0
1067 2
1068 0
1069 2
1070 2
1071 1
1072 8
1073 3
1074 6
1075 0
1076 1
1077 0
1078 4
1079 0
1080 7
1081 4
1082 1
1083 3
1084 2
1085 1
1086 0
1087 0
1088 0
1089 0
1090 6
1091 11
1092 8
1093 12
1094 5
1095 0
1096 2
1097 0
1098 2
1099 13
1100 0
1101 0
1102 1
1103 2
1104 0
1105 1
1106 12
1107 12
1108 2
1109 0
1110 23
1111 6
1112 0
1113 4
1114 8
1115 0
1116 0
1117 1
1118 1
1119 9
1120 8
1121 7
1122 1
1123 0
1124 2
1125 0
1126 2
1127 0
1128 3
1129 4
1130 0
1131 0
1132 0
1133 3
1134 2
1135 1
1136 0
1137 0
1138 0
1139 6
1140 26
1141 15
1142 5
1143 0
1144 0
1145 0
1146 1
1147 0
1148 0
1149 9
1150 15
1151 1
1152 1
1153 2
1154 3
1155 12
1156 7
1157 6
1158 1
1159 0
1160 1
1161 0
1162 3
1163 0
1164 0
1165 0
1166 2
1167 3
1168 8
1169 1
1170 8
1171 0
1172 0
1173 1
1174 0
1175 0
1176 5
1177 12
1178 1
1179 10
1180 0
1181 7
1182 5
1183 9
1184 3
1185 7
1186 4
1187 2
1188 0
1189 0
1190 0
1191 4
1192 4
1193 0
1194 1
1195 0
1196 1
1197 0
1198 3
1199 3
1200 1
1201 0
1202 0
1203 10
1204 0
1205 0
1206 1
1207 0
1208 2
1209 1
1210 6
1211 6
1212 14
1213 1
1214 3
1215 8
1216 3
1217 15
1218 7
1219 1
1220 4
1221 2
1222 1
1223 3
1224 3
1225 0
1226 2
1227 0
1228 3
1229 6
1230 2
1231 0
1232 2
1233 3
1234 4
1235 13
1236 2
1237 3
1238 4
1239 0
1240 1
1241 0
1242 0
1243 5
1244 0
1245 2
1246 1
1247 5
1248 11
1249 17
1250 1
1251 7
1252 12
1253 15
1254 24
1255 3
1256 2
1257 1
1258 7
1259 0
1260 2
1261 1
1262 2
1263 3
1264 8
1265 6
1266 3
1267 1
1268 0
1269 0
1270 0
1271 1
1272 3
1273 3
1274 20
1275 9
1276 0
1277 1
1278 1
1279 2
1280 0
1281 0
1282 0
1283 0
1284 0
1285 0
1286 5
1287 11
1288 3
1289 8
1290 7
1291 7
1292 4
1293 4
1294 63
1295 22
1296 2
1297 0
1298 2
1299 7
1300 1
1301 0
1302 1
1303 3
1304 11
1305 2
1306 1
1307 6
1308 5
1309 4
1310 0
1311 3
1312 0
1313 0
1314 0
1315 10
1316 9
1317 9
1318 12
1319 11
1320 11
1321 20
1322 11
1323 1
1324 1
1325 3
1326 0
1327 1
1328 0
1329 2
1330 1
1331 3
1332 13
1333 3
1334 1
1335 2
1336 2
1337 8
1338 6
1339 21
1340 28
1341 4
1342 1
1343 7
1344 9
1345 1
1346 1
1347 1
1348 0
1349 1
1350 11
1351 1
1352 0
1353 10
1354 1
1355 5
1356 5
1357 1
1358 1
1359 6
1360 0
1361 0
1362 0
1363 4
1364 15
1365 18
1366 3
1367 5
1368 5
1369 12
1370 8
1371 8
1372 0
1373 1
1374 0
1375 0
1376 0
1377 0
1378 3
1379 12
1380 12
1381 1
1382 2
1383 2
1384 5
1385 2
1386 8
1387 21
1388 6
1389 1
1390 7
1391 6
1392 1
1393 1
1394 1
1395 3
1396 3
1397 2
1398 0
1399 1
1400 7
1401 5
1402 4
1403 5
1404 4
1405 1
1406 2
1407 6
1408 5
1409 7
1410 5
1411 2
1412 2
1413 0
1414 1
1415 0
1416 5
1417 7
1418 5
1419 12
1420 5
1421 15
1422 3
1423 0
1424 1
1425 0
1426 1
1427 5
1428 16
1429 22
1430 13
1431 18
1432 13
1433 5
1434 5
1435 8
1436 5
1437 12
1438 0
1439 0
1440 3
1441 3
1442 20
1443 3
1444 3
1445 8
1446 11
1447 2
1448 3
1449 1
1450 1
1451 13
1452 2
1453 7
1454 4
1455 0
1456 3
1457 14
1458 0
1459 14
1460 4
1461 2
1462 1
1463 2
1464 0
1465 2
1466 4
1467 3
1468 1
1469 0
1470 0
1471 0
1472 0
1473 0
1474 0
1475 4
1476 20
1477 37
1478 14
1479 11
1480 15
1481 13
1482 2
1483 9
1484 6
1485 0
1486 2
1487 0
1488 6
1489 5
1490 23
1491 6
1492 3
1493 6
1494 6
1495 1
1496 10
1497 13
1498 1
1499 4
1500 8
1501 2
1502 3
1503 1
1504 6
1505 11
1506 1
1507 3
1508 9
1509 2
1510 3
1511 0
1512 0
1513 1
1514 14
1515 4
1516 2
1517 0
1518 0
1519 0
1520 0
1521 0
1522 0
1523 0
1524 5
1525 21
1526 14
1527 41
1528 30
1529 20
1530 7
1531 0
1532 3
1533 11
1534 1
1535 6
1536 4
1537 4
1538 7
1539 5
1540 0
1541 5
1542 1
1543 3
1544 22
1545 12
1546 15
1547 7
1548 2
1549 5
1550 10
1551 2
1552 2
1553 4
1554 2
1555 2
1556 13
1557 23
1558 2
1559 2
1560 4
1561 14
1562 9
1563 8
1564 0
1565 0
1566 4
1567 4
1568 11
1569 0
1570 0
1571 2
1572 29
1573 60
1574 20
1575 2
1576 19
1577 9
1578 6
1579 14
1580 17
1581 6
1582 7
1583 6
1584 4
1585 1
1586 0
1587 2
1588 10
1589 1
1590 20
1591 7
1592 5
1593 5
1594 5
1595 16
1596 11
1597 1
1598 0
1599 1
1600 14
1601 5
1602 15
1603 2
1604 1
1605 0
1606 0
1607 2
1608 0
1609 0
1610 0
1611 0
1612 4
1613 5
1614 2
1615 0
1616 7
1617 26
1618 20
1619 37
1620 16
1621 26
1622 22
1623 8
1624 6
1625 1
1626 17
1627 9
1628 4
1629 10
1630 6
1631 4
1632 6
1633 4
1634 8
1635 2
1636 2
1637 4
1638 4
1639 4
1640 9
1641 2
1642 0
1643 0
1644 0
1645 16
1646 28
1647 5
1648 10
1649 4
1650 3
1651 10
1652 25
1653 1
1654 3
1655 11
1656 12
1657 3
1658 5
1659 8
1660 4
1661 5
1662 5
1663 1
1664 5
1665 8
1666 6
1667 13
1668 12
1669 0
1670 2
1671 3
1672 0
1673 0
1674 0
1675 0
1676 0
1677 29
1678 19
1679 15
1680 16
1681 6
1682 9
1683 9
1684 5
1685 12
1686 7
1687 3
1688 4
1689 6
1690 2
1691 6
1692 1
1693 4
1694 5
1695 0
1696 3
1697 0
1698 1
1699 2
1700 0
1701 14
1702 1
1703 4
1704 0
1705 0
1706 1
1707 3
1708 0
1709 5
1710 27
1711 8
1712 5
1713 4
1714 4
1715 12
1716 8
1717 6
1718 1
1719 3
1720 0
1721 4
1722 1
1723 1
1724 1
1725 1
1726 4
1727 2
1728 10
1729 8
1730 0
1731 1
1732 0
1733 3
1734 1
1735 0
1736 2
1737 6
1738 10
1739 10
1740 5
1741 2
1742 8
1743 1
1744 4
1745 7
1746 3
1747 0
1748 0
1749 1
1750 2
1751 6
1752 9
1753 1
1754 0
1755 2
1756 1
1757 2
1758 3
1759 0
1760 0
1761 9
1762 3
1763 3
1764 4
1765 5
1766 2
1767 10
1768 5
1769 0
1770 1
1771 2
1772 5
1773 9
1774 4
1775 3
1776 3
1777 5
1778 9
1779 0
1780 1
1781 0
1782 5
1783 0
1784 1
1785 2
1786 0
1787 6
1788 3
1789 1
1790 4
1791 0
1792 6
1793 3
1794 0
1795 0
1796 1
1797 12
1798 10
1799 21
1800 17
1801 5
1802 6
1803 1
1804 3
1805 16
1806 16
1807 3
1808 4
1809 0
1810 5
1811 2
1812 1
1813 2
1814 1
1815 2
1816 1
1817 0
1818 2
1819 0
1820 5
1821 3
1822 2
1823 3
1824 12
1825 4
1826 1
1827 4
1828 5
1829 8
1830 0
1831 7
1832 2
1833 7
1834 1
1835 9
1836 3
1837 0
1838 3
1839 1
1840 2
1841 2
1842 1
1843 4
1844 12
1845 8
1846 2
1847 3
1848 7
1849 13
1850 1
1851 1
1852 1
1853 5
1854 2
1855 6
1856 3
1857 1
1858 10
1859 12
1860 3
1861 8
1862 8
1863 0
1864 3
1865 1
1866 3
1867 32
1868 7
1869 4
1870 0
1871 4
1872 14
1873 7
1874 2
1875 0
1876 1
1877 3
1878 4
1879 3
1880 0
1881 7
1882 12
1883 14
1884 8
1885 3
1886 1
1887 1
1888 0
1889 6
1890 7
1891 2
1892 4
1893 5
1894 21
1895 21
1896 8
1897 2
1898 1
1899 1
1900 9
1901 6
1902 1
1903 13
1904 4
1905 6
1906 4
1907 6
1908 3
1909 4
1910 3
1911 5
1912 10
1913 5
1914 1
1915 0
1916 0
1917 6
1918 3
1919 7
1920 2
1921 5
1922 0
1923 6
1924 5
1925 6
1926 1
1927 1
1928 1
1929 1
1930 3
1931 5
1932 2
1933 0
1934 2
1935 5
1936 7
1937 1
1938 0
1939 1
1940 7
1941 6
1942 15
1943 11
1944 1
1945 2
1946 2
1947 0
1948 3
1949 2
1950 2
1951 7
1952 4
1953 7
1954 4
1955 11
1956 1
1957 4
1958 6
1959 3
1960 2
1961 0
1962 0
1963 1
1964 12
1965 13
1966 1
1967 7
1968 12
1969 5
1970 2
1971 5
1972 11
1973 1
1974 3
1975 6
1976 2
1977 0
1978 0
1979 0
1980 6
1981 11
1982 5
1983 1
1984 2
1985 11
1986 5
1987 0
1988 0
1989 8
1990 4
1991 5
1992 4
1993 2
1994 5
1995 11
1996 17
1997 6
1998 3
1999 7
2000 7
2001 0
2002 1
2003 3
2004 11
2005 5
2006 2
2007 4
2008 2
2009 4
2010 5
2011 6
2012 1
2013 1
2014 7
2015 5
2016 10
2017 14
2018 0
2019 10
2020 3
2021 2
2022 2
2023 9
2024 15
2025 0
2026 3
2027 3
2028 3
2029 2
2030 6
2031 8
2032 6
2033 2
2034 6
2035 8
2036 11
2037 4
2038 4
2039 2
2040 1
2041 1
2042 2
2043 9
2044 1
2045 3
2046 3
2047 3
2048 10
2049 12
2050 8
2051 7
2052 0
2053 0
2054 5
2055 17
2056 2
2057 3
2058 3
2059 3
2060 3
2061 7
2062 5
2063 4
2064 1
2065 0
2066 8
2067 5
2068 0
2069 8
2070 2
2071 4
2072 10
2073 9
2074 4
2075 6
2076 9
2077 2
2078 0
2079 1
2080 6
2081 11
2082 7
2083 6
2084 3
2085 2
2086 6
2087 4
2088 7
2089 5
2090 4
2091 3
2092 2
2093 3
2094 5
2095 17
2096 4
2097 18
2098 8
2099 4
2100 2
2101 1
2102 0
2103 13
2104 11
2105 5
2106 0
2107 0
2108 1
2109 1
2110 9
2111 5
2112 10
2113 5
2114 3
2115 6
2116 4
2117 3
2118 11
2119 10
2120 2
2121 2
2122 0
2123 0
2124 10
2125 1
2126 6
2127 6
2128 9
2129 3
2130 4
2131 10
2132 12
2133 1
2134 0
2135 1
2136 0
2137 6
2138 13
2139 3
2140 1
2141 0
2142 0
2143 0
2144 8
2145 9
2146 3
2147 1
2148 13
2149 5
2150 14
2151 1
2152 8
2153 11
2154 8
2155 2
2156 0
2157 0
2158 0
2159 3
2160 11
2161 11
2162 0
2163 0
2164 2
2165 8
2166 4
2167 3
2168 2
2169 5
2170 1
2171 0
2172 6
2173 4
2174 0
2175 2
2176 0
2177 5
2178 1
2179 2
2180 1
2181 3
2182 2
2183 3
2184 1
2185 0
2186 0
2187 6
2188 2
2189 2
2190 7
2191 6
2192 2
2193 8
2194 1
2195 0
2196 0
2197 1
2198 0
2199 4
2200 2
2201 4
2202 6
2203 8
2204 1
2205 8
2206 8
2207 2
2208 0
2209 3
2210 3
2211 7
2212 12
2213 10
2214 1
2215 2
2216 0
2217 1
2218 0
2219 1
2220 4
2221 0
2222 0
2223 2
2224 5
2225 1
2226 0
2227 8
2228 7
2229 5
2230 7
2231 0
2232 3
2233 4
2234 0
2235 1
2236 0
2237 3
2238 1
2239 0
2240 0
2241 0
2242 0
2243 9
2244 4
2245 0
2246 1
2247 7
2248 13
2249 1
2250 10
2251 4
2252 1
2253 3
2254 11
2255 5
2256 7
2257 2
2258 0
2259 1
2260 7
2261 1
2262 0
2263 0
2264 0
2265 2
2266 13
2267 10
2268 9
2269 12
2270 12
2271 7
2272 0
2273 1
2274 14
2275 10
2276 5
2277 11
2278 3
2279 0
2280 0
2281 8
2282 12
2283 1
2284 0
2285 1
2286 7
2287 1
2288 2
2289 2
2290 11
2291 15
2292 1
2293 0
2294 11
2295 9
2296 2
2297 5
2298 3
2299 0
2300 5
2301 8
2302 3
2303 0
2304 2
2305 0
2306 1
2307 4
2308 11
2309 3
2310 3
2311 3
2312 2
2313 2
2314 5
2315 2
2316 13
2317 4
2318 0
2319 1
2320 9
2321 5
2322 5
2323 0
2324 0
2325 1
2326 11
2327 18
2328 3
2329 0
2330 1
2331 0
2332 2
2333 2
2334 18
2335 21
2336 2
2337 0
2338 2
2339 5
2340 5
2341 1
2342 0
2343 0
2344 3
2345 8
2346 4
2347 6
2348 1
2349 3
2350 4
2351 8
2352 7
2353 12
2354 6
2355 1
2356 4
2357 1
2358 0
2359 0
2360 0
2361 0
2362 0
2363 11
2364 9
2365 1
2366 8
2367 6
2368 1
2369 4
2370 7
2371 5
2372 4
2373 2
2374 0
2375 5
2376 7
2377 0
2378 0
2379 1
2380 1
2381 0
2382 10
2383 5
2384 3
2385 13
2386 3
2387 10
2388 17
2389 10
2390 6
2391 11
2392 1
2393 1
2394 10
2395 3
2396 1
2397 0
2398 8
2399 0
2400 1
2401 6
2402 22
2403 1
2404 2
2405 8
2406 10
2407 7
2408 4
2409 5
2410 3
2411 8
2412 5
2413 1
2414 0
2415 2
2416 0
2417 1
2418 0
2419 6
2420 11
2421 9
2422 20
2423 2
2424 5
2425 6
2426 8
2427 11
2428 13
2429 2
2430 0
2431 2
2432 7
2433 0
2434 1
2435 3
2436 4
2437 2
2438 13
2439 1
2440 4
2441 11
2442 10
2443 4
2444 5
2445 5
2446 0
2447 0
2448 0
2449 4
2450 0
2451 1
2452 0
2453 0
2454 3
2455 3
2456 5
2457 5
2458 0
2459 3
2460 0
2461 0
2462 0
2463 0
2464 3
2465 19
2466 3
2467 0
2468 1
2469 1
2470 3
2471 2
2472 2
2473 0
2474 0
2475 0
2476 0
2477 1
2478 5
2479 0
2480 1
2481 2
2482 0
2483 2
2484 3
2485 5
2486 2
2487 7
2488 1
2489 1
2490 0
2491 0
2492 0
2493 0
2494 2
2495 4
2496 1
2497 2
2498 0
2499 3
2500 1
2501 1
2502 2
2503 9
2504 0
2505 0
2506 0
2507 0
2508 0
2509 1
2510 1
2511 1
2512 1
2513 2
2514 0
2515 0
2516 0
2517 0
2518 0
2519 0
2520 1
2521 0
2522 1
2523 3
2524 0
2525 0
2526 4
2527 2
2528 0
2529 1
2530 1
2531 0
2532 0
2533 0
2534 7
2535 10
2536 1
2537 2
2538 4
2539 0
2540 0
2541 0
2542 11
2543 2
2544 3
2545 9
2546 0
2547 0
2548 2
2549 1
2550 0
2551 0
2552 3
2553 5
2554 2
2555 0
2556 0
2557 0
2558 1
2559 1
2560 5
2561 4
2562 1
2563 3
2564 0
2565 0
2566 2
2567 0
2568 0
2569 0
2570 1
2571 0
2572 0
2573 1
2574 0
2575 4
2576 0
2577 0
2578 0
2579 0
2580 0
2581 0
2582 0
2583 0
2584 0
2585 0
2586 0
2587 0
2588 0
2589 0
2590 0
2591 0
2592 0
2593 0
2594 0
2595 0
2596 0
2597 0
2598 0
