0 5
1 0
2 0
3 0
4 0
5 0
6 0
7 0
8 0
9 0
10 0
11 5
12 0
13 2
14 8
15 4
16 7
17 0
18 1
19 14
20 0
21 0
22 0
23 10
24 0
25 2
26 0
27 0
28 0
29 0
30 0
31 0
32 0
33 2
34 0
35 7
36 0
37 2
38 0
39 0
40 3
41 0
42 0
43 0
44 9
45 0
46 0
47 0
48 0
49 8
50 4
51 0
52 6
53 5
54 5
55 0
56 1
57 3
58 5
59 0
60 0
61 7
62 5
63 1
64 0
65 18
66 0
67 6
68 2
69 0
70 0
71 2
72 0
73 0
74 4
75 11
76 0
77 5
78 10
79 14
80 1
81 0
82 2
83 2
84 0
85 0
86 5
87 13
88 11
89 0
90 0
91 0
92 0
93 3
94 0
95 0
96 1
97 7
98 0
99 8
100 0
101 0
102 6
103 8
104 1
105 0
106 8
107 3
108 8
109 5
110 0
111 4
112 2
113 0
114 5
115 1
116 8
117 1
118 0
119 2
120 0
121 3
122 13
123 3
124 1
125 0
126 1
127 1
128 2
129 3
130 1
131 4
132 0
133 0
134 0
135 10
136 5
137 26
138 2
139 0
140 8
141 7
142 1
143 1
144 0
145 0
146 6
147 1
148 9
149 5
150 2
151 0
152 0
153 5
154 2
155 3
156 0
157 2
158 24
159 4
160 1
161 0
162 0
163 4
164 5
165 6
166 7
167 5
168 0
169 0
170 13
171 5
172 1
173 1
174 9
175 20
176 11
177 0
178 2
179 0
180 9
181 0
182 0
183 17
184 4
185 3
186 20
187 21
188 8
189 0
190 1
191 0
192 0
193 0
194 0
195 0
196 10
197 4
198 1
199 9
200 6
201 5
202 2
203 8
204 7
205 12
206 22
207 4
208 4
209 0
210 17
211 0
212 1
213 0
214 0
215 9
216 0
217 3
218 4
219 21
220 4
221 15
222 12
223 16
224 24
225 10
226 9
227 2
228 0
229 1
230 0
231 0
232 0
233 0
234 0
235 0
236 0
237 0
238 5
239 29
240 1
241 24
242 14
243 3
244 14
245 4
246 6
247 0
248 3
249 1
250 2
251 0
252 0
253 0
254 0
255 1
256 30
257 10
258 2
259 0
260 0
261 0
262 0
263 5
264 0
265 2
266 0
267 1
268 0
269 0
270 0
271 10
272 1
273 0
274 0
275 0
276 0
277 0
278 1
279 7
280 0
281 0
282 4
283 26
284 0
285 0
286 2
287 1
288 1
289 2
290 18
291 4
292 30
293 5
294 0
295 4
296 6
297 3
298 3
299 2
300 0
301 3
302 4
303 3
304 20
305 7
306 4
307 10
308 0
309 6
310 6
311 8
312 7
313 1
314 1
315 8
316 0
317 10
318 19
319 0
320 4
321 5
322 2
323 2
324 0
325 0
326 0
327 0
328 0
329 0
330 1
331 7
332 1
333 11
334 11
335 10
336 0
337 6
338 16
339 10
340 0
341 0
342 1
343 0
344 0
345 0
346 1
347 0
348 9
349 3
350 5
351 20
352 3
353 0
354 0
355 0
356 0
357 5
358 0
359 3
360 7
361 15
362 17
363 0
364 0
365 0
366 1
367 2
368 5
369 6
370 0
371 2
372 1
373 2
374 0
375 0
376 4
377 0
378 1
379 5
380 6
381 0
382 4
383 0
384 4
385 7
386 0
387 0
388 6
389 8
390 16
391 8
392 16
393 0
394 7
395 4
396 11
397 6
398 0
399 9
400 0
401 0
402 3
403 4
404 7
405 8
406 17
407 11
408 2
409 0
410 0
411 2
412 3
413 18
414 11
415 0
416 2
417 6
418 0
419 3
420 1
421 0
422 6
423 9
424 12
425 5
426 4
427 2
428 7
429 0
430 16
431 0
432 2
433 3
434 0
435 0
436 15
437 21
438 26
439 9
440 19
441 14
442 5
443 19
444 3
445 5
446 2
447 1
448 9
449 4
450 4
451 3
452 8
453 13
454 16
455 3
456 10
457 18
458 11
459 0
460 0
461 14
462 12
463 5
464 5
465 6
466 0
467 9
468 7
469 16
470 18
471 15
472 12
473 6
474 11
475 4
476 0
477 0
478 1
479 0
480 0
481 1
482 4
483 0
484 8
485 2
486 6
487 0
488 3
489 15
490 4
491 2
492 13
493 28
494 2
495 6
496 3
497 1
498 13
499 4
500 4
501 5
502 0
503 2
504 0
505 5
506 7
507 1
508 1
509 24
510 1
511 0
512 13
513 18
514 5
515 10
516 4
517 0
518 0
519 2
520 20
521 14
522 0
523 2
524 2
525 0
526 0
527 1
528 5
529 2
530 1
531 3
532 14
533 14
534 0
535 9
536 11
537 0
538 0
539 11
540 1
541 2
542 0
543 10
544 11
545 0
546 7
547 0
548 8
549 0
550 4
551 0
552 9
553 11
554 16
555 14
556 0
557 0
558 5
559 10
560 1
561 6
562 2
563 0
564 0
565 0
566 0
567 1
568 0
569 0
570 0
571 8
572 0
573 2
574 0
575 8
576 3
577 3
578 4
579 3
580 2
581 0
582 1
583 3
584 0
585 5
586 4
587 2
588 7
589 20
590 0
591 0
592 4
593 0
594 0
595 2
596 2
597 0
598 13
599 9
600 9
601 24
602 2
603 4
604 2
605 2
606 4
607 0
608 8
609 2
610 7
611 5
612 12
613 7
614 0
615 12
616 13
617 0
618 1
619 0
620 1
621 0
622 3
623 1
624 2
625 11
626 0
627 19
628 12
629 7
630 18
631 0
632 2
633 2
634 4
635 0
636 7
637 0
638 3
639 7
640 1
641 6
642 4
643 18
644 3
645 9
646 6
647 0
648 1
649 0
650 0
651 0
652 5
653 4
654 3
655 2
656 2
657 0
658 15
659 12
660 0
661 7
662 0
663 7
664 1
665 0
666 6
667 4
668 0
669 1
670 3
671 10
672 1
673 1
674 2
675 0
676 10
677 0
678 8
679 4
680 14
681 14
682 0
683 3
684 2
685 4
686 1
687 0
688 0
689 4
690 13
691 6
692 4
693 0
694 0
695 2
696 1
697 2
698 1
699 4
700 3
701 3
702 7
703 0
704 1
705 10
706 15
707 7
708 0
709 6
710 0
711 0
712 0
713 0
714 0
715 0
716 6
717 22
718 8
719 9
720 21
721 4
722 2
723 0
724 2
725 2
726 3
727 3
728 3
729 8
730 5
731 9
732 0
733 5
734 5
735 3
736 8
737 5
738 12
739 16
740 4
741 2
742 0
743 2
744 13
745 0
746 0
747 0
748 8
749 3
750 27
751 0
752 7
753 2
754 7
755 1
756 3
757 1
758 4
759 9
760 7
761 1
762 5
763 2
764 14
765 6
766 6
767 5
768 0
769 0
770 17
771 3
772 0
773 0
774 3
775 7
776 0
777 0
778 3
779 0
780 0
781 0
782 3
783 1
784 2
785 1
786 9
787 6
788 0
789 13
790 1
791 2
792 3
793 11
794 7
795 0
796 6
797 11
798 5
799 2
800 1
801 0
802 0
803 0
804 0
805 0
806 11
807 8
808 3
809 9
810 6
811 2
812 4
813 5
814 2
815 0
816 0
817 0
818 0
819 11
820 10
821 9
822 3
823 6
824 2
825 3
826 2
827 11
828 5
829 2
830 2
831 5
832 6
833 6
834 6
835 3
836 6
837 2
838 1
839 0
840 0
841 0
842 0
843 0
844 3
845 4
846 5
847 0
848 6
849 2
850 6
851 0
852 7
853 0
854 0
855 5
856 0
857 0
858 8
859 0
860 1
861 3
862 8
863 2
864 0
865 3
866 1
867 5
868 0
869 0
870 2
871 0
872 0
873 0
874 0
875 0
876 1
877 12
878 6
879 6
880 19
881 12
882 1
883 1
884 9
885 0
886 2
887 0
888 4
889 20
890 2
891 1
892 3
893 2
894 2
895 4
896 2
897 5
898 0
899 0
900 0
901 0
902 1
903 19
904 9
905 3
906 0
907 15
908 10
909 0
910 0
911 6
912 0
913 0
914 2
915 8
916 0
917 3
918 9
919 3
920 9
921 11
922 2
923 0
924 2
925 0
926 1
927 6
928 0
929 0
930 5
931 0
932 5
933 17
934 11
935 13
936 3
937 1
938 8
939 2
940 12
941 4
942 0
943 0
944 10
945 13
946 4
947 0
948 0
949 7
950 0
951 0
952 4
953 11
954 5
955 15
956 17
957 5
958 2
959 8
960 4
961 1
962 4
963 5
964 9
965 0
966 4
967 4
968 4
969 13
970 5
971 0
972 4
973 8
974 3
975 6
976 1
977 0
978 24
979 3
980 19
981 22
982 4
983 0
984 14
985 8
986 3
987 0
988 0
989 0
990 0
991 0
992 2
993 13
994 8
995 2
996 4
997 1
998 1
999 5
1000 1
1001 6
1002 12
1003 0
1004 0
1005 0
1006 0
1007 8
1008 13
1009 0
1010 2
1011 1
1012 0
1013 0
1014 0
1015 0
1016 5
1017 15
1018 0
1019 11
1020 0
1021 15
1022 9
1023 0
1024 5
1025 2
1026 8
1027 17
1028 5
1029 0
1030 0
1031 10
1032 0
1033 0
1034 0
1035 6
1036 3
1037 1
1038 15
1039 9
1040 12
1041 6
1042 0
1043 4
1044 1
1045 1
1046 7
1047 5
1048 5
1049 0
1050 1
1051 0
1052 0
1053 0
1054 0
1055 2
1056 2
1057 4
1058 7
1059 9
1060 11
1061 0
1062 0
1063 0
1064 0
1065 0
1066 0
1067 5
1068 0
1069 2
1070 0
1071 0
1072 12
1073 4
1074 6
1075 1
1076 2
1077 0
1078 2
1079 0
1080 14
1081 5
1082 0
1083 3
1084 3
1085 2
1086 0
1087 0
1088 0
1089 0
1090 0
1091 13
1092 12
1093 13
1094 8
1095 0
1096 0
1097 0
1098 2
1099 16
1100 0
1101 0
1102 0
1103 2
1104 1
1105 0
1106 18
1107 11
1108 4
1109 0
1110 31
1111 9
1112 0
1113 6
1114 9
1115 0
1116 0
1117 1
1118 1
1119 10
1120 9
1121 9
1122 1
1123 0
1124 1
1125 0
1126 2
1127 0
1128 3
1129 7
1130 0
1131 0
1132 0
1133 3
1134 3
1135 0
1136 0
1137 0
1138 0
1139 7
1140 38
1141 17
1142 8
1143 0
1144 0
1145 0
1146 2
1147 0
1148 0
1149 13
1150 19
1151 1
1152 0
1153 2
1154 5
1155 18
1156 10
1157 6
1158 1
1159 0
1160 2
1161 0
1162 4
1163 0
1164 0
1165 0
1166 3
1167 4
1168 11
1169 2
1170 14
1171 0
1172 0
1173 0
1174 0
1175 0
1176 4
1177 18
1178 1
1179 12
1180 1
1181 0
1182 7
1183 11
1184 5
1185 9
1186 6
1187 2
1188 0
1189 0
1190 0
1191 5
1192 0
1193 0
1194 0
1195 0
1196 2
1197 0
1198 4
1199 4
1200 2
1201 0
1202 0
1203 15
1204 1
1205 0
1206 2
1207 0
1208 3
1209 0
1210 7
1211 8
1212 20
1213 1
1214 5
1215 12
1216 5
1217 21
1218 8
1219 0
1220 5
1221 3
1222 0
1223 0
1224 4
1225 0
1226 2
1227 0
1228 5
1229 10
1230 3
1231 0
1232 1
1233 5
1234 7
1235 19
1236 3
1237 4
1238 7
1239 0
1240 1
1241 0
1242 0
1243 11
1244 0
1245 4
1246 3
1247 4
1248 15
1249 24
1250 0
1251 9
1252 13
1253 19
1254 35
1255 5
1256 3
1257 0
1258 12
1259 0
1260 4
1261 1
1262 5
1263 4
1264 14
1265 6
1266 4
1267 1
1268 0
1269 0
1270 0
1271 1
1272 0
1273 2
1274 25
1275 13
1276 0
1277 2
1278 1
1279 2
1280 0
1281 0
1282 0
1283 0
1284 0
1285 0
1286 7
1287 15
1288 4
1289 12
1290 11
1291 12
1292 4
1293 4
1294 85
1295 31
1296 3
1297 0
1298 5
1299 0
1300 0
1301 0
1302 2
1303 4
1304 17
1305 2
1306 2
1307 8
1308 7
1309 8
1310 0
1311 4
1312 0
1313 0
1314 0
1315 13
1316 13
1317 14
1318 17
1319 12
1320 17
1321 28
1322 15
1323 1
1324 2
1325 3
1326 0
1327 0
1328 0
1329 1
1330 1
1331 5
1332 19
1333 3
1334 0
1335 4
1336 3
1337 12
1338 0
1339 30
1340 41
1341 6
1342 0
1343 9
1344 11
1345 3
1346 0
1347 0
1348 1
1349 2
1350 11
1351 2
1352 0
1353 13
1354 0
1355 8
1356 6
1357 2
1358 1
1359 7
1360 0
1361 0
1362 0
1363 3
1364 25
1365 28
1366 0
1367 5
1368 7
1369 14
1370 13
1371 16
1372 0
1373 0
1374 0
1375 0
1376 0
1377 0
1378 4
1379 19
1380 14
1381 2
1382 2
1383 2
1384 8
1385 4
1386 8
1387 26
1388 6
1389 1
1390 8
1391 8
1392 0
1393 2
1394 0
1395 3
1396 5
1397 4
1398 0
1399 0
1400 11
1401 6
1402 5
1403 7
1404 5
1405 1
1406 3
1407 8
1408 9
1409 8
1410 6
1411 4
1412 0
1413 0
1414 0
1415 0
1416 7
1417 13
1418 5
1419 15
1420 9
1421 20
1422 4
1423 0
1424 3
1425 0
1426 1
1427 11
1428 25
1429 32
1430 18
1431 23
1432 18
1433 8
1434 6
1435 10
1436 5
1437 17
1438 0
1439 0
1440 7
1441 4
1442 27
1443 3
1444 4
1445 11
1446 16
1447 3
1448 4
1449 2
1450 0
1451 17
1452 1
1453 11
1454 5
1455 2
1456 4
1457 20
1458 0
1459 20
1460 5
1461 0
1462 1
1463 4
1464 0
1465 3
1466 4
1467 3
1468 0
1469 0
1470 0
1471 0
1472 0
1473 0
1474 0
1475 6
1476 29
1477 42
1478 21
1479 12
1480 18
1481 15
1482 3
1483 14
1484 9
1485 0
1486 0
1487 1
1488 9
1489 7
1490 33
1491 9
1492 3
1493 5
1494 7
1495 2
1496 15
1497 19
1498 1
1499 5
1500 9
1501 4
1502 3
1503 0
1504 7
1505 12
1506 2
1507 3
1508 10
1509 3
1510 5
1511 0
1512 1
1513 3
1514 18
1515 5
1516 3
1517 0
1518 0
1519 0
1520 0
1521 0
1522 0
1523 1
1524 6
1525 26
1526 18
1527 57
1528 40
1529 27
1530 12
1531 0
1532 5
1533 19
1534 1
1535 9
1536 2
1537 6
1538 12
1539 6
1540 0
1541 6
1542 2
1543 3
1544 27
1545 19
1546 22
1547 7
1548 3
1549 8
1550 10
1551 0
1552 2
1553 4
1554 3
1555 5
1556 20
1557 30
1558 0
1559 0
1560 7
1561 19
1562 11
1563 12
1564 0
1565 1
1566 4
1567 5
1568 15
1569 0
1570 1
1571 2
1572 45
1573 85
1574 29
1575 0
1576 30
1577 8
1578 10
1579 19
1580 20
1581 7
1582 12
1583 0
1584 4
1585 2
1586 0
1587 4
1588 13
1589 0
1590 30
1591 10
1592 6
1593 6
1594 7
1595 23
1596 13
1597 3
1598 1
1599 2
1600 25
1601 8
1602 21
1603 2
1604 2
1605 0
1606 1
1607 0
1608 0
1609 0
1610 0
1611 0
1612 8
1613 9
1614 4
1615 0
1616 10
1617 39
1618 29
1619 52
1620 25
1621 38
1622 27
1623 11
1624 4
1625 0
1626 25
1627 14
1628 6
1629 12
1630 8
1631 7
1632 5
1633 9
1634 12
1635 3
1636 4
1637 5
1638 5
1639 9
1640 13
1641 3
1642 0
1643 0
1644 0
1645 25
1646 37
1647 8
1648 15
1649 5
1650 0
1651 17
1652 36
1653 1
1654 3
1655 16
1656 19
1657 0
1658 0
1659 9
1660 5
1661 7
1662 5
1663 1
1664 6
1665 12
1666 8
1667 16
1668 16
1669 0
1670 3
1671 4
1672 0
1673 1
1674 0
1675 0
1676 0
1677 41
1678 25
1679 16
1680 24
1681 10
1682 14
1683 17
1684 7
1685 20
1686 10
1687 2
1688 5
1689 9
1690 4
1691 6
1692 0
1693 7
1694 5
1695 0
1696 3
1697 2
1698 2
1699 3
1700 0
1701 19
1702 1
1703 5
1704 0
1705 0
1706 0
1707 4
1708 0
1709 6
1710 33
1711 10
1712 8
1713 0
1714 6
1715 20
1716 0
1717 6
1718 2
1719 5
1720 1
1721 6
1722 1
1723 1
1724 2
1725 1
1726 6
1727 5
1728 13
1729 11
1730 0
1731 2
1732 0
1733 5
1734 2
1735 0
1736 4
1737 7
1738 13
1739 13
1740 6
1741 2
1742 10
1743 1
1744 4
1745 11
1746 4
1747 0
1748 1
1749 0
1750 3
1751 10
1752 13
1753 1
1754 0
1755 3
1756 3
1757 2
1758 4
1759 0
1760 0
1761 12
1762 0
1763 6
1764 4
1765 6
1766 4
1767 15
1768 8
1769 0
1770 0
1771 3
1772 9
1773 9
1774 5
1775 2
1776 4
1777 7
1778 11
1779 0
1780 0
1781 0
1782 6
1783 0
1784 4
1785 3
1786 0
1787 6
1788 4
1789 0
1790 5
1791 0
1792 9
1793 4
1794 0
1795 0
1796 2
1797 14
1798 14
1799 32
1800 18
1801 7
1802 9
1803 3
1804 4
1805 21
1806 20
1807 5
1808 6
1809 0
1810 6
1811 3
1812 3
1813 3
1814 0
1815 3
1816 1
1817 0
1818 2
1819 0
1820 6
1821 0
1822 2
1823 4
1824 0
1825 5
1826 2
1827 5
1828 7
1829 10
1830 1
1831 11
1832 3
1833 12
1834 2
1835 17
1836 6
1837 0
1838 3
1839 2
1840 3
1841 3
1842 2
1843 4
1844 17
1845 13
1846 4
1847 4
1848 13
1849 23
1850 1
1851 0
1852 2
1853 8
1854 2
1855 10
1856 6
1857 1
1858 13
1859 13
1860 5
1861 11
1862 13
1863 0
1864 0
1865 2
1866 5
1867 44
1868 8
1869 5
1870 0
1871 0
1872 0
1873 9
1874 3
1875 1
1876 1
1877 5
1878 6
1879 3
1880 0
1881 8
1882 16
1883 18
1884 12
1885 4
1886 1
1887 1
1888 0
1889 7
1890 9
1891 3
1892 4
1893 6
1894 26
1895 31
1896 11
1897 1
1898 2
1899 1
1900 14
1901 0
1902 2
1903 15
1904 6
1905 9
1906 5
1907 8
1908 6
1909 5
1910 5
1911 8
1912 13
1913 5
1914 2
1915 0
1916 1
1917 10
1918 2
1919 6
1920 2
1921 5
1922 1
1923 9
1924 0
1925 6
1926 0
1927 0
1928 1
1929 1
1930 5
1931 8
1932 2
1933 1
1934 3
1935 8
1936 11
1937 0
1938 1
1939 2
1940 10
1941 5
1942 23
1943 17
1944 1
1945 3
1946 3
1947 0
1948 5
1949 4
1950 3
1951 9
1952 4
1953 10
1954 0
1955 13
1956 1
1957 6
1958 7
1959 5
1960 3
1961 0
1962 0
1963 1
1964 16
1965 16
1966 1
1967 8
1968 13
1969 6
1970 4
1971 8
1972 15
1973 1
1974 4
1975 8
1976 4
1977 0
1978 0
1979 0
1980 7
1981 17
1982 7
1983 3
1984 3
1985 16
1986 6
1987 0
1988 1
1989 12
1990 8
1991 5
1992 7
1993 3
1994 5
1995 13
1996 21
1997 9
1998 3
1999 11
2000 8
2001 0
2002 2
2003 7
2004 13
2005 8
2006 6
2007 4
2008 5
2009 7
2010 6
2011 6
2012 0
2013 1
2014 0
2015 6
2016 12
2017 19
2018 0
2019 12
2020 2
2021 3
2022 0
2023 12
2024 21
2025 0
2026 3
2027 4
2028 4
2029 2
2030 0
2031 12
2032 6
2033 3
2034 10
2035 9
2036 17
2037 7
2038 5
2039 3
2040 3
2041 0
2042 2
2043 13
2044 0
2045 7
2046 5
2047 0
2048 16
2049 16
2050 11
2051 12
2052 0
2053 1
2054 4
2055 23
2056 3
2057 4
2058 5
2059 6
2060 3
2061 9
2062 7
2063 6
2064 2
2065 0
2066 11
2067 10
2068 0
2069 8
2070 4
2071 4
2072 13
2073 12
2074 4
2075 9
2076 16
2077 2
2078 0
2079 0
2080 6
2081 20
2082 9
2083 8
2084 5
2085 2
2086 9
2087 6
2088 9
2089 8
2090 6
2091 2
2092 1
2093 5
2094 5
2095 26
2096 0
2097 29
2098 11
2099 6
2100 4
2101 1
2102 0
2103 17
2104 15
2105 7
2106 0
2107 0
2108 1
2109 1
2110 10
2111 7
2112 11
2113 6
2114 5
2115 0
2116 4
2117 3
2118 18
2119 17
2120 0
2121 3
2122 0
2123 1
2124 15
2125 1
2126 8
2127 8
2128 9
2129 4
2130 5
2131 14
2132 17
2133 2
2134 0
2135 1
2136 0
2137 8
2138 20
2139 4
2140 2
2141 0
2142 0
2143 0
2144 12
2145 11
2146 6
2147 3
2148 17
2149 0
2150 16
2151 2
2152 10
2153 20
2154 10
2155 4
2156 1
2157 1
2158 0
2159 5
2160 17
2161 14
2162 0
2163 0
2164 0
2165 12
2166 7
2167 3
2168 1
2169 6
2170 2
2171 0
2172 9
2173 7
2174 0
2175 3
2176 0
2177 8
2178 0
2179 4
2180 0
2181 2
2182 0
2183 3
2184 0
2185 0
2186 0
2187 9
2188 4
2189 2
2190 10
2191 5
2192 3
2193 11
2194 2
2195 0
2196 0
2197 0
2198 0
2199 4
2200 3
2201 4
2202 7
2203 14
2204 2
2205 9
2206 12
2207 3
2208 0
2209 5
2210 3
2211 10
2212 14
2213 13
2214 0
2215 2
2216 0
2217 0
2218 0
2219 2
2220 6
2221 0
2222 0
2223 2
2224 6
2225 0
2226 0
2227 12
2228 9
2229 11
2230 9
2231 0
2232 4
2233 4
2234 0
2235 1
2236 0
2237 3
2238 1
2239 0
2240 0
2241 0
2242 0
2243 13
2244 8
2245 0
2246 2
2247 11
2248 17
2249 3
2250 15
2251 5
2252 2
2253 3
2254 16
2255 8
2256 10
2257 2
2258 0
2259 2
2260 11
2261 1
2262 0
2263 0
2264 0
2265 3
2266 14
2267 15
2268 0
2269 17
2270 17
2271 11
2272 0
2273 0
2274 17
2275 16
2276 8
2277 16
2278 6
2279 1
2280 0
2281 13
2282 17
2283 0
2284 0
2285 0
2286 8
2287 2
2288 2
2289 0
2290 17
2291 19
2292 1
2293 0
2294 14
2295 15
2296 3
2297 6
2298 4
2299 0
2300 5
2301 8
2302 5
2303 0
2304 3
2305 0
2306 1
2307 4
2308 16
2309 0
2310 4
2311 3
2312 2
2313 5
2314 9
2315 5
2316 16
2317 6
2318 0
2319 2
2320 14
2321 7
2322 8
2323 0
2324 0
2325 1
2326 15
2327 28
2328 5
2329 0
2330 0
2331 0
2332 2
2333 3
2334 25
2335 30
2336 2
2337 0
2338 2
2339 8
2340 5
2341 1
2342 0
2343 0
2344 5
2345 13
2346 6
2347 8
2348 1
2349 6
2350 0
2351 10
2352 11
2353 0
2354 7
2355 0
2356 9
2357 0
2358 0
2359 0
2360 0
2361 0
2362 0
2363 13
2364 14
2365 1
2366 9
2367 8
2368 2
2369 6
2370 11
2371 9
2372 5
2373 4
2374 0
2375 7
2376 11
2377 0
2378 0
2379 2
2380 0
2381 0
2382 15
2383 7
2384 3
2385 18
2386 4
2387 16
2388 22
2389 12
2390 0
2391 16
2392 0
2393 1
2394 13
2395 5
2396 1
2397 0
2398 9
2399 0
2400 0
2401 8
2402 33
2403 2
2404 3
2405 12
2406 14
2407 11
2408 7
2409 5
2410 3
2411 11
2412 5
2413 0
2414 0
2415 3
2416 0
2417 2
2418 0
2419 10
2420 17
2421 13
2422 28
2423 4
2424 8
2425 0
2426 11
2427 14
2428 18
2429 3
2430 0
2431 4
2432 10
2433 0
2434 1
2435 5
2436 4
2437 4
2438 17
2439 3
2440 5
2441 13
2442 16
2443 6
2444 6
2445 7
2446 0
2447 0
2448 0
2449 9
2450 0
2451 0
2452 0
2453 0
2454 0
2455 5
2456 9
2457 8
2458 1
2459 6
2460 0
2461 0
2462 0
2463 1
2464 3
2465 23
2466 5
2467 0
2468 1
2469 1
2470 5
2471 3
2472 1
2473 0
2474 0
2475 0
2476 0
2477 0
2478 7
2479 0
2480 0
2481 3
2482 0
2483 2
2484 6
2485 5
2486 4
2487 7
2488 1
2489 3
2490 0
2491 0
2492 0
2493 0
2494 2
2495 3
2496 3
2497 4
2498 0
2499 4
2500 2
2501 0
2502 0
2503 10
2504 0
2505 0
2506 0
2507 0
2508 0
2509 0
2510 1
2511 0
2512 1
2513 3
2514 0
2515 0
2516 0
2517 0
2518 0
2519 0
2520 1
2521 0
2522 1
2523 7
2524 0
2525 0
2526 7
2527 3
2528 0
2529 0
2530 1
2531 0
2532 0
2533 0
2534 10
2535 11
2536 1
2537 2
2538 0
2539 0
2540 0
2541 0
2542 12
2543 0
2544 2
2545 14
2546 0
2547 0
2548 2
2549 3
2550 0
2551 0
2552 3
2553 5
2554 4
2555 0
2556 0
2557 0
2558 2
2559 0
2560 4
2561 7
2562 2
2563 5
2564 0
2565 0
2566 2
2567 0
2568 1
2569 0
2570 1
2571 0
2572 0
2573 0
2574 0
2575 0
2576 0
2577 0
2578 1
2579 0
2580 0
2581 0
2582 0
2583 0
2584 0
2585 0
2586 0
2587 0
2588 0
2589 0
2590 0
2591 0
2592 0
2593 0
2594 0
2595 0
2596 0
2597 0
2598 0
