127 0.725490196078
96  0.560784313725
102 0.243137254902
105 0.207843137255
731 0.580392156863
732 0.623529411765
764 0.666666666667
128 0.349019607843
733 0.760784313725
129 0.662745098039
140 0.674509803922
1252 0.643137254902
1295 0.588235294118
1253 0.635294117647
1342 0.745098039216
1389 0.803921568627
106  0.678431372549
1184 0.788235294118
1216 0.639215686275
1254 0.372549019608
1296 0.298039215686
1343 0.423529411765
1390 0.592156862745
1438 0.76862745098
1486 0.607843137255
1533 0.254901960784
107  0.313725490196
1157 0.737254901961
1185 0.8
1217 0.478431372549
1297 0.43137254902
1344 0.207843137255
1391 0.172549019608
1487 0.227450980392
1534 0.427450980392
1074 0.682352941176
1096 0.674509803922
1122 0.686274509804
1158 0.76862745098
1186 0.729411764706
1298 0.419607843137
1439 0.239215686275
1488 0.560784313725
1535 0.752941176471
1075 0.811764705882
1097 0.749019607843
1123 0.698039215686
1159 0.643137254902
1025 0.725490196078
1048 0.741176470588
1076 0.78431372549
1098 0.749019607843
1124 0.63137254902
1160 0.686274509804
1218 0.796078431373
1255 0.780392156863
1299 0.635294117647
115 0.545098039216
130 0.545098039216
1219 0.819607843137
1256 0.733333333333
199 0.729411764706
218 0.8
1125 0.737254901961
1161 0.772549019608
200 0.690196078431
219 0.776470588235
334 0.717647058824
999 0.701960784314
1026 0.690196078431
2323 0.690196078431
1099 0.717647058824
1126 0.780392156863
1162 0.780392156863
1187 0.78431372549
1 0.709803921569
8 0.694117647059
171 0.83137254902
972 0.745098039216
1000 0.733333333333
1027 0.694117647059
1077 0.658823529412
1127 0.776470588235
1163 0.78431372549
1440 0.58431372549
1536 0.592156862745
9 0.654901960784
627 0.572549019608
973 0.752941176471
1028 0.709803921569
1049 0.694117647059
1078 0.698039215686
1128 0.807843137255
1164 0.807843137255
1188 0.701960784314
1220 0.647058823529
1257 0.737254901961
1300 0.772549019608
1441 0.576470588235
1489 0.58431372549
1537 0.592156862745
1689 0.486274509804
1720 0.623529411765
2 0.717647058824
116 0.682352941176
281 0.63137254902
290 0.745098039216
628 0.572549019608
663 0.580392156863
893 0.650980392157
924 0.682352941176
950 0.701960784314
974 0.737254901961
1029 0.733333333333
1050 0.721568627451
1079 0.698039215686
1100 0.713725490196
1129 0.764705882353
1165 0.772549019608
1189 0.729411764706
1221 0.643137254902
1258 0.592156862745
1392 0.592156862745
1442 0.56862745098
1490 0.549019607843
1538 0.541176470588
1656 0.490196078431
1690 0.6
3 0.780392156863
117 0.749019607843
335 0.666666666667
351 0.580392156863
629 0.635294117647
789 0.796078431373
810 0.741176470588
861 0.647058823529
894 0.498039215686
925 0.635294117647
951 0.690196078431
975 0.729411764706
1001 0.721568627451
1030 0.666666666667
1080 0.705882352941
1101 0.674509803922
1130 0.701960784314
1166 0.721568627451
1259 0.576470588235
1345 0.603921568627
1393 0.56862745098
1443 0.58431372549
1491 0.560784313725
1539 0.541176470588
1585 0.619607843137
1625 0.58431372549
1721 0.78431372549
1743 0.690196078431
1769 0.572549019608
0 0.737254901961
4 0.811764705882
44 0.219607843137
336 0.678431372549
352 0.713725490196
790 0.780392156863
811 0.623529411765
834 0.560784313725
862 0.482352941176
976 0.678431372549
1002 0.576470588235
1102 0.486274509804
1131 0.611764705882
1167 0.639215686275
1190 0.627450980392
1222 0.58431372549
1260 0.564705882353
1301 0.6
1346 0.611764705882
1394 0.611764705882
1444 0.666666666667
1492 0.58431372549
1540 0.525490196078
1586 0.533333333333
1626 0.525490196078
1770 0.541176470588
1798 0.517647058824
5 0.749019607843
33 0.274509803922
765 0.803921568627
791 0.749019607843
812 0.545098039216
835 0.305882352941
1003 0.403921568627
1031 0.152941176471
1051 0.345098039216
1081 0.619607843137
1103 0.41568627451
1132 0.364705882353
1168 0.298039215686
1191 0.541176470588
1223 0.607843137255
1261 0.58431372549
1302 0.588235294118
1347 0.564705882353
1395 0.56862745098
1445 0.596078431373
1493 0.552941176471
1541 0.552941176471
1587 0.56862745098
1627 0.439215686275
254 0.858823529412
268 0.839215686275
734 0.756862745098
766 0.760784313725
792 0.764705882353
813 0.647058823529
863 0.337254901961
895 0.41568627451
952 0.235294117647
977 0.188235294118
1004 0.160784313725
1032 0.145098039216
1052 0.419607843137
1082 0.819607843137
1104 0.741176470588
1133 0.529411764706
1169 0.341176470588
1192 0.537254901961
1224 0.670588235294
1262 0.63137254902
1303 0.619607843137
1348 0.596078431373
1396 0.6
1446 0.549019607843
1494 0.545098039216
1542 0.564705882353
1588 0.498039215686
1628 0.305882352941
1657 0.356862745098
1691 0.643137254902
10 0.717647058824
13 0.564705882353
34 0.2
255 0.780392156863
696 0.83137254902
735 0.76862745098
767 0.709803921569
793 0.666666666667
814 0.498039215686
836 0.352941176471
864 0.474509803922
896 0.603921568627
978 0.262745098039
1005 0.270588235294
1033 0.341176470588
1083 0.823529411765
1105 0.733333333333
1134 0.63137254902
1170 0.780392156863
1193 0.780392156863
1225 0.674509803922
1263 0.623529411765
1304 0.643137254902
1349 0.61568627451
1397 0.619607843137
1447 0.560784313725
1495 0.564705882353
1543 0.560784313725
1589 0.450980392157
1629 0.411764705882
1658 0.572549019608
1692 0.886274509804
1722 0.862745098039
6 0.674509803922
11 0.474509803922
28 0.2
35 0.2
45 0.2
575 0.78431372549
664 0.725490196078
697 0.764705882353
736 0.788235294118
768 0.733333333333
794 0.588235294118
815 0.490196078431
837 0.486274509804
865 0.498039215686
979 0.380392156863
1006 0.462745098039
1034 0.56862745098
1053 0.662745098039
1084 0.839215686275
1106 0.862745098039
1171 0.83137254902
1194 0.780392156863
1226 0.63137254902
1264 0.580392156863
1305 0.596078431373
1350 0.611764705882
1398 0.623529411765
1448 0.6
1496 0.654901960784
1544 0.596078431373
1590 0.478431372549
1630 0.549019607843
1659 0.701960784314
1693 0.709803921569
1744 0.619607843137
7 0.423529411765
665 0.698039215686
698 0.654901960784
737 0.78431372549
769 0.752941176471
796 0.603921568627
816 0.627450980392
866 0.521568627451
897 0.337254901961
926 0.396078431373
953 0.552941176471
980 0.58431372549
1007 0.596078431373
1035 0.678431372549
1054 0.713725490196
1107 0.870588235294
1135 0.78431372549
1172 0.776470588235
1227 0.61568627451
1265 0.596078431373
1306 0.682352941176
1351 0.580392156863
1399 0.552941176471
1449 0.58431372549
1545 0.623529411765
1591 0.486274509804
1631 0.545098039216
1660 0.639215686275
1694 0.619607843137
1745 0.603921568627
1771 0.529411764706
14 0.2
87 0.741176470588
427 0.749019607843
454 0.635294117647
630 0.666666666667
666 0.682352941176
699 0.560784313725
770 0.717647058824
838 0.454901960784
867 0.533333333333
927 0.635294117647
954 0.662745098039
981 0.682352941176
1008 0.670588235294
1228 0.580392156863
1352 0.545098039216
1400 0.545098039216
1450 0.611764705882
1497 0.623529411765
1546 0.607843137255
1592 0.56862745098
1632 0.611764705882
1661 0.643137254902
1695 0.619607843137
1746 0.552941176471
1772 0.494117647059
1799 0.486274509804
1878 0.596078431373
1903 0.596078431373
1931 0.572549019608
1962 0.552941176471
1992 0.517647058824
2016 0.525490196078
2067 0.572549019608
2092 0.545098039216
12 0.211764705882
15 0.21568627451
22 0.2
69 0.756862745098
88 0.764705882353
97 0.776470588235
153 0.717647058824
372 0.698039215686
381 0.776470588235
428 0.788235294118
455 0.725490196078
576 0.713725490196
604 0.733333333333
631 0.690196078431
667 0.686274509804
700 0.588235294118
797 0.752941176471
839 0.596078431373
868 0.705882352941
928 0.701960784314
955 0.694117647059
982 0.701960784314
1108 0.650980392157
1136 0.658823529412
1195 0.698039215686
1307 0.525490196078
1353 0.501960784314
1401 0.545098039216
1451 0.580392156863
1498 0.611764705882
1547 0.6
1593 0.61568627451
1633 0.670588235294
1662 0.619607843137
1696 0.572549019608
1723 0.533333333333
1800 0.490196078431
1831 0.486274509804
1854 0.61568627451
1904 0.588235294118
1932 0.552941176471
1963 0.541176470588
2040 0.556862745098
2068 0.541176470588
2093 0.501960784314
2117 0.564705882353
2137 0.592156862745
2157 0.650980392157
2177 0.682352941176
16 0.203921568627
70 0.698039215686
78 0.701960784314
80 0.725490196078
89 0.76862745098
118 0.733333333333
182 0.674509803922
201 0.647058823529
242 0.654901960784
373 0.709803921569
486 0.647058823529
515 0.61568627451
551 0.607843137255
577 0.733333333333
605 0.713725490196
632 0.76862745098
668 0.733333333333
701 0.662745098039
798 0.764705882353
817 0.690196078431
840 0.717647058824
869 0.686274509804
898 0.701960784314
929 0.666666666667
956 0.670588235294
1055 0.658823529412
1085 0.639215686275
1109 0.627450980392
1137 0.619607843137
1173 0.647058823529
1196 0.650980392157
1266 0.580392156863
1308 0.560784313725
1354 0.529411764706
1402 0.533333333333
1452 0.537254901961
1548 0.596078431373
1594 0.556862745098
1634 0.619607843137
1663 0.603921568627
1697 0.623529411765
1724 0.556862745098
1747 0.56862745098
1773 0.525490196078
1832 0.517647058824
1855 0.6
1879 0.611764705882
1905 0.572549019608
2041 0.529411764706
2069 0.509803921569
2094 0.541176470588
2118 0.552941176471
2138 0.61568627451
2158 0.619607843137
2178 0.576470588235
2188 0.694117647059
2201 0.286274509804
2211 0.21568627451
2236 0.560784313725
17 0.192156862745
61 0.705882352941
71 0.729411764706
79 0.725490196078
81 0.741176470588
84 0.749019607843
90 0.745098039216
108 0.713725490196
119 0.650980392157
141 0.686274509804
154 0.694117647059
183 0.61568627451
202 0.619607843137
243 0.647058823529
487 0.643137254902
552 0.576470588235
578 0.694117647059
606 0.713725490196
669 0.670588235294
738 0.682352941176
771 0.760784313725
799 0.780392156863
818 0.780392156863
870 0.635294117647
930 0.686274509804
983 0.745098039216
1009 0.835294117647
1138 0.6
1174 0.592156862745
1197 0.596078431373
1229 0.482352941176
1267 0.552941176471
1309 0.611764705882
1355 0.619607843137
1403 0.564705882353
1499 0.541176470588
1549 0.498039215686
1595 0.482352941176
1635 0.521568627451
1664 0.58431372549
1698 0.58431372549
1725 0.572549019608
1748 0.517647058824
1856 0.549019607843
1906 0.572549019608
1933 0.647058823529
1964 0.662745098039
1993 0.564705882353
2042 0.552941176471
2070 0.545098039216
2095 0.588235294118
2119 0.607843137255
2159 0.56862745098
2179 0.560784313725
2189 0.709803921569
2212 0.447058823529
2237 0.533333333333
2255 0.549019607843
2278 0.541176470588
2298 0.556862745098
18 0.188235294118
23 0.2
58 0.38431372549
62 0.619607843137
85 0.705882352941
91 0.701960784314
109 0.670588235294
142 0.670588235294
269 0.588235294118
300 0.580392156863
382 0.61568627451
488 0.619607843137
516 0.611764705882
553 0.56862745098
579 0.725490196078
607 0.698039215686
633 0.647058823529
739 0.709803921569
772 0.792156862745
800 0.756862745098
819 0.764705882353
841 0.647058823529
871 0.639215686275
899 0.745098039216
931 0.737254901961
984 0.745098039216
1010 0.83137254902
1139 0.427450980392
1198 0.352941176471
1230 0.341176470588
1268 0.317647058824
1310 0.38431372549
1356 0.580392156863
1404 0.588235294118
1453 0.576470588235
1500 0.58431372549
1550 0.525490196078
1596 0.501960784314
1636 0.541176470588
1665 0.576470588235
1699 0.560784313725
1726 0.572549019608
1749 0.517647058824
1774 0.486274509804
1833 0.639215686275
1857 0.588235294118
1880 0.556862745098
1907 0.541176470588
1934 0.61568627451
1965 0.647058823529
1994 0.576470588235
2043 0.564705882353
2071 0.560784313725
2096 0.56862745098
2120 0.662745098039
2139 0.643137254902
2160 0.611764705882
2180 0.61568627451
2190 0.588235294118
2213 0.223529411765
2238 0.533333333333
2256 0.549019607843
2299 0.560784313725
2338 0.552941176471
19 0.188235294118
72 0.682352941176
82 0.709803921569
103 0.682352941176
110 0.701960784314
256 0.6
270 0.576470588235
282 0.592156862745
301 0.588235294118
316 0.552941176471
374 0.596078431373
580 0.752941176471
608 0.729411764706
634 0.6
670 0.572549019608
702 0.564705882353
740 0.63137254902
774 0.698039215686
842 0.61568627451
872 0.690196078431
900 0.76862745098
932 0.725490196078
957 0.792156862745
985 0.776470588235
1011 0.827450980392
1140 0.454901960784
1199 0.603921568627
1231 0.470588235294
1269 0.4
1311 0.458823529412
1357 0.521568627451
1405 0.580392156863
1454 0.619607843137
1501 0.552941176471
1551 0.509803921569
1597 0.533333333333
1637 0.537254901961
1666 0.513725490196
1700 0.529411764706
1727 0.607843137255
1750 0.596078431373
1801 0.701960784314
1834 0.729411764706
1858 0.619607843137
1881 0.6
1908 0.529411764706
1935 0.537254901961
1966 0.607843137255
2017 0.647058823529
2044 0.619607843137
2072 0.603921568627
2097 0.63137254902
2121 0.623529411765
2161 0.654901960784
2181 0.61568627451
2191 0.592156862745
2214 0.101960784314
2223 0.101960784314
2257 0.525490196078
2279 0.701960784314
2300 0.666666666667
2318 0.58431372549
2374 0.501960784314
2392 0.501960784314
2549 0.509803921569
2556 0.564705882353
24 0.223529411765
46 0.647058823529
51 0.639215686275
55 0.760784313725
63 0.38431372549
73 0.580392156863
83 0.658823529412
86 0.686274509804
111 0.725490196078
120 0.705882352941
131 0.674509803922
164 0.603921568627
172 0.61568627451
257 0.619607843137
271 0.588235294118
302 0.572549019608
365 0.560784313725
554 0.588235294118
581 0.690196078431
609 0.639215686275
635 0.611764705882
671 0.6
703 0.576470588235
741 0.611764705882
820 0.596078431373
843 0.619607843137
901 0.705882352941
933 0.756862745098
958 0.788235294118
1012 0.717647058824
1036 0.76862745098
1200 0.756862745098
1232 0.709803921569
1270 0.592156862745
1312 0.56862745098
1406 0.635294117647
1455 0.611764705882
1502 0.533333333333
1552 0.498039215686
1598 0.517647058824
1638 0.549019607843
1701 0.541176470588
1728 0.58431372549
1751 0.588235294118
1775 0.623529411765
1802 0.674509803922
1835 0.650980392157
1859 0.580392156863
1882 0.549019607843
1909 0.513725490196
1936 0.533333333333
1967 0.58431372549
1995 0.549019607843
2018 0.494117647059
2045 0.474509803922
2073 0.592156862745
2122 0.639215686275
2140 0.647058823529
2162 0.63137254902
2202 0.552941176471
2215 0.360784313725
2258 0.407843137255
2280 0.670588235294
2301 0.705882352941
2319 0.572549019608
2339 0.592156862745
2461 0.721568627451
2550 0.537254901961
2557 0.607843137255
2563 0.572549019608
2567 0.549019607843
2584 0.466666666667
2587 0.270588235294
20 0.196078431373
25 0.282352941176
36 0.6
47 0.63137254902
56 0.619607843137
64 0.403921568627
74 0.458823529412
92 0.698039215686
98 0.698039215686
121 0.670588235294
132 0.654901960784
143 0.666666666667
155 0.643137254902
165 0.611764705882
258 0.627450980392
283 0.56862745098
303 0.623529411765
317 0.545098039216
375 0.552941176471
456 0.607843137255
489 0.560784313725
536 0.576470588235
582 0.717647058824
636 0.580392156863
672 0.580392156863
704 0.572549019608
742 0.588235294118
775 0.6
801 0.607843137255
873 0.6
902 0.603921568627
934 0.682352941176
1013 0.639215686275
1037 0.650980392157
1056 0.733333333333
1110 0.752941176471
1141 0.682352941176
1201 0.752941176471
1233 0.764705882353
1271 0.701960784314
1313 0.611764705882
1358 0.611764705882
1456 0.603921568627
1503 0.541176470588
1553 0.490196078431
1599 0.521568627451
1667 0.529411764706
1702 0.545098039216
1729 0.521568627451
1752 0.580392156863
1776 0.619607843137
1860 0.607843137255
1883 0.533333333333
1910 0.494117647059
1937 0.498039215686
1968 0.639215686275
1996 0.556862745098
2019 0.474509803922
2046 0.419607843137
2074 0.588235294118
2098 0.639215686275
2141 0.517647058824
2192 0.61568627451
2239 0.576470588235
2259 0.560784313725
2320 0.556862745098
2340 0.541176470588
2358 0.470588235294
2375 0.580392156863
2411 0.588235294118
2428 0.623529411765
2462 0.650980392157
2476 0.639215686275
2489 0.647058823529
2521 0.772549019608
2568 0.529411764706
2583 0.447058823529
2585 0.411764705882
21 0.203921568627
26 0.376470588235
48 0.635294117647
65 0.639215686275
75 0.776470588235
93 0.698039215686
99 0.666666666667
133 0.709803921569
144 0.701960784314
284 0.635294117647
291 0.627450980392
353 0.580392156863
366 0.556862745098
376 0.549019607843
391 0.627450980392
406 0.658823529412
429 0.650980392157
490 0.611764705882
537 0.63137254902
555 0.603921568627
583 0.619607843137
610 0.647058823529
637 0.56862745098
673 0.576470588235
776 0.670588235294
802 0.666666666667
844 0.56862745098
874 0.623529411765
903 0.639215686275
935 0.643137254902
1057 0.658823529412
1086 0.717647058824
1111 0.701960784314
1202 0.780392156863
1272 0.709803921569
1314 0.705882352941
1359 0.717647058824
1407 0.647058823529
1457 0.552941176471
1504 0.521568627451
1554 0.533333333333
1600 0.549019607843
1639 0.517647058824
1668 0.529411764706
1703 0.592156862745
1730 0.537254901961
1753 0.529411764706
1777 0.580392156863
1803 0.619607843137
1836 0.603921568627
1884 0.525490196078
1911 0.509803921569
1938 0.537254901961
1969 0.61568627451
1997 0.61568627451
2047 0.533333333333
2075 0.576470588235
2099 0.607843137255
2142 0.564705882353
2163 0.490196078431
2203 0.611764705882
2216 0.572549019608
2224 0.564705882353
2240 0.556862745098
2260 0.560784313725
2302 0.529411764706
2321 0.517647058824
2341 0.521568627451
2359 0.498039215686
2376 0.501960784314
2393 0.529411764706
2412 0.564705882353
2429 0.654901960784
2490 0.694117647059
2530 0.854901960784
2535 0.819607843137
37 0.596078431373
49 0.588235294118
52 0.58431372549
59 0.6
94 0.721568627451
100 0.662745098039
112 0.611764705882
122 0.627450980392
145 0.686274509804
304 0.580392156863
318 0.576470588235
392 0.643137254902
407 0.650980392157
430 0.682352941176
457 0.58431372549
491 0.678431372549
611 0.63137254902
638 0.592156862745
674 0.58431372549
705 0.580392156863
904 0.596078431373
959 0.61568627451
986 0.603921568627
1058 0.623529411765
1087 0.650980392157
1175 0.721568627451
1203 0.741176470588
1315 0.698039215686
1408 0.572549019608
1458 0.509803921569
1505 0.545098039216
1555 0.525490196078
1601 0.537254901961
1640 0.509803921569
1669 0.494117647059
1704 0.525490196078
1754 0.525490196078
1778 0.549019607843
1804 0.556862745098
1837 0.533333333333
1861 0.521568627451
1939 0.552941176471
1970 0.556862745098
1998 0.552941176471
2020 0.572549019608
2048 0.560784313725
2076 0.564705882353
2100 0.525490196078
2123 0.552941176471
2164 0.517647058824
2193 0.556862745098
2204 0.572549019608
2217 0.537254901961
2225 0.552941176471
2241 0.56862745098
2261 0.549019607843
2281 0.521568627451
2303 0.533333333333
2322 0.576470588235
2342 0.533333333333
2394 0.490196078431
2413 0.58431372549
2430 0.607843137255
38 0.576470588235
50 0.572549019608
60 0.596078431373
66 0.61568627451
95 0.682352941176
113 0.627450980392
156 0.635294117647
203 0.560784313725
220 0.549019607843
305 0.560784313725
319 0.580392156863
393 0.725490196078
408 0.701960784314
431 0.654901960784
458 0.58431372549
492 0.611764705882
556 0.592156862745
584 0.623529411765
675 0.698039215686
706 0.666666666667
743 0.705882352941
875 0.658823529412
905 0.588235294118
960 0.639215686275
1204 0.650980392157
1234 0.686274509804
1409 0.498039215686
1459 0.498039215686
1506 0.521568627451
1556 0.478431372549
1602 0.482352941176
1641 0.505882352941
1670 0.517647058824
1705 0.505882352941
1731 0.454901960784
1779 0.505882352941
1805 0.509803921569
1838 0.474509803922
1862 0.494117647059
1885 0.580392156863
1912 0.58431372549
1940 0.537254901961
1971 0.580392156863
1999 0.517647058824
2021 0.470588235294
2049 0.521568627451
2077 0.603921568627
2101 0.521568627451
2143 0.549019607843
2165 0.541176470588
2194 0.537254901961
2205 0.564705882353
2226 0.529411764706
2242 0.552941176471
2262 0.56862745098
2282 0.533333333333
2324 0.545098039216
2343 0.560784313725
2477 0.721568627451
29 0.607843137255
76 0.63137254902
114 0.619607843137
123 0.623529411765
146 0.619607843137
157 0.592156862745
166 0.596078431373
204 0.580392156863
221 0.556862745098
272 0.713725490196
285 0.741176470588
306 0.6
320 0.56862745098
337 0.58431372549
383 0.592156862745
394 0.662745098039
409 0.725490196078
432 0.713725490196
459 0.603921568627
557 0.627450980392
585 0.588235294118
639 0.619607843137
744 0.796078431373
777 0.803921568627
906 0.588235294118
936 0.592156862745
1088 0.58431372549
1112 0.603921568627
1360 0.56862745098
1410 0.450980392157
1460 0.537254901961
1507 0.560784313725
1557 0.517647058824
1603 0.486274509804
1642 0.533333333333
1671 0.498039215686
1706 0.470588235294
1755 0.462745098039
1780 0.529411764706
1806 0.556862745098
1839 0.509803921569
1863 0.494117647059
1913 0.580392156863
1941 0.521568627451
1972 0.545098039216
2022 0.454901960784
2050 0.478431372549
2078 0.501960784314
2102 0.529411764706
2124 0.549019607843
2144 0.552941176471
2166 0.58431372549
2182 0.552941176471
2195 0.556862745098
2218 0.552941176471
2227 0.560784313725
2243 0.556862745098
2263 0.560784313725
2283 0.564705882353
2304 0.556862745098
2325 0.513725490196
2478 0.8
2491 0.690196078431
2536 0.635294117647
27 0.627450980392
39 0.549019607843
53 0.545098039216
67 0.592156862745
77 0.58431372549
104 0.650980392157
124 0.588235294118
134 0.650980392157
173 0.576470588235
184 0.596078431373
205 0.619607843137
222 0.596078431373
321 0.525490196078
338 0.533333333333
384 0.545098039216
395 0.592156862745
410 0.603921568627
460 0.6
612 0.619607843137
640 0.623529411765
707 0.682352941176
821 0.619607843137
845 0.705882352941
876 0.686274509804
907 0.607843137255
937 0.603921568627
1038 0.61568627451
1059 0.647058823529
1113 0.603921568627
1235 0.650980392157
1361 0.541176470588
1411 0.450980392157
1461 0.556862745098
1508 0.643137254902
1558 0.596078431373
1604 0.533333333333
1643 0.525490196078
1672 0.533333333333
1732 0.513725490196
1781 0.466666666667
1807 0.513725490196
1864 0.513725490196
1886 0.513725490196
1914 0.505882352941
1942 0.521568627451
1973 0.556862745098
2000 0.537254901961
2023 0.513725490196
2051 0.494117647059
2079 0.529411764706
2103 0.537254901961
2125 0.533333333333
2145 0.533333333333
2167 0.549019607843
2183 0.533333333333
2196 0.541176470588
2206 0.529411764706
2219 0.533333333333
2228 0.560784313725
2264 0.56862745098
2305 0.525490196078
2344 0.537254901961
2360 0.549019607843
2377 0.556862745098
2395 0.556862745098
2414 0.58431372549
2431 0.658823529412
2445 0.749019607843
2463 0.745098039216
54 0.533333333333
57 0.537254901961
68 0.580392156863
101 0.596078431373
174 0.61568627451
185 0.678431372549
206 0.690196078431
223 0.705882352941
244 0.639215686275
259 0.647058823529
273 0.635294117647
292 0.541176470588
322 0.560784313725
339 0.513725490196
354 0.486274509804
385 0.474509803922
396 0.38431372549
411 0.462745098039
461 0.56862745098
493 0.603921568627
517 0.682352941176
538 0.603921568627
558 0.588235294118
708 0.635294117647
745 0.611764705882
803 0.690196078431
822 0.643137254902
846 0.596078431373
987 0.607843137255
1039 0.580392156863
1060 0.6
1142 0.607843137255
1462 0.525490196078
1509 0.619607843137
1559 0.572549019608
1605 0.541176470588
1644 0.572549019608
1673 0.56862745098
1707 0.529411764706
1733 0.521568627451
1756 0.458823529412
1782 0.494117647059
1808 0.505882352941
1865 0.498039215686
1887 0.517647058824
1915 0.525490196078
1943 0.525490196078
1974 0.533333333333
2024 0.486274509804
2052 0.498039215686
2080 0.537254901961
2104 0.537254901961
2126 0.525490196078
2146 0.529411764706
2168 0.501960784314
2184 0.537254901961
2197 0.576470588235
2220 0.549019607843
2229 0.549019607843
2244 0.623529411765
2265 0.560784313725
2284 0.56862745098
2306 0.564705882353
2345 0.537254901961
2361 0.580392156863
2378 0.58431372549
2396 0.576470588235
2446 0.760784313725
2464 0.756862745098
2479 0.741176470588
2492 0.866666666667
2505 0.76862745098
158 0.560784313725
167 0.564705882353
186 0.643137254902
207 0.701960784314
224 0.670588235294
245 0.596078431373
260 0.627450980392
274 0.650980392157
286 0.607843137255
293 0.470588235294
307 0.462745098039
323 0.537254901961
340 0.552941176471
397 0.18431372549
412 0.192156862745
433 0.227450980392
518 0.611764705882
539 0.596078431373
559 0.564705882353
676 0.572549019608
709 0.666666666667
746 0.607843137255
778 0.596078431373
804 0.596078431373
823 0.588235294118
877 0.627450980392
908 0.643137254902
961 0.619607843137
1014 0.592156862745
1040 0.580392156863
1143 0.611764705882
1176 0.611764705882
1273 0.552941176471
1316 0.549019607843
1510 0.588235294118
1560 0.576470588235
1606 0.533333333333
1645 0.576470588235
1674 0.552941176471
1708 0.549019607843
1734 0.56862745098
1809 0.490196078431
1866 0.486274509804
1888 0.494117647059
1916 0.505882352941
1944 0.486274509804
1975 0.490196078431
2001 0.513725490196
2025 0.525490196078
2053 0.509803921569
2105 0.529411764706
2127 0.525490196078
2147 0.545098039216
2169 0.533333333333
2198 0.552941176471
2207 0.552941176471
2221 0.560784313725
2230 0.549019607843
2266 0.580392156863
2285 0.549019607843
2326 0.525490196078
2346 0.580392156863
2362 0.61568627451
2379 0.627450980392
2397 0.580392156863
2447 0.592156862745
2465 0.635294117647
2480 0.588235294118
2493 0.494117647059
2506 0.388235294118
2531 0.290196078431
2537 0.243137254902
40 0.294117647059
135 0.560784313725
147 0.607843137255
159 0.607843137255
168 0.592156862745
175 0.611764705882
187 0.643137254902
208 0.647058823529
225 0.556862745098
246 0.490196078431
261 0.505882352941
275 0.545098039216
294 0.486274509804
324 0.556862745098
341 0.56862745098
386 0.321568627451
398 0.176470588235
413 0.164705882353
434 0.18431372549
540 0.619607843137
560 0.556862745098
586 0.552941176471
641 0.556862745098
677 0.572549019608
710 0.674509803922
747 0.686274509804
779 0.627450980392
847 0.56862745098
909 0.6
1015 0.588235294118
1041 0.670588235294
1061 0.709803921569
1317 0.607843137255
1362 0.580392156863
1412 0.549019607843
1463 0.537254901961
1511 0.525490196078
1561 0.545098039216
1607 0.549019607843
1646 0.541176470588
1675 0.517647058824
1709 0.533333333333
1783 0.478431372549
1889 0.482352941176
1917 0.482352941176
1945 0.494117647059
1976 0.490196078431
2026 0.498039215686
2170 0.529411764706
2327 0.572549019608
2380 0.623529411765
2398 0.560784313725
2415 0.56862745098
2432 0.470588235294
2538 0.0588235294118
2543 0.2
30 0.494117647059
41 0.23137254902
136 0.513725490196
148 0.505882352941
160 0.490196078431
169 0.556862745098
176 0.58431372549
188 0.576470588235
209 0.533333333333
226 0.427450980392
247 0.419607843137
262 0.458823529412
276 0.490196078431
287 0.498039215686
295 0.517647058824
308 0.498039215686
325 0.541176470588
387 0.443137254902
399 0.239215686275
414 0.160784313725
435 0.21568627451
462 0.388235294118
494 0.462745098039
541 0.611764705882
561 0.572549019608
587 0.576470588235
642 0.592156862745
678 0.596078431373
711 0.63137254902
748 0.619607843137
780 0.666666666667
824 0.666666666667
848 0.580392156863
1016 0.588235294118
1512 0.580392156863
1562 0.611764705882
1608 0.556862745098
1647 0.501960784314
1676 0.509803921569
1710 0.501960784314
1757 0.537254901961
1784 0.486274509804
1810 0.517647058824
1840 0.560784313725
1890 0.509803921569
1918 0.517647058824
1946 0.552941176471
2286 0.56862745098
2307 0.560784313725
2328 0.603921568627
2363 0.4
2381 0.282352941176
2399 0.21568627451
2416 0.160784313725
2433 0.0901960784314
2448 0.0627450980392
2481 0.0470588235294
2494 0.043137254902
2544 0.0549019607843
125 0.533333333333
137 0.376470588235
149 0.423529411765
177 0.541176470588
189 0.450980392157
210 0.427450980392
227 0.38431372549
248 0.423529411765
263 0.376470588235
288 0.360784313725
296 0.337254901961
309 0.454901960784
326 0.533333333333
342 0.337254901961
355 0.337254901961
367 0.564705882353
377 0.576470588235
415 0.21568627451
436 0.243137254902
463 0.294117647059
495 0.360784313725
519 0.411764705882
542 0.521568627451
562 0.560784313725
588 0.58431372549
679 0.654901960784
849 0.572549019608
878 0.592156862745
938 0.588235294118
962 0.517647058824
1413 0.572549019608
1464 0.670588235294
1563 0.549019607843
1609 0.509803921569
1648 0.486274509804
1677 0.509803921569
1785 0.427450980392
1811 0.498039215686
1841 0.572549019608
1891 0.596078431373
1947 0.576470588235
2231 0.525490196078
2245 0.529411764706
2267 0.454901960784
2287 0.537254901961
2308 0.439215686275
2329 0.262745098039
2347 0.129411764706
2364 0.078431372549
2382 0.0627450980392
2400 0.0627450980392
2417 0.0627450980392
2434 0.0588235294118
2449 0.0549019607843
2466 0.043137254902
2482 0.043137254902
2495 0.043137254902
2507 0.043137254902
31 0.650980392157
42 0.564705882353
126 0.454901960784
138 0.345098039216
150 0.443137254902
161 0.517647058824
190 0.423529411765
211 0.376470588235
228 0.376470588235
249 0.454901960784
277 0.258823529412
289 0.439215686275
297 0.364705882353
310 0.282352941176
327 0.43137254902
343 0.388235294118
356 0.321568627451
368 0.576470588235
378 0.603921568627
437 0.247058823529
464 0.294117647059
496 0.454901960784
520 0.341176470588
543 0.486274509804
563 0.545098039216
589 0.556862745098
680 0.603921568627
879 0.627450980392
910 0.670588235294
1363 0.509803921569
1414 0.549019607843
1465 0.686274509804
1564 0.537254901961
1610 0.494117647059
1649 0.482352941176
1711 0.498039215686
1758 0.41568627451
1786 0.298039215686
1812 0.454901960784
1842 0.560784313725
1867 0.63137254902
1892 0.596078431373
1919 0.505882352941
1948 0.541176470588
1977 0.549019607843
2002 0.545098039216
2232 0.443137254902
2246 0.337254901961
2268 0.18431372549
2288 0.164705882353
2309 0.0901960784314
2330 0.0705882352941
2348 0.0588235294118
2365 0.0549019607843
2383 0.0509803921569
2401 0.0509803921569
2418 0.0470588235294
2450 0.043137254902
2467 0.043137254902
2483 0.043137254902
2496 0.0392156862745
2508 0.0392156862745
32 0.611764705882
43 0.607843137255
139 0.349019607843
151 0.458823529412
162 0.560784313725
170 0.521568627451
191 0.380392156863
229 0.250980392157
250 0.337254901961
264 0.266666666667
298 0.443137254902
311 0.337254901961
328 0.250980392157
344 0.372549019608
357 0.325490196078
369 0.392156862745
379 0.505882352941
416 0.435294117647
438 0.474509803922
465 0.545098039216
497 0.560784313725
521 0.407843137255
544 0.407843137255
590 0.580392156863
681 0.58431372549
749 0.639215686275
781 0.662745098039
880 0.670588235294
911 0.662745098039
1274 0.494117647059
1364 0.494117647059
1415 0.494117647059
1466 0.603921568627
1513 0.580392156863
1565 0.486274509804
1611 0.462745098039
1712 0.501960784314
1735 0.494117647059
1759 0.41568627451
1787 0.152941176471
1813 0.317647058824
1843 0.549019607843
1868 0.564705882353
1949 0.556862745098
1978 0.552941176471
2003 0.549019607843
2247 0.078431372549
2269 0.0666666666667
2289 0.0627450980392
2310 0.0549019607843
2331 0.0549019607843
2349 0.0509803921569
2366 0.0470588235294
2384 0.0470588235294
2402 0.043137254902
2419 0.043137254902
2435 0.0392156862745
2451 0.0352941176471
2468 0.0352941176471
2484 0.0392156862745
2497 0.0392156862745
2509 0.0352941176471
2522 0.0352941176471
2551 0.0274509803922
2558 0.0274509803922
230 0.16862745098
251 0.164705882353
299 0.258823529412
312 0.258823529412
329 0.180392156863
345 0.164705882353
466 0.478431372549
498 0.482352941176
522 0.443137254902
591 0.63137254902
613 0.580392156863
643 0.588235294118
1275 0.470588235294
1318 0.482352941176
1365 0.572549019608
1416 0.529411764706
1514 0.556862745098
1566 0.494117647059
1612 0.450980392157
1736 0.525490196078
1760 0.282352941176
1788 0.262745098039
1814 0.337254901961
1844 0.43137254902
1920 0.517647058824
1950 0.513725490196
1979 0.533333333333
2004 0.545098039216
2106 0.509803921569
2270 0.0588235294118
2290 0.0549019607843
2311 0.0509803921569
2332 0.0470588235294
2350 0.0470588235294
2367 0.0470588235294
2385 0.0470588235294
2403 0.043137254902
2436 0.0392156862745
2452 0.0352941176471
2510 0.0352941176471
2523 0.0392156862745
2552 0.0274509803922
2559 0.0274509803922
2564 0.0352941176471
2573 0.0352941176471
152 0.164705882353
163 0.16862745098
178 0.156862745098
192 0.156862745098
417 0.141176470588
467 0.223529411765
499 0.266666666667
523 0.270588235294
592 0.521568627451
614 0.572549019608
644 0.537254901961
1144 0.61568627451
1319 0.533333333333
1417 0.537254901961
1467 0.537254901961
1515 0.6
1567 0.56862745098
1678 0.43137254902
1815 0.537254901961
1845 0.564705882353
1921 0.545098039216
1951 0.545098039216
1980 0.513725490196
2005 0.501960784314
2081 0.294117647059
2107 0.180392156863
2248 0.0588235294118
2271 0.0549019607843
2291 0.0509803921569
2312 0.0470588235294
2351 0.0470588235294
2368 0.043137254902
2386 0.043137254902
2404 0.043137254902
2420 0.043137254902
2437 0.0392156862745
2453 0.0352941176471
2469 0.0352941176471
2485 0.0352941176471
2498 0.0313725490196
2511 0.0352941176471
2524 0.0392156862745
2553 0.0313725490196
2560 0.0313725490196
2574 0.0313725490196
439 0.133333333333
468 0.133333333333
500 0.137254901961
524 0.137254901961
615 0.580392156863
645 0.529411764706
782 0.650980392157
1236 0.407843137255
1276 0.462745098039
1320 0.647058823529
1418 0.537254901961
1468 0.498039215686
1516 0.607843137255
1568 0.549019607843
1613 0.509803921569
1650 0.521568627451
1679 0.462745098039
1713 0.462745098039
1761 0.345098039216
1816 0.686274509804
1869 0.627450980392
1893 0.698039215686
1922 0.639215686275
1952 0.545098039216
1981 0.474509803922
2006 0.321568627451
2027 0.196078431373
2233 0.0549019607843
2272 0.0509803921569
2292 0.0470588235294
2333 0.0470588235294
2369 0.043137254902
2387 0.043137254902
2405 0.043137254902
2421 0.0392156862745
2438 0.0352941176471
2454 0.0392156862745
2486 0.0274509803922
2499 0.0274509803922
2512 0.0352941176471
2554 0.0235294117647
2561 0.0274509803922
2565 0.0313725490196
2586 0.0235294117647
2588 0.0196078431373
2590 0.0196078431373
179 0.329411764706
440 0.129411764706
469 0.125490196078
501 0.117647058824
525 0.125490196078
616 0.517647058824
646 0.537254901961
682 0.576470588235
1237 0.435294117647
1277 0.533333333333
1419 0.450980392157
1469 0.470588235294
1517 0.466666666667
1569 0.466666666667
1614 0.58431372549
1651 0.513725490196
1680 0.462745098039
1714 0.478431372549
1762 0.223529411765
1789 0.596078431373
1817 0.772549019608
1846 0.701960784314
1870 0.682352941176
1894 0.705882352941
1953 0.435294117647
1982 0.219607843137
2028 0.0705882352941
2054 0.0666666666667
2148 0.0509803921569
2234 0.0549019607843
2406 0.0352941176471
2422 0.0352941176471
2439 0.043137254902
2455 0.0352941176471
2470 0.0392156862745
2487 0.0392156862745
2562 0.0274509803922
2566 0.0274509803922
2589 0.0196078431373
180 0.380392156863
193 0.18431372549
441 0.121568627451
593 0.176470588235
647 0.454901960784
1064 0.588235294118
1238 0.498039215686
1278 0.588235294118
1366 0.509803921569
1420 0.482352941176
1470 0.458823529412
1518 0.454901960784
1570 0.376470588235
1615 0.396078431373
1652 0.254901960784
1681 0.196078431373
1715 0.309803921569
1737 0.219607843137
1763 0.121568627451
1818 0.745098039216
1847 0.756862745098
1923 0.4
1983 0.078431372549
2007 0.0705882352941
2029 0.0588235294118
2055 0.0549019607843
2082 0.0509803921569
2149 0.0509803921569
2388 0.0509803921569
2407 0.0352941176471
2423 0.0313725490196
2440 0.043137254902
2456 0.0352941176471
2471 0.0274509803922
2488 0.0274509803922
2525 0.0313725490196
2539 0.0274509803922
313 0.541176470588
330 0.556862745098
617 0.137254901961
1239 0.509803921569
1279 0.588235294118
1321 0.560784313725
1367 0.552941176471
1421 0.525490196078
1471 0.478431372549
1519 0.482352941176
1571 0.36862745098
1653 0.2
1716 0.411764705882
1738 0.517647058824
1790 0.2
1819 0.474509803922
1848 0.666666666667
1871 0.556862745098
1895 0.274509803922
1924 0.105882352941
1954 0.078431372549
1984 0.0705882352941
2008 0.0705882352941
2030 0.0588235294118
2056 0.0549019607843
2083 0.0470588235294
2249 0.0470588235294
2273 0.0509803921569
2293 0.0549019607843
2389 0.043137254902
2408 0.0392156862745
2424 0.0392156862745
2441 0.0313725490196
2457 0.0313725490196
2472 0.0274509803922
2500 0.0352941176471
2513 0.0235294117647
2532 0.0235294117647
231 0.396078431373
314 0.541176470588
331 0.521568627451
358 0.407843137255
400 0.113725490196
526 0.537254901961
618 0.250980392157
648 0.21568627451
683 0.396078431373
712 0.603921568627
750 0.572549019608
1240 0.525490196078
1322 0.549019607843
1368 0.556862745098
1422 0.537254901961
1520 0.490196078431
1572 0.38431372549
1616 0.376470588235
1654 0.341176470588
1682 0.439215686275
1764 0.61568627451
1791 0.482352941176
1820 0.258823529412
1849 0.333333333333
1872 0.176470588235
1896 0.078431372549
1925 0.0666666666667
1955 0.0588235294118
2009 0.0588235294118
2031 0.0588235294118
2057 0.0509803921569
2084 0.0470588235294
2250 0.0470588235294
2274 0.0549019607843
2294 0.0470588235294
2313 0.0549019607843
2334 0.043137254902
2352 0.0549019607843
2370 0.043137254902
2390 0.0392156862745
2409 0.0392156862745
2425 0.0392156862745
2442 0.0352941176471
2458 0.0313725490196
2473 0.0274509803922
2501 0.0352941176471
2514 0.0274509803922
2540 0.0196078431373
2569 0.0274509803922
2575 0.0274509803922
194 0.309803921569
212 0.466666666667
315 0.517647058824
332 0.470588235294
388 0.219607843137
401 0.137254901961
418 0.117647058824
442 0.109803921569
545 0.627450980392
564 0.678431372549
594 0.674509803922
619 0.556862745098
649 0.435294117647
684 0.490196078431
713 0.521568627451
751 0.364705882353
1369 0.513725490196
1423 0.470588235294
1472 0.498039215686
1573 0.38431372549
1617 0.490196078431
1655 0.486274509804
1683 0.537254901961
1739 0.627450980392
1765 0.611764705882
1792 0.580392156863
1821 0.317647058824
1850 0.0862745098039
1873 0.078431372549
1897 0.0627450980392
1926 0.0588235294118
1956 0.0588235294118
1985 0.0549019607843
2010 0.0549019607843
2032 0.0549019607843
2058 0.0509803921569
2185 0.0392156862745
2208 0.0313725490196
2275 0.0745098039216
2295 0.0392156862745
2314 0.0392156862745
2335 0.0352941176471
2353 0.043137254902
2371 0.0392156862745
2391 0.043137254902
2410 0.0392156862745
2426 0.0352941176471
2443 0.0352941176471
2459 0.0313725490196
2474 0.0274509803922
2502 0.0235294117647
2570 0.0274509803922
2576 0.0274509803922
2580 0.0274509803922
2582 0.0274509803922
195 0.423529411765
380 0.466666666667
389 0.482352941176
402 0.235294117647
419 0.125490196078
443 0.105882352941
470 0.109803921569
502 0.109803921569
527 0.129411764706
546 0.266666666667
620 0.650980392157
650 0.580392156863
685 0.545098039216
714 0.490196078431
752 0.211764705882
1323 0.521568627451
1424 0.454901960784
1473 0.443137254902
1521 0.423529411765
1574 0.494117647059
1618 0.505882352941
1740 0.619607843137
1766 0.623529411765
1822 0.160784313725
1874 0.0666666666667
1898 0.0627450980392
1927 0.0549019607843
1957 0.0627450980392
1986 0.0588235294118
2011 0.0509803921569
2033 0.0470588235294
2059 0.043137254902
2171 0.043137254902
2209 0.0313725490196
2222 0.0313725490196
2276 0.0392156862745
2296 0.0352941176471
2315 0.0313725490196
2336 0.0313725490196
2354 0.0352941176471
2427 0.043137254902
2444 0.0352941176471
2460 0.0313725490196
2475 0.0352941176471
2515 0.0235294117647
2526 0.0235294117647
2571 0.0235294117647
2577 0.0235294117647
359 0.447058823529
390 0.572549019608
403 0.364705882353
420 0.129411764706
444 0.101960784314
471 0.109803921569
503 0.101960784314
528 0.109803921569
565 0.180392156863
595 0.376470588235
621 0.572549019608
651 0.56862745098
686 0.537254901961
715 0.352941176471
753 0.125490196078
1241 0.545098039216
1324 0.498039215686
1370 0.458823529412
1425 0.43137254902
1474 0.396078431373
1522 0.435294117647
1575 0.454901960784
1619 0.313725490196
1684 0.505882352941
1741 0.56862745098
1899 0.0549019607843
1928 0.0509803921569
1958 0.0509803921569
1987 0.0549019607843
2034 0.0549019607843
2060 0.043137254902
2085 0.0549019607843
2199 0.0392156862745
2210 0.0352941176471
2277 0.0352941176471
2297 0.0313725490196
2316 0.0313725490196
2337 0.0313725490196
2355 0.0313725490196
2372 0.0274509803922
2516 0.0274509803922
2527 0.0235294117647
2572 0.0235294117647
2578 0.0235294117647
2581 0.0235294117647
232 0.576470588235
333 0.580392156863
346 0.392156862745
360 0.227450980392
404 0.18431372549
421 0.105882352941
445 0.0980392156863
472 0.0980392156863
529 0.101960784314
566 0.105882352941
596 0.125490196078
622 0.223529411765
652 0.4
687 0.439215686275
716 0.180392156863
754 0.109803921569
1205 0.552941176471
1242 0.498039215686
1280 0.439215686275
1371 0.380392156863
1426 0.403921568627
1475 0.41568627451
1620 0.250980392157
1742 0.317647058824
1767 0.125490196078
1793 0.078431372549
2035 0.0470588235294
2061 0.0470588235294
2086 0.043137254902
2108 0.0352941176471
2317 0.0313725490196
2356 0.0392156862745
2373 0.0235294117647
2503 0.0274509803922
2517 0.0235294117647
2545 0.0274509803922
2579 0.0274509803922
213 0.603921568627
422 0.0980392156863
446 0.0941176470588
473 0.0941176470588
567 0.0941176470588
597 0.109803921569
623 0.113725490196
653 0.121568627451
688 0.160784313725
717 0.109803921569
1206 0.529411764706
1243 0.396078431373
1325 0.243137254902
1372 0.227450980392
1476 0.38431372549
1523 0.388235294118
1576 0.403921568627
1717 0.113725490196
1794 0.0666666666667
1823 0.0588235294118
1851 0.0549019607843
1875 0.0470588235294
1900 0.0470588235294
1988 0.0470588235294
2012 0.0470588235294
2036 0.043137254902
2062 0.0470588235294
2087 0.043137254902
2109 0.0392156862745
2128 0.0392156862745
2150 0.0470588235294
2251 0.0313725490196
773 0.0274509803922
2357 0.0274509803922
2518 0.0235294117647
2541 0.0313725490196
2546 0.0274509803922
181 0.592156862745
196 0.580392156863
214 0.572549019608
423 0.0941176470588
474 0.0901960784314
504 0.0941176470588
624 0.113725490196
689 0.0941176470588
718 0.0980392156863
1244 0.23137254902
1373 0.129411764706
1477 0.286274509804
1524 0.266666666667
1577 0.325490196078
1621 0.203921568627
1685 0.0745098039216
1718 0.0745098039216
1795 0.0627450980392
1824 0.0588235294118
1876 0.0470588235294
1901 0.0549019607843
1929 0.043137254902
1959 0.0470588235294
1989 0.043137254902
2013 0.043137254902
2037 0.0470588235294
2063 0.0392156862745
2088 0.0392156862745
2110 0.043137254902
2129 0.0392156862745
2172 0.0549019607843
2252 0.0313725490196
2528 0.0196078431373
2533 0.0235294117647
2542 0.0196078431373
2547 0.0196078431373
2555 0.0274509803922
197 0.490196078431
233 0.560784313725
405 0.0980392156863
424 0.0941176470588
447 0.0901960784314
475 0.0901960784314
505 0.0941176470588
625 0.0901960784314
654 0.0862745098039
719 0.152941176471
1578 0.156862745098
1852 0.0509803921569
1877 0.0470588235294
1902 0.0509803921569
1930 0.0470588235294
1960 0.0588235294118
1990 0.043137254902
2014 0.0352941176471
2038 0.0392156862745
2064 0.0392156862745
2089 0.0392156862745
2111 0.0392156862745
2130 0.0352941176471
2151 0.0392156862745
2173 0.0470588235294
2529 0.0196078431373
2534 0.0235294117647
2548 0.0196078431373
234 0.56862745098
252 0.549019607843
448 0.0941176470588
476 0.0941176470588
506 0.0941176470588
1114 0.494117647059
1281 0.525490196078
1326 0.549019607843
1374 0.407843137255
1622 0.0745098039216
1686 0.0627450980392
1768 0.0549019607843
1796 0.0509803921569
1825 0.0509803921569
1961 0.0470588235294
2015 0.043137254902
2039 0.043137254902
2065 0.0352941176471
2090 0.0313725490196
2112 0.0313725490196
2131 0.043137254902
2152 0.0392156862745
2174 0.0352941176471
2186 0.0352941176471
425 0.0901960784314
449 0.0901960784314
477 0.0901960784314
530 0.0901960784314
547 0.0901960784314
1145 0.498039215686
1327 0.439215686275
1375 0.341176470588
1687 0.0627450980392
1719 0.0588235294118
1826 0.0470588235294
1991 0.043137254902
2066 0.0352941176471
2091 0.0352941176471
2113 0.0352941176471
2132 0.0509803921569
2153 0.0470588235294
2175 0.0352941176471
2187 0.0313725490196
2200 0.0352941176471
2597 0.0117647058824
235 0.313725490196
450 0.0941176470588
478 0.0941176470588
507 0.0941176470588
531 0.0901960784314
548 0.0901960784314
850 0.078431372549
881 0.0745098039216
1062 0.121568627451
1089 0.305882352941
1797 0.0470588235294
1827 0.043137254902
2133 0.0588235294118
2154 0.0509803921569
2176 0.0392156862745
2594 0.0156862745098
2596 0.0156862745098
2598 0.0117647058824
236 0.137254901961
253 0.129411764706
451 0.0941176470588
479 0.0941176470588
508 0.0941176470588
532 0.0901960784314
598 0.0862745098039
825 0.0745098039216
851 0.0823529411765
882 0.0823529411765
1063 0.0823529411765
1090 0.105882352941
1115 0.239215686275
1146 0.435294117647
1828 0.0509803921569
2114 0.0352941176471
2134 0.0392156862745
2519 0.0196078431373
2591 0.0196078431373
2593 0.0196078431373
2595 0.0196078431373
480 0.0980392156863
568 0.0823529411765
599 0.0862745098039
655 0.0901960784314
720 0.0862745098039
795 0.078431372549
826 0.0745098039216
883 0.078431372549
1065 0.0705882352941
1116 0.0823529411765
1147 0.113725490196
2504 0.0196078431373
2520 0.0196078431373
2592 0.0156862745098
481 0.0941176470588
509 0.0941176470588
569 0.0862745098039
721 0.0901960784314
755 0.0823529411765
1282 0.807843137255
1328 0.662745098039
1376 0.666666666667
1525 0.101960784314
1688 0.0588235294118
1829 0.043137254902
1853 0.043137254902
237 0.109803921569
452 0.101960784314
482 0.109803921569
510 0.109803921569
570 0.117647058824
722 0.0980392156863
884 0.0705882352941
1148 0.0705882352941
1283 0.635294117647
1329 0.541176470588
1377 0.443137254902
1427 0.282352941176
1830 0.043137254902
2115 0.0313725490196
2135 0.0313725490196
215 0.105882352941
238 0.109803921569
453 0.21568627451
483 0.21568627451
511 0.149019607843
533 0.101960784314
571 0.254901960784
1017 0.0627450980392
1042 0.0588235294118
1066 0.0588235294118
1149 0.0666666666667
1177 0.0705882352941
1284 0.270588235294
1330 0.282352941176
1378 0.18431372549
1428 0.109803921569
1526 0.0745098039216
1579 0.0745098039216
2116 0.0274509803922
2136 0.0274509803922
216 0.105882352941
239 0.105882352941
572 0.305882352941
656 0.341176470588
690 0.192156862745
1018 0.0666666666667
1285 0.0705882352941
1331 0.078431372549
1379 0.0745098039216
1429 0.0745098039216
1478 0.0745098039216
1527 0.0745098039216
2155 0.0274509803922
2235 0.0196078431373
2253 0.0235294117647
198 0.105882352941
347 0.0980392156863
361 0.0941176470588
512 0.576470588235
534 0.513725490196
573 0.356862745098
600 0.423529411765
1286 0.0588235294118
1332 0.0666666666667
1380 0.121568627451
1430 0.078431372549
1580 0.125490196078
1623 0.121568627451
2156 0.0235294117647
2254 0.0235294117647
265 0.0941176470588
348 0.0941176470588
484 0.203921568627
513 0.286274509804
601 0.411764705882
723 0.439215686275
852 0.0627450980392
885 0.0666666666667
1207 0.0588235294118
1245 0.0588235294118
1333 0.0549019607843
1381 0.133333333333
1431 0.113725490196
1479 0.0666666666667
1528 0.117647058824
1581 0.219607843137
1624 0.376470588235
278 0.0901960784314
514 0.196078431373
626 0.443137254902
657 0.423529411765
691 0.227450980392
724 0.392156862745
756 0.396078431373
783 0.117647058824
853 0.0588235294118
886 0.0588235294118
912 0.0627450980392
939 0.0705882352941
1208 0.0588235294118
1246 0.0549019607843
1287 0.0470588235294
1334 0.0470588235294
1480 0.0627450980392
1529 0.0980392156863
1582 0.156862745098
266 0.0901960784314
485 0.23137254902
549 0.0941176470588
574 0.105882352941
602 0.137254901961
725 0.141176470588
757 0.18431372549
784 0.105882352941
805 0.0666666666667
827 0.0627450980392
854 0.0588235294118
913 0.0588235294118
940 0.0627450980392
1247 0.0470588235294
1288 0.0470588235294
1335 0.0470588235294
1382 0.0470588235294
1432 0.0509803921569
1481 0.109803921569
1530 0.152941176471
1583 0.0901960784314
349 0.0901960784314
362 0.0941176470588
535 0.0862745098039
550 0.0901960784314
603 0.0980392156863
658 0.0823529411765
692 0.078431372549
758 0.0705882352941
785 0.0666666666667
806 0.0627450980392
828 0.0627450980392
855 0.0666666666667
887 0.0588235294118
914 0.0705882352941
941 0.0666666666667
963 0.0588235294118
988 0.0666666666667
1248 0.0470588235294
1289 0.043137254902
1336 0.0470588235294
1383 0.0470588235294
1433 0.0470588235294
1482 0.149019607843
1531 0.407843137255
1584 0.352941176471
217 0.101960784314
240 0.101960784314
350 0.0901960784314
363 0.0901960784314
659 0.078431372549
726 0.0745098039216
759 0.0705882352941
786 0.0666666666667
807 0.0627450980392
829 0.0666666666667
856 0.0627450980392
888 0.0588235294118
915 0.0549019607843
942 0.0549019607843
964 0.0588235294118
989 0.0666666666667
1209 0.0470588235294
1249 0.0470588235294
1290 0.0705882352941
1337 0.0666666666667
1384 0.0470588235294
1434 0.043137254902
1483 0.0549019607843
241 0.0980392156863
279 0.0980392156863
660 0.078431372549
727 0.078431372549
760 0.078431372549
787 0.078431372549
808 0.0705882352941
830 0.0745098039216
857 0.0666666666667
889 0.0549019607843
916 0.0588235294118
943 0.0549019607843
965 0.0549019607843
990 0.0549019607843
1019 0.0509803921569
1067 0.0509803921569
1210 0.0470588235294
1291 0.101960784314
1338 0.188235294118
1435 0.043137254902
1484 0.043137254902
267 0.0980392156863
280 0.101960784314
661 0.0823529411765
693 0.0862745098039
728 0.113725490196
761 0.16862745098
809 0.078431372549
831 0.0627450980392
858 0.0549019607843
890 0.0745098039216
917 0.0941176470588
944 0.0666666666667
966 0.0588235294118
991 0.0588235294118
1020 0.0549019607843
1043 0.0509803921569
1068 0.0549019607843
1150 0.0470588235294
1178 0.0470588235294
1211 0.0470588235294
1339 0.113725490196
1385 0.0549019607843
370 0.152941176471
662 0.250980392157
694 0.301960784314
729 0.486274509804
762 0.474509803922
788 0.372549019608
832 0.0666666666667
859 0.0627450980392
891 0.137254901961
918 0.325490196078
945 0.137254901961
967 0.0627450980392
992 0.0627450980392
1044 0.0549019607843
1069 0.0549019607843
1117 0.0470588235294
1151 0.0470588235294
1212 0.0470588235294
1340 0.0470588235294
1386 0.043137254902
364 0.517647058824
371 0.333333333333
695 0.603921568627
730 0.670588235294
763 0.576470588235
833 0.0705882352941
892 0.121568627451
919 0.486274509804
946 0.392156862745
968 0.0941176470588
993 0.0627450980392
1045 0.0509803921569
1070 0.0627450980392
1091 0.0509803921569
1152 0.0549019607843
1179 0.043137254902
1436 0.043137254902
860 0.0627450980392
947 0.466666666667
969 0.341176470588
994 0.078431372549
1071 0.0549019607843
1092 0.0470588235294
1118 0.0470588235294
1153 0.0509803921569
1180 0.043137254902
1213 0.0470588235294
1292 0.043137254902
920 0.078431372549
948 0.137254901961
970 0.239215686275
995 0.0862745098039
1021 0.0470588235294
1093 0.0470588235294
1119 0.0470588235294
1154 0.0470588235294
1181 0.043137254902
1214 0.043137254902
1293 0.043137254902
1341 0.043137254902
426 0.078431372549
921 0.0549019607843
949 0.0509803921569
971 0.0509803921569
996 0.0470588235294
1022 0.0470588235294
1094 0.043137254902
1120 0.0470588235294
1155 0.043137254902
922 0.0509803921569
997 0.043137254902
1023 0.043137254902
1156 0.0392156862745
1182 0.0392156862745
1215 0.0352941176471
1250 0.0352941176471
1387 0.0392156862745
1437 0.0392156862745
1485 0.0392156862745
1532 0.0392156862745
923 0.0509803921569
1072 0.0392156862745
1251 0.0352941176471
1294 0.0392156862745
1388 0.0509803921569
998 0.0470588235294
1024 0.0470588235294
1046 0.043137254902
1047 0.043137254902
1073 0.0392156862745
1095 0.0352941176471
1121 0.0352941176471
1183 0.0470588235294
